0 0.30208333333333337 0.1921875 0.09583333333333334 0.08229166666666667
0 0.4791666666666667 0.21510416666666665 0.15 0.053125
0 0.6777777777777778 0.21979166666666666 0.14166666666666666 0.06458333333333333
0 0.49444444444444446 0.2947916666666667 0.1 0.10416666666666667
1 0.34861111111111115 0.2755208333333333 0.06944444444444445 0.051041666666666666
0 0.27083333333333337 0.34791666666666665 0.11388888888888889 0.058333333333333334
0 0.40694444444444444 0.39791666666666664 0.075 0.09583333333333333
0 0.5750000000000001 0.36875 0.12222222222222223 0.06666666666666667
0 0.7708333333333334 0.34322916666666664 0.14722222222222223 0.057291666666666664
0 0.8305555555555556 0.3984375 0.14166666666666666 0.053125
0 0.8381944444444445 0.4453125 0.15694444444444444 0.057291666666666664
0 0.7444444444444445 0.47239583333333335 0.14722222222222223 0.065625
0 0.5256944444444445 0.4270833333333333 0.10694444444444445 0.08333333333333333
0 0.6097222222222223 0.46822916666666664 0.10555555555555556 0.07604166666666666
0 0.55625 0.4953125 0.1375 0.057291666666666664
0 0.65 0.571875 0.13333333333333333 0.06041666666666667
0 0.5375 0.5604166666666667 0.08333333333333334 0.10416666666666667
0 0.275 0.41041666666666665 0.1277777777777778 0.052083333333333336
0 0.13125 0.45260416666666664 0.1375 0.06770833333333333
0 0.34375 0.4713541666666667 0.11527777777777778 0.06145833333333333
1 0.4041666666666667 0.4953125 0.09166666666666667 0.04479166666666667
0 0.23333333333333334 0.5729166666666666 0.14166666666666666 0.05416666666666667
0 0.40625 0.5697916666666667 0.1125 0.0875
0 0.7173611111111111 0.6416666666666666 0.10694444444444445 0.08541666666666667
0 0.7958333333333334 0.7744791666666666 0.07777777777777778 0.09895833333333333
0 0.6805555555555556 0.8411458333333334 0.09722222222222222 0.09479166666666666
0 0.6062500000000001 0.8171875 0.10694444444444445 0.071875
0 0.5465277777777778 0.7630208333333334 0.09861111111111112 0.07604166666666666
0 0.5270833333333333 0.6770833333333334 0.08194444444444444 0.10833333333333334
0 0.4131944444444445 0.7729166666666667 0.11527777777777778 0.1
0 0.43333333333333335 0.6796875 0.10555555555555556 0.08020833333333333
0 0.3701388888888889 0.6708333333333333 0.08750000000000001 0.09166666666666666
0 0.2673611111111111 0.6317708333333333 0.12361111111111112 0.051041666666666666
0 0.28194444444444444 0.7046875 0.09166666666666667 0.10520833333333333
0 0.15486111111111112 0.6671875 0.09305555555555556 0.096875
0 0.17569444444444446 0.78125 0.1125 0.0875
