1 0.7173611111111111 0.11614583333333334 0.05416666666666667 0.042708333333333334
1 0.22916666666666669 0.30833333333333335 0.058333333333333334 0.0375
1 0.6652777777777779 0.45729166666666665 0.075 0.05
1 0.6381944444444445 0.5151041666666667 0.08472222222222223 0.057291666666666664
1 0.5430555555555556 0.5046875 0.06944444444444445 0.04895833333333333
1 0.43125 0.47239583333333335 0.07916666666666666 0.051041666666666666
1 0.2569444444444445 0.4666666666666667 0.058333333333333334 0.041666666666666664
1 0.22291666666666668 0.7145833333333333 0.08472222222222223 0.07708333333333334
1 0.20555555555555557 0.8375 0.05555555555555556 0.07291666666666667
1 0.6125 0.8614583333333333 0.08888888888888889 0.05625
1 0.6604166666666667 0.6921875 0.10972222222222222 0.06145833333333333
1 0.3284722222222222 0.9552083333333333 0.0763888888888889 0.06875
0 0.61875 0.3578125 0.09861111111111112 0.06354166666666666
0 0.40208333333333335 0.09166666666666666 0.08194444444444444 0.10625
0 0.5368055555555555 0.09270833333333334 0.10694444444444445 0.10416666666666667
0 0.5076388888888889 0.2203125 0.13194444444444445 0.08854166666666667
0 0.3090277777777778 0.21979166666666666 0.14305555555555557 0.0625
0 0.3652777777777778 0.3890625 0.09166666666666667 0.121875
0 0.5034722222222222 0.3541666666666667 0.07916666666666666 0.11041666666666666
0 0.7104166666666667 0.3026041666666667 0.07083333333333333 0.10729166666666666
0 0.80625 0.33958333333333335 0.1513888888888889 0.0625
0 0.83125 0.4583333333333333 0.1625 0.0625
0 0.8291666666666667 0.5927083333333333 0.16111111111111112 0.058333333333333334
0 0.8145833333333333 0.7046875 0.14583333333333334 0.078125
0 0.7930555555555556 0.8390624999999999 0.07777777777777778 0.10729166666666666
0 0.5326388888888889 0.6171875 0.09583333333333334 0.109375
0 0.3965277777777778 0.7119791666666666 0.14583333333333334 0.06354166666666666
0 0.5381944444444444 0.7505208333333333 0.09861111111111112 0.11562499999999999
0 0.4465277777777778 0.8963541666666667 0.09861111111111112 0.10729166666666666
0 0.40972222222222227 0.5723958333333333 0.08888888888888889 0.11354166666666667
0 0.25972222222222224 0.5890625 0.09722222222222222 0.10729166666666666
0 0.15416666666666667 0.6046875 0.11666666666666667 0.109375
1 0.68125 0.9421875 0.10694444444444445 0.07395833333333333
