1 0.5458333333333334 0.084375 0.1 0.052083333333333336
1 0.3013888888888889 0.23802083333333332 0.05 0.036458333333333336
1 0.45555555555555555 0.22447916666666667 0.09166666666666667 0.046875
1 0.7840277777777778 0.16302083333333334 0.05694444444444444 0.059375
1 0.9187500000000001 0.5380208333333333 0.06527777777777778 0.051041666666666666
1 0.7493055555555556 0.5682291666666667 0.08750000000000001 0.065625
1 0.3729166666666667 0.32916666666666666 0.0763888888888889 0.0625
1 0.39583333333333337 0.5786458333333333 0.058333333333333334 0.071875
1 0.56875 0.47291666666666665 0.059722222222222225 0.05416666666666667
1 0.49930555555555556 0.6583333333333333 0.07083333333333333 0.0625
1 0.3215277777777778 0.3927083333333333 0.059722222222222225 0.04791666666666666
1 0.6756944444444445 0.19010416666666666 0.0625 0.05520833333333333
1 0.5611111111111111 0.2796875 0.05555555555555556 0.046875
1 0.2604166666666667 0.44895833333333335 0.06527777777777778 0.04791666666666666
1 0.6777777777777778 0.4895833333333333 0.05555555555555556 0.052083333333333336
1 0.7486111111111111 0.7973958333333333 0.0638888888888889 0.04479166666666667
0 0.58125 0.16770833333333332 0.12361111111111112 0.07916666666666666
0 0.3805555555555556 0.1484375 0.11388888888888889 0.08854166666666667
0 0.7645833333333334 0.2765625 0.08750000000000001 0.103125
0 0.888888888888889 0.45416666666666666 0.14444444444444446 0.06666666666666667
0 0.21875 0.2911458333333333 0.10416666666666667 0.096875
0 0.4986111111111111 0.31197916666666664 0.12222222222222223 0.090625
0 0.5076388888888889 0.4328125 0.1125 0.08854166666666667
0 0.7243055555555555 0.4171875 0.11805555555555557 0.06979166666666667
0 0.8284722222222223 0.6619791666666667 0.12916666666666668 0.053125
0 0.12430555555555556 0.5130208333333334 0.07916666666666666 0.12395833333333334
0 0.2826388888888889 0.54375 0.1513888888888889 0.06875
0 0.40555555555555556 0.4557291666666667 0.1 0.10520833333333333
0 0.5791666666666667 0.6026041666666666 0.09444444444444444 0.103125
0 0.61875 0.6755208333333333 0.13472222222222222 0.057291666666666664
0 0.6208333333333333 0.775 0.13611111111111113 0.058333333333333334
0 0.6166666666666667 0.8583333333333333 0.1388888888888889 0.0625
0 0.4791666666666667 0.9177083333333333 0.08611111111111111 0.10833333333333334
0 0.45625000000000004 0.8171875 0.12638888888888888 0.08645833333333333
0 0.3284722222222222 0.8869791666666667 0.14305555555555557 0.09270833333333334
0 0.29930555555555555 0.7848958333333333 0.09027777777777778 0.09895833333333333
0 0.36319444444444443 0.6973958333333333 0.1375 0.057291666666666664
0 0.23819444444444446 0.625 0.12916666666666668 0.06666666666666667
0 0.09444444444444444 0.6520833333333333 0.1 0.1
0 0.21458333333333335 0.7364583333333333 0.09027777777777778 0.1125
0 0.19722222222222224 0.384375 0.07222222222222223 0.09375
0 0.6625 0.2859375 0.09444444444444444 0.09479166666666666
0 0.6451388888888889 0.5536458333333333 0.09027777777777778 0.08645833333333333
