0 0.69375 0.14166666666666666 0.12083333333333333 0.09791666666666667
0 0.6993055555555556 0.26510416666666664 0.1486111111111111 0.06354166666666666
0 0.33194444444444443 0.1734375 0.13611111111111113 0.071875
0 0.17152777777777778 0.3125 0.1625 0.05625
0 0.24305555555555555 0.5020833333333333 0.15555555555555556 0.0625
0 0.33611111111111114 0.5880208333333333 0.08888888888888889 0.10520833333333333
0 0.6381944444444445 0.42135416666666664 0.11805555555555557 0.103125
0 0.8166666666666667 0.46197916666666666 0.15555555555555556 0.09270833333333334
0 0.5354166666666667 0.5515625 0.13472222222222222 0.06354166666666666
0 0.6465277777777778 0.7145833333333333 0.12916666666666668 0.075
0 0.7236111111111111 0.60625 0.13611111111111113 0.058333333333333334
1 0.5159722222222223 0.653125 0.09583333333333334 0.06041666666666667
1 0.34097222222222223 0.7369791666666666 0.1125 0.06979166666666667
0 0.19652777777777777 0.7067708333333333 0.10138888888888889 0.10104166666666667
1 0.07916666666666666 0.490625 0.09444444444444444 0.06458333333333333
1 0.35000000000000003 0.3015625 0.08055555555555556 0.046875
1 0.49930555555555556 0.32135416666666666 0.07083333333333333 0.059375
1 0.5638888888888889 0.234375 0.06944444444444445 0.04791666666666666
1 0.5201388888888889 0.17708333333333334 0.05416666666666667 0.052083333333333336
1 0.64375 0.3453125 0.07361111111111111 0.03854166666666667
1 0.1701388888888889 0.5744791666666667 0.059722222222222225 0.04479166666666667
1 0.48055555555555557 0.475 0.058333333333333334 0.04375
1 0.35208333333333336 0.37604166666666666 0.04861111111111111 0.029166666666666667
