0 0.5784722222222223 0.1765625 0.1513888888888889 0.051041666666666666
0 0.7583333333333334 0.2890625 0.13055555555555556 0.06979166666666667
0 0.5229166666666667 0.28489583333333335 0.10972222222222222 0.07604166666666666
0 0.5590277777777778 0.3927083333333333 0.10416666666666667 0.1
0 0.6277777777777778 0.5161458333333333 0.09722222222222222 0.09479166666666666
0 0.3145833333333333 0.44635416666666666 0.13194444444444445 0.090625
0 0.14166666666666666 0.43854166666666666 0.07777777777777778 0.11041666666666666
0 0.18958333333333335 0.5625 0.14583333333333334 0.07708333333333334
0 0.2888888888888889 0.6411458333333333 0.11666666666666667 0.08854166666666667
0 0.5291666666666667 0.6583333333333333 0.10555555555555556 0.10625
0 0.8076388888888889 0.6380208333333334 0.12916666666666668 0.09270833333333334
0 0.6541666666666667 0.7729166666666667 0.11111111111111112 0.10208333333333333
0 0.5625 0.8921875 0.1388888888888889 0.05520833333333333
0 0.39166666666666666 0.7848958333333333 0.09722222222222222 0.09270833333333334
1 0.7756944444444445 0.7947916666666667 0.10138888888888889 0.05416666666666667
1 0.28541666666666665 0.7463541666666667 0.06805555555555556 0.06145833333333333
1 0.8291666666666667 0.5338541666666666 0.09166666666666667 0.06770833333333333
1 0.7458333333333333 0.46875 0.06944444444444445 0.07291666666666667
1 0.2520833333333333 0.228125 0.08194444444444444 0.06666666666666667
1 0.41458333333333336 0.6739583333333333 0.059722222222222225 0.04791666666666666
1 0.4965277777777778 0.4869791666666667 0.059722222222222225 0.04479166666666667
1 0.31319444444444444 0.33125 0.04583333333333334 0.041666666666666664
1 0.31666666666666665 0.16979166666666667 0.08055555555555556 0.052083333333333336
1 0.45208333333333334 0.3854166666666667 0.07916666666666666 0.05416666666666667
1 0.6479166666666667 0.5927083333333333 0.07361111111111111 0.05
