1 0.795138888888889 0.17760416666666667 0.07361111111111111 0.05520833333333333
1 0.5472222222222223 0.19114583333333332 0.06666666666666667 0.06354166666666666
1 0.2638888888888889 0.2109375 0.058333333333333334 0.051041666666666666
1 0.45416666666666666 0.19947916666666665 0.07222222222222223 0.040625
1 0.6270833333333333 0.3697916666666667 0.08194444444444444 0.07708333333333334
1 0.9215277777777778 0.4473958333333333 0.09861111111111112 0.078125
1 0.7069444444444445 0.46041666666666664 0.08333333333333334 0.06666666666666667
1 0.6465277777777778 0.5317708333333333 0.059722222222222225 0.05520833333333333
1 0.4340277777777778 0.39166666666666666 0.09583333333333334 0.052083333333333336
1 0.2576388888888889 0.4979166666666667 0.06805555555555556 0.041666666666666664
1 0.3770833333333333 0.7239583333333334 0.0625 0.05625
0 0.6861111111111111 0.3078125 0.12222222222222223 0.090625
0 0.8659722222222223 0.609375 0.12361111111111112 0.10208333333333333
0 0.09583333333333334 0.7901041666666666 0.08055555555555556 0.10729166666666666
0 0.23611111111111113 0.8572916666666667 0.17777777777777778 0.0625
0 0.35000000000000003 0.9354166666666667 0.10277777777777779 0.10625
0 0.5340277777777778 0.8776041666666666 0.06527777777777778 0.11770833333333333
0 0.6791666666666667 0.8114583333333333 0.06666666666666667 0.12083333333333333
0 0.6416666666666667 0.7 0.11944444444444445 0.1
0 0.5090277777777777 0.7072916666666667 0.07083333333333333 0.12291666666666666
0 0.2833333333333333 0.7604166666666666 0.11388888888888889 0.11041666666666666
0 0.5069444444444444 0.5744791666666667 0.16666666666666669 0.065625
0 0.32083333333333336 0.6177083333333333 0.08611111111111111 0.10416666666666667
0 0.2152777777777778 0.6161458333333333 0.08611111111111111 0.11145833333333333
0 0.11944444444444445 0.4901041666666667 0.1638888888888889 0.053125
0 0.19236111111111112 0.4015625 0.12361111111111112 0.06770833333333333
0 0.3763888888888889 0.30416666666666664 0.13611111111111113 0.08541666666666667
0 0.4152777777777778 0.4984375 0.11666666666666667 0.09270833333333334
