0 0.22708333333333333 0.16458333333333333 0.14027777777777778 0.05
0 0.48541666666666666 0.0703125 0.13194444444444445 0.051041666666666666
0 0.6590277777777778 0.1125 0.14305555555555557 0.06041666666666667
0 0.7895833333333334 0.2713541666666667 0.09305555555555556 0.10104166666666667
0 0.5131944444444445 0.18697916666666667 0.14027777777777778 0.057291666666666664
0 0.38472222222222224 0.18489583333333334 0.09722222222222222 0.09895833333333333
0 0.24722222222222223 0.31197916666666664 0.14444444444444446 0.06354166666666666
0 0.38125000000000003 0.31614583333333335 0.07916666666666666 0.11562499999999999
0 0.47708333333333336 0.309375 0.07083333333333333 0.0875
1 0.6340277777777779 0.26197916666666665 0.07916666666666666 0.06770833333333333
0 0.5840277777777778 0.3072916666666667 0.0763888888888889 0.10833333333333334
0 0.6868055555555556 0.3546875 0.13472222222222222 0.057291666666666664
0 0.7881944444444444 0.40208333333333335 0.07083333333333333 0.08958333333333333
0 0.08750000000000001 0.3911458333333333 0.08333333333333334 0.09895833333333333
0 0.26180555555555557 0.40260416666666665 0.1125 0.090625
0 0.46805555555555556 0.4046875 0.13333333333333333 0.06354166666666666
0 0.6006944444444444 0.42135416666666664 0.08472222222222223 0.090625
0 0.638888888888889 0.5098958333333333 0.08333333333333334 0.10729166666666666
0 0.7527777777777778 0.5223958333333333 0.11666666666666667 0.06979166666666667
0 0.36319444444444443 0.4536458333333333 0.09861111111111112 0.096875
0 0.12569444444444444 0.45625 0.11805555555555557 0.06041666666666667
0 0.20208333333333334 0.5489583333333333 0.10694444444444445 0.075
0 0.31875000000000003 0.5567708333333333 0.09305555555555556 0.09270833333333334
0 0.42847222222222225 0.5390625 0.11527777777777778 0.078125
0 0.5034722222222222 0.49322916666666666 0.1125 0.078125
0 0.5437500000000001 0.5822916666666667 0.09861111111111112 0.07916666666666666
0 0.8388888888888889 0.6057291666666667 0.14444444444444446 0.051041666666666666
0 0.6576388888888889 0.63125 0.0763888888888889 0.10833333333333334
0 0.6854166666666667 0.7140625 0.10694444444444445 0.06354166666666666
0 0.17569444444444446 0.6276041666666666 0.12083333333333333 0.06145833333333333
0 0.26944444444444443 0.6359375 0.08333333333333334 0.10729166666666666
0 0.4256944444444445 0.6192708333333333 0.14305555555555557 0.06979166666666667
0 0.49930555555555556 0.6640625 0.12916666666666668 0.071875
0 0.38333333333333336 0.7036458333333333 0.08611111111111111 0.08854166666666667
0 0.48194444444444445 0.7515625 0.10555555555555556 0.07604166666666666
0 0.21041666666666667 0.7203125 0.14027777777777778 0.06979166666666667
0 0.6145833333333334 0.7338541666666667 0.08194444444444444 0.09895833333333333
0 0.6381944444444445 0.8104166666666667 0.14027777777777778 0.06458333333333333
0 0.6729166666666667 0.8796875 0.14583333333333334 0.06145833333333333
0 0.4013888888888889 0.778125 0.13611111111111113 0.0625
0 0.19166666666666668 0.8270833333333333 0.1388888888888889 0.03958333333333333
0 0.3201388888888889 0.8546874999999999 0.12083333333333333 0.07395833333333333
0 0.4388888888888889 0.8453125 0.1388888888888889 0.07604166666666666
0 0.5354166666666667 0.9302083333333333 0.12083333333333333 0.06041666666666667
0 0.39861111111111114 0.9380208333333333 0.12222222222222223 0.071875
