0 0.13958333333333334 0.16875 0.15416666666666667 0.0625
0 0.3375 0.12291666666666666 0.11666666666666667 0.07916666666666666
1 0.5298611111111111 0.10208333333333333 0.05416666666666667 0.07083333333333333
1 0.6340277777777779 0.1328125 0.08194444444444444 0.07395833333333333
1 0.5506944444444445 0.29791666666666666 0.07083333333333333 0.041666666666666664
1 0.6263888888888889 0.3364583333333333 0.075 0.0375
1 0.45 0.3104166666666667 0.0638888888888889 0.0625
1 0.4847222222222222 0.38958333333333334 0.06944444444444445 0.04375
1 0.26875 0.41510416666666666 0.06527777777777778 0.051041666666666666
1 0.6361111111111112 0.515625 0.08055555555555556 0.06041666666666667
1 0.8284722222222223 0.8213541666666666 0.07916666666666666 0.06354166666666666
1 0.8395833333333333 0.48541666666666666 0.10972222222222222 0.04791666666666666
1 0.6722222222222223 0.7734375 0.07222222222222223 0.051041666666666666
1 0.5090277777777777 0.6411458333333333 0.059722222222222225 0.059375
1 0.32569444444444445 0.71875 0.10694444444444445 0.06666666666666667
0 0.30694444444444446 0.5421875 0.11944444444444445 0.053125
1 0.4361111111111111 0.21145833333333333 0.061111111111111116 0.04375
1 0.23819444444444446 0.3067708333333333 0.04027777777777778 0.034375
1 0.3875 0.49583333333333335 0.08055555555555556 0.04791666666666666
1 0.6958333333333334 0.684375 0.075 0.0625
0 0.7222222222222222 0.20677083333333332 0.1638888888888889 0.06145833333333333
0 0.7472222222222222 0.3140625 0.10833333333333334 0.11145833333333333
0 0.8034722222222223 0.3963541666666667 0.13194444444444445 0.06979166666666667
0 0.5895833333333333 0.4421875 0.1486111111111111 0.057291666666666664
0 0.7784722222222222 0.5901041666666667 0.1486111111111111 0.06979166666666667
0 0.8236111111111112 0.6708333333333333 0.15 0.058333333333333334
0 0.11041666666666668 0.37916666666666665 0.11527777777777778 0.0875
0 0.12291666666666667 0.525 0.1625 0.07291666666666667
0 0.13472222222222222 0.6640625 0.08333333333333334 0.109375
0 0.22013888888888888 0.7598958333333333 0.10138888888888889 0.10520833333333333
0 0.32569444444444445 0.8171875 0.06527777777777778 0.121875
0 0.5409722222222222 0.73125 0.1625 0.06041666666666667
0 0.45069444444444445 0.8453125 0.09861111111111112 0.11145833333333333
0 0.5895833333333333 0.8807291666666667 0.06805555555555556 0.10729166666666666
0 0.30347222222222225 0.24895833333333334 0.14583333333333334 0.07916666666666666
0 0.5395833333333333 0.5703125 0.16527777777777777 0.08229166666666667
0 0.37222222222222223 0.6 0.18055555555555555 0.05
