0 0.22708333333333333 0.14375 0.13472222222222222 0.058333333333333334
0 0.2881944444444445 0.20781249999999998 0.09305555555555556 0.040625
1 0.47847222222222224 0.125 0.08194444444444444 0.058333333333333334
1 0.5722222222222223 0.21302083333333333 0.09166666666666667 0.06145833333333333
0 0.5979166666666667 0.1265625 0.08472222222222223 0.10729166666666666
0 0.74375 0.1640625 0.07916666666666666 0.09895833333333333
0 0.7604166666666667 0.24791666666666667 0.09583333333333334 0.06666666666666667
0 0.7770833333333333 0.31666666666666665 0.08194444444444444 0.08541666666666667
1 0.6055555555555556 0.28229166666666666 0.08055555555555556 0.04375
0 0.4451388888888889 0.23802083333333332 0.07916666666666666 0.10104166666666667
0 0.40625 0.2984375 0.12638888888888888 0.06145833333333333
0 0.18055555555555555 0.271875 0.11666666666666667 0.06666666666666667
0 0.1590277777777778 0.36354166666666665 0.10694444444444445 0.08125
0 0.3055555555555556 0.35 0.125 0.05
0 0.38680555555555557 0.384375 0.1125 0.05625
0 0.51875 0.3729166666666667 0.10416666666666667 0.08541666666666667
0 0.6347222222222223 0.3833333333333333 0.13333333333333333 0.05
0 0.6618055555555555 0.4421875 0.10694444444444445 0.053125
0 0.6902777777777778 0.4984375 0.11666666666666667 0.06145833333333333
0 0.5513888888888889 0.4588541666666667 0.10555555555555556 0.05520833333333333
0 0.43680555555555556 0.471875 0.10972222222222222 0.08541666666666667
0 0.5555555555555556 0.5296875 0.08888888888888889 0.096875
0 0.6805555555555556 0.61875 0.075 0.10208333333333333
0 0.8180555555555555 0.6661458333333333 0.06666666666666667 0.08854166666666667
0 0.6798611111111111 0.7177083333333333 0.05694444444444444 0.08333333333333333
0 0.6159722222222223 0.696875 0.11527777777777778 0.058333333333333334
0 0.5618055555555556 0.6541666666666667 0.11527777777777778 0.05625
0 0.525 0.6015625 0.10833333333333334 0.08020833333333333
0 0.4173611111111111 0.5677083333333334 0.11527777777777778 0.08333333333333333
0 0.3027777777777778 0.5536458333333333 0.08333333333333334 0.090625
0 0.21180555555555555 0.42343749999999997 0.10694444444444445 0.078125
0 0.34375 0.64375 0.1375 0.0625
0 0.23541666666666666 0.6015625 0.0763888888888889 0.10104166666666667
0 0.1513888888888889 0.5786458333333333 0.1277777777777778 0.07604166666666666
0 0.11944444444444445 0.6427083333333333 0.15555555555555556 0.04791666666666666
0 0.1513888888888889 0.7026041666666667 0.12222222222222223 0.05520833333333333
0 0.3513888888888889 0.7526041666666666 0.11111111111111112 0.07395833333333333
0 0.46805555555555556 0.7302083333333333 0.13055555555555556 0.05416666666666667
0 0.2833333333333333 0.8937499999999999 0.10555555555555556 0.08958333333333333
0 0.5166666666666667 0.7958333333333333 0.11388888888888889 0.075
0 0.6534722222222222 0.8411458333333334 0.08194444444444444 0.10520833333333333
