0 0.9090277777777778 0.36041666666666666 0.08750000000000001 0.11875
0 0.7090277777777778 0.2630208333333333 0.08194444444444444 0.12395833333333334
0 0.44583333333333336 0.19114583333333332 0.075 0.128125
0 0.33055555555555555 0.3302083333333333 0.18333333333333335 0.08333333333333333
0 0.22222222222222224 0.4203125 0.1527777777777778 0.057291666666666664
0 0.7513888888888889 0.4161458333333333 0.08333333333333334 0.11354166666666667
0 0.513888888888889 0.46458333333333335 0.07222222222222223 0.11875
0 0.39375 0.6380208333333334 0.08750000000000001 0.12604166666666666
0 0.5368055555555555 0.765625 0.10972222222222222 0.1125
0 0.6486111111111111 0.625 0.08611111111111111 0.09166666666666666
0 0.8097222222222222 0.571875 0.14444444444444446 0.06458333333333333
0 0.2555555555555556 0.7927083333333333 0.14722222222222223 0.07916666666666666
0 0.4048611111111111 0.8130208333333333 0.09583333333333334 0.090625
0 0.1902777777777778 0.584375 0.13333333333333333 0.058333333333333334
1 0.7777777777777778 0.6822916666666666 0.06944444444444445 0.08541666666666667
1 0.36041666666666666 0.9114583333333334 0.05416666666666667 0.0375
0 0.4986111111111111 0.603125 0.07222222222222223 0.09791666666666667
1 0.6916666666666667 0.5119791666666667 0.0638888888888889 0.040625
1 0.6604166666666667 0.3651041666666667 0.06805555555555556 0.040625
0 0.5388888888888889 0.2739583333333333 0.08055555555555556 0.10208333333333333
1 0.22708333333333333 0.23906249999999998 0.07083333333333333 0.051041666666666666
0 0.39513888888888893 0.4484375 0.09861111111111112 0.08854166666666667
