1 0.3125 0.26979166666666665 0.10833333333333334 0.06875
1 0.85 0.3723958333333333 0.05277777777777778 0.065625
1 0.8416666666666667 0.46197916666666666 0.08333333333333334 0.04895833333333333
1 0.7701388888888889 0.5630208333333333 0.05694444444444444 0.042708333333333334
1 0.5826388888888889 0.5484375 0.08750000000000001 0.053125
1 0.4715277777777778 0.5875 0.07916666666666666 0.08333333333333333
1 0.3513888888888889 0.6869791666666667 0.08055555555555556 0.06145833333333333
1 0.4847222222222222 0.8046875 0.08611111111111111 0.051041666666666666
0 0.6930555555555555 0.6921875 0.06666666666666667 0.10104166666666667
0 0.5270833333333333 0.6630208333333333 0.12083333333333333 0.096875
1 0.1875 0.7291666666666666 0.09166666666666667 0.0875
0 0.34375 0.6114583333333333 0.10416666666666667 0.10208333333333333
0 0.2111111111111111 0.5588541666666667 0.08611111111111111 0.11354166666666667
0 0.21944444444444444 0.41770833333333335 0.11666666666666667 0.09375
0 0.3479166666666667 0.3859375 0.09583333333333334 0.10104166666666667
0 0.4340277777777778 0.45989583333333334 0.08194444444444444 0.109375
0 0.5625 0.27291666666666664 0.1638888888888889 0.08333333333333333
0 0.5979166666666667 0.3536458333333333 0.15694444444444444 0.07395833333333333
0 0.7256944444444444 0.32135416666666666 0.10416666666666667 0.10520833333333333
0 0.7041666666666667 0.471875 0.10833333333333334 0.09166666666666666
