1 0.6263888888888889 0.20572916666666666 0.0638888888888889 0.053125
1 0.6576388888888889 0.30052083333333335 0.04583333333333334 0.04479166666666667
1 0.5076388888888889 0.25 0.06805555555555556 0.04375
1 0.36041666666666666 0.26666666666666666 0.0625 0.04375
1 0.5006944444444444 0.31145833333333334 0.0763888888888889 0.052083333333333336
1 0.65625 0.3833333333333333 0.06805555555555556 0.052083333333333336
1 0.5791666666666667 0.44114583333333335 0.075 0.051041666666666666
1 0.6034722222222223 0.5171875 0.06527777777777778 0.06354166666666666
1 0.37986111111111115 0.47239583333333335 0.06527777777777778 0.06770833333333333
1 0.4354166666666667 0.7390625 0.0763888888888889 0.071875
1 0.6625 0.8020833333333334 0.10833333333333334 0.05625
0 0.22430555555555556 0.24739583333333334 0.10416666666666667 0.090625
0 0.10555555555555556 0.5197916666666667 0.06944444444444445 0.09583333333333333
0 0.31180555555555556 0.4083333333333333 0.12361111111111112 0.07083333333333333
0 0.3 0.51875 0.08333333333333334 0.10208333333333333
0 0.40069444444444446 0.5770833333333333 0.12638888888888888 0.08541666666666667
0 0.5277777777777778 0.6078125 0.16111111111111112 0.057291666666666664
0 0.8409722222222222 0.35885416666666664 0.09305555555555556 0.08645833333333333
0 0.7541666666666667 0.5005208333333333 0.1 0.084375
0 0.7916666666666667 0.5880208333333333 0.11944444444444445 0.071875
0 0.7208333333333333 0.6947916666666667 0.08888888888888889 0.09583333333333333
0 0.45208333333333334 0.8583333333333333 0.14305555555555557 0.075
0 0.5979166666666667 0.7098958333333333 0.0763888888888889 0.11354166666666667
0 0.3138888888888889 0.6932291666666667 0.14722222222222223 0.057291666666666664
0 0.4847222222222222 0.4166666666666667 0.08055555555555556 0.10416666666666667
