0 0.48541666666666666 0.2140625 0.13472222222222222 0.096875
0 0.6493055555555556 0.33177083333333335 0.1513888888888889 0.06979166666666667
0 0.6861111111111111 0.459375 0.11944444444444445 0.09375
0 0.26180555555555557 0.5010416666666666 0.08194444444444444 0.11666666666666667
0 0.48541666666666666 0.6520833333333333 0.15972222222222224 0.0625
0 0.22361111111111112 0.7114583333333333 0.09722222222222222 0.11458333333333333
0 0.6694444444444445 0.7229166666666667 0.15833333333333333 0.06041666666666667
0 0.7791666666666667 0.6614583333333334 0.14166666666666666 0.06666666666666667
0 0.7152777777777778 0.884375 0.075 0.1
0 0.44930555555555557 0.7880208333333333 0.09305555555555556 0.10729166666666666
1 0.5111111111111112 0.9598958333333333 0.0638888888888889 0.04479166666666667
1 0.3090277777777778 0.7354166666666666 0.0625 0.07708333333333334
1 0.3993055555555556 0.58125 0.07916666666666666 0.04375
1 0.5541666666666667 0.5838541666666667 0.061111111111111116 0.057291666666666664
1 0.7034722222222223 0.5286458333333334 0.08194444444444444 0.051041666666666666
1 0.8715277777777778 0.3614583333333333 0.0625 0.05
1 0.4743055555555556 0.45677083333333335 0.06805555555555556 0.08645833333333333
1 0.43125 0.3833333333333333 0.05694444444444444 0.052083333333333336
0 0.8715277777777778 0.5036458333333333 0.12638888888888888 0.065625
1 0.5805555555555556 0.8114583333333333 0.08888888888888889 0.06666666666666667
