0 0.42708333333333337 0.13333333333333333 0.06527777777777778 0.10416666666666667
0 0.1798611111111111 0.31666666666666665 0.12638888888888888 0.06458333333333333
0 0.5861111111111111 0.2890625 0.14722222222222223 0.04479166666666667
0 0.4138888888888889 0.37395833333333334 0.08611111111111111 0.0875
0 0.6708333333333334 0.40572916666666664 0.14444444444444446 0.059375
0 0.7881944444444444 0.42864583333333334 0.12083333333333333 0.05520833333333333
0 0.7729166666666667 0.5510416666666667 0.11527777777777778 0.09375
0 0.6180555555555556 0.5479166666666666 0.14166666666666666 0.06666666666666667
0 0.39513888888888893 0.4791666666666667 0.07361111111111111 0.1
0 0.2638888888888889 0.4359375 0.08611111111111111 0.10520833333333333
0 0.14930555555555555 0.5072916666666667 0.10972222222222222 0.0875
0 0.2743055555555556 0.5421875 0.12638888888888888 0.08020833333333333
0 0.11180555555555556 0.7083333333333334 0.07916666666666666 0.11666666666666667
0 0.2715277777777778 0.6348958333333333 0.09583333333333334 0.09895833333333333
0 0.3159722222222222 0.7052083333333333 0.12916666666666668 0.0875
0 0.43472222222222223 0.8182291666666667 0.14444444444444446 0.06354166666666666
0 0.6131944444444445 0.7848958333333333 0.08750000000000001 0.10729166666666666
0 0.2972222222222222 0.8359375 0.125 0.090625
1 0.6423611111111112 0.22604166666666667 0.0763888888888889 0.06666666666666667
0 0.4729166666666667 0.2557291666666667 0.10972222222222222 0.06354166666666666
1 0.3479166666666667 0.2609375 0.0625 0.040625
1 0.31666666666666665 0.3182291666666667 0.08611111111111111 0.04479166666666667
1 0.6034722222222223 0.3567708333333333 0.05694444444444444 0.03854166666666667
1 0.7569444444444444 0.32447916666666665 0.04722222222222222 0.06354166666666666
1 0.5152777777777778 0.40989583333333335 0.06666666666666667 0.06354166666666666
1 0.49097222222222225 0.4947916666666667 0.07083333333333333 0.052083333333333336
1 0.6979166666666667 0.475 0.10972222222222222 0.06458333333333333
1 0.4083333333333333 0.5822916666666667 0.061111111111111116 0.04791666666666666
1 0.48125 0.5953125 0.07361111111111111 0.06145833333333333
1 0.5458333333333334 0.6177083333333333 0.058333333333333334 0.04791666666666666
1 0.7090277777777778 0.6302083333333334 0.09583333333333334 0.05625
1 0.6513888888888889 0.6854166666666667 0.06666666666666667 0.06666666666666667
1 0.5381944444444444 0.6890625 0.06805555555555556 0.05520833333333333
1 0.4305555555555556 0.7416666666666667 0.06944444444444445 0.06041666666666667
