0 0.6635416666666667 0.13333333333333333 0.075 0.14722222222222223
0 0.7369791666666666 0.4395833333333333 0.15729166666666666 0.11805555555555557
0 0.5463541666666667 0.17500000000000002 0.11562499999999999 0.18055555555555555
0 0.5416666666666666 0.3597222222222222 0.10416666666666667 0.2111111111111111
0 0.42135416666666664 0.25 0.084375 0.19722222222222224
1 0.2859375 0.3715277777777778 0.084375 0.10694444444444445
1 0.14375 0.5583333333333333 0.075 0.08888888888888889
1 0.31666666666666665 0.5555555555555556 0.07083333333333333 0.1
0 0.278125 0.7520833333333333 0.13333333333333333 0.1736111111111111
1 0.34739583333333335 0.8250000000000001 0.06354166666666666 0.08333333333333334
0 0.4848958333333333 0.63125 0.103125 0.17916666666666667
0 0.45416666666666666 0.8701388888888889 0.11041666666666666 0.1763888888888889
0 0.6104166666666666 0.7506944444444444 0.14791666666666667 0.1375
1 0.7109375 0.5666666666666667 0.04895833333333333 0.08611111111111111
