0 0.22847222222222224 0.2630208333333333 0.08194444444444444 0.11979166666666667
0 0.20347222222222222 0.5338541666666666 0.09583333333333334 0.109375
0 0.24861111111111112 0.65 0.1388888888888889 0.0625
0 0.5326388888888889 0.15260416666666665 0.13194444444444445 0.06354166666666666
0 0.6298611111111111 0.3 0.08194444444444444 0.1125
0 0.7222222222222222 0.41510416666666666 0.08055555555555556 0.103125
0 0.8659722222222223 0.43124999999999997 0.09583333333333334 0.09583333333333333
0 0.5965277777777778 0.66875 0.07916666666666666 0.11666666666666667
0 0.6708333333333334 0.8364583333333333 0.11388888888888889 0.10625
0 0.4673611111111111 0.7958333333333333 0.1125 0.075
0 0.28125 0.7927083333333333 0.16527777777777777 0.052083333333333336
0 0.14375000000000002 0.803125 0.07361111111111111 0.10625
0 0.5868055555555556 0.5635416666666666 0.15694444444444444 0.058333333333333334
1 0.5840277777777778 0.95 0.09861111111111112 0.052083333333333336
1 0.3548611111111111 0.8802083333333334 0.08472222222222223 0.04791666666666666
1 0.7236111111111111 0.7125 0.06666666666666667 0.04375
1 0.8965277777777778 0.65 0.07916666666666666 0.05625
1 0.7625000000000001 0.6072916666666667 0.06944444444444445 0.06666666666666667
1 0.8416666666666667 0.5296875 0.09722222222222222 0.06979166666666667
1 0.39166666666666666 0.7182291666666667 0.07777777777777778 0.046875
1 0.3791666666666667 0.6494791666666666 0.07222222222222223 0.053125
1 0.5125000000000001 0.6270833333333333 0.061111111111111116 0.052083333333333336
1 0.36388888888888893 0.55 0.10555555555555556 0.05
1 0.5791666666666667 0.40260416666666665 0.05277777777777778 0.040625
1 0.3944444444444445 0.40989583333333335 0.05277777777777778 0.04895833333333333
1 0.31736111111111115 0.34322916666666664 0.04583333333333334 0.040625
1 0.3854166666666667 0.2203125 0.04861111111111111 0.026041666666666668
1 0.7347222222222223 0.22395833333333334 0.05277777777777778 0.04791666666666666
