0 0.2743055555555556 0.24166666666666667 0.09583333333333334 0.08958333333333333
0 0.1451388888888889 0.33125 0.07083333333333333 0.10416666666666667
0 0.20486111111111113 0.44166666666666665 0.12916666666666668 0.09166666666666666
0 0.6034722222222223 0.23124999999999998 0.0763888888888889 0.10208333333333333
0 0.5222222222222223 0.3692708333333333 0.11388888888888889 0.08645833333333333
0 0.28402777777777777 0.5260416666666666 0.15416666666666667 0.05416666666666667
0 0.16736111111111113 0.5958333333333333 0.09027777777777778 0.11458333333333333
0 0.27708333333333335 0.653125 0.10972222222222222 0.09166666666666666
0 0.4138888888888889 0.6197916666666666 0.07777777777777778 0.10416666666666667
0 0.5243055555555556 0.628125 0.07916666666666666 0.10833333333333334
0 0.14375000000000002 0.7505208333333333 0.08472222222222223 0.121875
0 0.30208333333333337 0.7463541666666667 0.09583333333333334 0.10104166666666667
0 0.40625 0.8307291666666666 0.12638888888888888 0.06770833333333333
1 0.3826388888888889 0.9270833333333334 0.08750000000000001 0.06875
1 0.5416666666666667 0.865625 0.06666666666666667 0.06041666666666667
1 0.6583333333333333 0.7880208333333333 0.09444444444444444 0.06979166666666667
1 0.4798611111111111 0.7557291666666667 0.07361111111111111 0.057291666666666664
1 0.675 0.6625 0.075 0.06041666666666667
1 0.4465277777777778 0.21302083333333333 0.04583333333333334 0.036458333333333336
1 0.38472222222222224 0.3015625 0.06944444444444445 0.04479166666666667
1 0.670138888888889 0.2864583333333333 0.07083333333333333 0.04791666666666666
1 0.7541666666666667 0.3776041666666667 0.05277777777777778 0.06770833333333333
1 0.38680555555555557 0.4479166666666667 0.059722222222222225 0.058333333333333334
1 0.5229166666666667 0.49322916666666666 0.06805555555555556 0.051041666666666666
1 0.6486111111111111 0.43385416666666665 0.1 0.05520833333333333
1 0.6680555555555556 0.49114583333333334 0.09444444444444444 0.040625
1 0.6409722222222223 0.5671875 0.05416666666666667 0.06979166666666667
