0 0.5083333333333333 0.2453125 0.08055555555555556 0.09895833333333333
0 0.2701388888888889 0.2505208333333333 0.1375 0.059375
0 0.3041666666666667 0.3359375 0.13611111111111113 0.059375
0 0.21458333333333335 0.4510416666666667 0.14027777777777778 0.06041666666666667
0 0.36458333333333337 0.5729166666666666 0.17916666666666667 0.058333333333333334
0 0.5548611111111111 0.6302083333333334 0.14305555555555557 0.05625
0 0.8138888888888889 0.5854166666666667 0.15 0.058333333333333334
0 0.4618055555555556 0.6911458333333333 0.15416666666666667 0.051041666666666666
1 0.725 0.30885416666666665 0.1 0.057291666666666664
0 0.5750000000000001 0.33697916666666666 0.12222222222222223 0.051041666666666666
1 0.05902777777777778 0.4270833333333333 0.07083333333333333 0.05416666666666667
1 0.08263888888888889 0.5276041666666667 0.09305555555555556 0.08020833333333333
1 0.17847222222222223 0.615625 0.10138888888888889 0.075
0 0.19652777777777777 0.7520833333333333 0.12916666666666668 0.05416666666666667
1 0.5618055555555556 0.4473958333333333 0.09861111111111112 0.046875
1 0.7493055555555556 0.496875 0.059722222222222225 0.05
1 0.39722222222222225 0.44687499999999997 0.05277777777777778 0.05625
1 0.4840277777777778 0.5192708333333333 0.059722222222222225 0.042708333333333334
1 0.6430555555555556 0.5307291666666667 0.0638888888888889 0.05520833333333333
1 0.6277777777777778 0.7447916666666666 0.09444444444444444 0.05625
