0 0.3277777777777778 0.16666666666666666 0.15833333333333333 0.058333333333333334
0 0.13958333333333334 0.4145833333333333 0.15416666666666667 0.08125
0 0.40694444444444444 0.4947916666666667 0.09722222222222222 0.12916666666666665
0 0.47847222222222224 0.359375 0.08194444444444444 0.10833333333333334
0 0.6965277777777779 0.4666666666666667 0.16805555555555557 0.06041666666666667
0 0.7409722222222223 0.55 0.1486111111111111 0.05625
0 0.6708333333333334 0.703125 0.1527777777777778 0.07291666666666667
0 0.59375 0.9432291666666667 0.13472222222222222 0.08854166666666667
1 0.59375 0.2609375 0.06527777777777778 0.051041666666666666
1 0.33263888888888893 0.36614583333333334 0.0625 0.06979166666666667
1 0.19375 0.5583333333333333 0.08472222222222223 0.07083333333333333
1 0.2451388888888889 0.6354166666666666 0.06527777777777778 0.05625
1 0.48333333333333334 0.6375 0.10277777777777779 0.05
1 0.3416666666666667 0.725 0.08333333333333334 0.08541666666666667
1 0.23611111111111113 0.8255208333333334 0.10555555555555556 0.06145833333333333
1 0.5222222222222223 0.7739583333333333 0.07222222222222223 0.05
1 0.3215277777777778 0.26145833333333335 0.05416666666666667 0.03958333333333333
