1 0.4777777777777778 0.23072916666666665 0.05 0.034375
1 0.4131944444444445 0.36041666666666666 0.05416666666666667 0.05
0 0.5930555555555556 0.31614583333333335 0.10277777777777779 0.084375
1 0.7847222222222222 0.3411458333333333 0.06666666666666667 0.06145833333333333
1 0.7201388888888889 0.45625 0.07916666666666666 0.0625
1 0.7729166666666667 0.5401041666666666 0.10694444444444445 0.046875
1 0.5229166666666667 0.5921875 0.05694444444444444 0.040625
1 0.27708333333333335 0.49895833333333334 0.04861111111111111 0.041666666666666664
1 0.3159722222222222 0.40989583333333335 0.08194444444444444 0.06770833333333333
1 0.19444444444444445 0.40625 0.05555555555555556 0.07083333333333333
1 0.6569444444444444 0.7234375 0.08888888888888889 0.053125
0 0.7104166666666667 0.8489583333333334 0.12916666666666668 0.07291666666666667
0 0.5055555555555555 0.8838541666666666 0.13333333333333333 0.059375
0 0.4590277777777778 0.7947916666666667 0.12638888888888888 0.07291666666666667
0 0.25069444444444444 0.8473958333333333 0.11805555555555557 0.10520833333333333
0 0.5381944444444444 0.6625 0.14305555555555557 0.05625
0 0.7145833333333333 0.6729166666666666 0.1125 0.08958333333333333
0 0.6472222222222223 0.534375 0.1 0.11458333333333333
0 0.6 0.4125 0.10833333333333334 0.10416666666666667
0 0.48125 0.44947916666666665 0.11527777777777778 0.09895833333333333
0 0.38125000000000003 0.60625 0.15972222222222224 0.07291666666666667
0 0.2965277777777778 0.6833333333333333 0.12083333333333333 0.08333333333333333
0 0.19166666666666668 0.6166666666666667 0.10833333333333334 0.10208333333333333
0 0.16180555555555556 0.4942708333333333 0.14027777777777778 0.06145833333333333
0 0.21666666666666667 0.2484375 0.10277777777777779 0.096875
0 0.3388888888888889 0.21979166666666666 0.11666666666666667 0.09583333333333333
