0 0.11666666666666667 0.078125 0.11666666666666667 0.10208333333333333
0 0.32083333333333336 0.078125 0.1388888888888889 0.07083333333333333
0 0.10555555555555556 0.1796875 0.1277777777777778 0.08645833333333333
0 0.2791666666666667 0.18333333333333332 0.1638888888888889 0.05416666666666667
0 0.10208333333333333 0.3020833333333333 0.10972222222222222 0.10625
0 0.24027777777777778 0.25677083333333334 0.13611111111111113 0.053125
1 0.4201388888888889 0.23124999999999998 0.09027777777777778 0.058333333333333334
1 0.513888888888889 0.12239583333333333 0.08055555555555556 0.04895833333333333
1 0.5715277777777777 0.17291666666666666 0.07361111111111111 0.052083333333333336
0 0.7291666666666667 0.16302083333333334 0.11388888888888889 0.10104166666666667
1 0.3965277777777778 0.31927083333333334 0.06805555555555556 0.065625
0 0.5180555555555556 0.3229166666666667 0.13611111111111113 0.08541666666666667
0 0.638888888888889 0.2973958333333333 0.08611111111111111 0.134375
0 0.7923611111111112 0.32708333333333334 0.10972222222222222 0.09375
1 0.7486111111111111 0.3703125 0.09444444444444444 0.065625
0 0.9034722222222222 0.45625 0.14027777777777778 0.07083333333333333
0 0.5465277777777778 0.38125 0.10972222222222222 0.07916666666666666
0 0.20972222222222223 0.36302083333333335 0.11388888888888889 0.051041666666666666
0 0.2576388888888889 0.41770833333333335 0.09027777777777778 0.08333333333333333
0 0.3180555555555556 0.47760416666666666 0.07222222222222223 0.10520833333333333
1 0.43680555555555556 0.39739583333333334 0.0763888888888889 0.046875
1 0.4625 0.4557291666666667 0.07777777777777778 0.05520833333333333
1 0.5645833333333333 0.44895833333333335 0.08194444444444444 0.0375
1 0.7465277777777778 0.44375 0.06527777777777778 0.0625
0 0.7652777777777778 0.5427083333333333 0.09722222222222222 0.052083333333333336
0 0.8527777777777779 0.6130208333333333 0.08611111111111111 0.13020833333333334
0 0.9472222222222223 0.7515625 0.06944444444444445 0.12395833333333334
0 0.8465277777777778 0.74375 0.07916666666666666 0.11041666666666666
1 0.763888888888889 0.7026041666666667 0.08333333333333334 0.04895833333333333
1 0.7041666666666667 0.7359375 0.08055555555555556 0.06354166666666666
0 0.7319444444444445 0.6145833333333334 0.13055555555555556 0.07708333333333334
0 0.5791666666666667 0.5145833333333333 0.09166666666666667 0.11041666666666666
0 0.6 0.6213541666666667 0.1277777777777778 0.059375
1 0.6625 0.6713541666666667 0.07777777777777778 0.04479166666666667
0 0.4673611111111111 0.5505208333333333 0.12361111111111112 0.090625
0 0.5090277777777777 0.6546875 0.08194444444444444 0.109375
0 0.42291666666666666 0.6260416666666666 0.07083333333333333 0.11666666666666667
1 0.2569444444444445 0.4828125 0.08333333333333334 0.042708333333333334
0 0.06666666666666667 0.5114583333333333 0.11111111111111112 0.10208333333333333
0 0.21875 0.5375 0.12083333333333333 0.07708333333333334
0 0.2465277777777778 0.584375 0.12916666666666668 0.06458333333333333
0 0.32083333333333336 0.6583333333333333 0.08611111111111111 0.1
0 0.11527777777777778 0.6333333333333333 0.13611111111111113 0.05
0 0.14652777777777778 0.6901041666666666 0.15416666666666667 0.057291666666666664
0 0.21597222222222223 0.828125 0.1375 0.09166666666666666
0 0.3819444444444445 0.7598958333333333 0.11388888888888889 0.10520833333333333
0 0.5423611111111112 0.7760416666666666 0.0763888888888889 0.10625
0 0.6444444444444445 0.7854166666666667 0.125 0.07916666666666666
1 0.4451388888888889 0.8760416666666666 0.10138888888888889 0.06875
0 0.64375 0.8958333333333334 0.16527777777777777 0.058333333333333334
