0 0.7354166666666667 0.12239583333333333 0.11805555555555557 0.07395833333333333
0 0.4076388888888889 0.1140625 0.10416666666666667 0.084375
0 0.6416666666666667 0.17604166666666665 0.15555555555555556 0.05
0 0.7319444444444445 0.2791666666666667 0.075 0.1125
0 0.8013888888888889 0.4296875 0.15 0.05520833333333333
0 0.4513888888888889 0.3286458333333333 0.14166666666666666 0.07395833333333333
0 0.20902777777777778 0.41875 0.13472222222222222 0.09375
0 0.2826388888888889 0.5265625 0.09583333333333334 0.10520833333333333
0 0.4777777777777778 0.5276041666666667 0.11666666666666667 0.10729166666666666
0 0.7104166666666667 0.575 0.1513888888888889 0.08958333333333333
0 0.8152777777777778 0.7151041666666667 0.125 0.09270833333333334
0 0.625 0.7166666666666667 0.14166666666666666 0.05416666666666667
0 0.3236111111111111 0.6239583333333333 0.15 0.06041666666666667
0 0.3284722222222222 0.7130208333333333 0.15416666666666667 0.05520833333333333
0 0.3201388888888889 0.8932291666666666 0.08750000000000001 0.109375
0 0.18958333333333335 0.8046875 0.12361111111111112 0.06770833333333333
0 0.1625 0.6802083333333333 0.13611111111111113 0.0625
1 0.33819444444444446 0.7796875 0.05416666666666667 0.04895833333333333
1 0.55625 0.8807291666666667 0.0763888888888889 0.057291666666666664
1 0.6743055555555556 0.8395833333333333 0.10694444444444445 0.08333333333333333
1 0.5555555555555556 0.8109375 0.08611111111111111 0.05520833333333333
1 0.4902777777777778 0.6546875 0.09444444444444444 0.05520833333333333
1 0.5756944444444445 0.6447916666666667 0.07083333333333333 0.07708333333333334
1 0.22847222222222224 0.28125 0.0763888888888889 0.075
1 0.5798611111111112 0.10625 0.0763888888888889 0.05625
1 0.5965277777777778 0.31979166666666664 0.07916666666666666 0.052083333333333336
1 0.37222222222222223 0.41770833333333335 0.08888888888888889 0.06666666666666667
1 0.5006944444444444 0.41875 0.07916666666666666 0.04375
1 0.6111111111111112 0.5260416666666666 0.07222222222222223 0.07291666666666667
1 0.8555555555555556 0.5875 0.075 0.058333333333333334
1 0.38333333333333336 0.22343749999999998 0.08888888888888889 0.03854166666666667
1 0.4916666666666667 0.23906249999999998 0.07222222222222223 0.06354166666666666
1 0.6083333333333334 0.4421875 0.058333333333333334 0.04479166666666667
