0 0.24722222222222223 0.08177083333333333 0.1277777777777778 0.09895833333333333
0 0.17222222222222222 0.22916666666666666 0.15 0.0625
0 0.5673611111111111 0.18020833333333333 0.15972222222222224 0.06875
0 0.6201388888888889 0.31354166666666666 0.12361111111111112 0.07708333333333334
0 0.7569444444444444 0.23958333333333334 0.09166666666666667 0.10416666666666667
0 0.7743055555555556 0.365625 0.14305555555555557 0.06875
0 0.35625 0.5697916666666667 0.1513888888888889 0.07291666666666667
0 0.3625 0.6625 0.14444444444444446 0.07916666666666666
0 0.18541666666666667 0.64375 0.12916666666666668 0.10208333333333333
0 0.5791666666666667 0.6526041666666667 0.1388888888888889 0.07604166666666666
0 0.7770833333333333 0.7046875 0.13194444444444445 0.090625
0 0.8638888888888889 0.8427083333333333 0.16666666666666669 0.05625
0 0.6173611111111111 0.9104166666666667 0.15416666666666667 0.06458333333333333
0 0.4375 0.8942708333333333 0.1527777777777778 0.06354166666666666
0 0.3472222222222222 0.8234374999999999 0.08888888888888889 0.11562499999999999
0 0.50625 0.7510416666666666 0.15416666666666667 0.07916666666666666
0 0.5722222222222223 0.059895833333333336 0.11388888888888889 0.084375
1 0.7743055555555556 0.13541666666666666 0.09027777777777778 0.05416666666666667
1 0.36458333333333337 0.15729166666666666 0.0763888888888889 0.075
1 0.42638888888888893 0.23958333333333334 0.06666666666666667 0.06458333333333333
1 0.4861111111111111 0.3453125 0.1277777777777778 0.053125
1 0.23819444444444446 0.29322916666666665 0.08194444444444444 0.04895833333333333
1 0.35347222222222224 0.34791666666666665 0.07083333333333333 0.05
1 0.26666666666666666 0.3802083333333333 0.07777777777777778 0.05416666666666667
1 0.2451388888888889 0.5109375 0.09861111111111112 0.059375
1 0.48680555555555555 0.45208333333333334 0.08750000000000001 0.06041666666666667
1 0.6354166666666667 0.4458333333333333 0.07916666666666666 0.04583333333333333
1 0.7451388888888889 0.440625 0.09305555555555556 0.05625
1 0.7958333333333334 0.4921875 0.11111111111111112 0.06770833333333333
1 0.8173611111111111 0.5854166666666667 0.10138888888888889 0.07708333333333334
1 0.675 0.5578125 0.07777777777777778 0.06354166666666666
1 0.5604166666666667 0.5583333333333333 0.08750000000000001 0.06666666666666667
1 0.47361111111111115 0.5552083333333333 0.07222222222222223 0.06041666666666667
1 0.22708333333333333 0.7640625 0.0763888888888889 0.08229166666666667
1 0.7201388888888889 0.7854166666666667 0.09027777777777778 0.08125
1 0.6611111111111111 0.834375 0.08055555555555556 0.075
