0 0.22708333333333333 0.12343749999999999 0.10972222222222222 0.08020833333333333
0 0.6145833333333334 0.17708333333333334 0.10694444444444445 0.1
0 0.46458333333333335 0.22760416666666666 0.10972222222222222 0.103125
0 0.5597222222222222 0.3015625 0.11666666666666667 0.10520833333333333
0 0.7361111111111112 0.3890625 0.08055555555555556 0.11770833333333333
0 0.826388888888889 0.5703125 0.08888888888888889 0.11979166666666667
0 0.29791666666666666 0.23958333333333334 0.12361111111111112 0.08333333333333333
0 0.3652777777777778 0.4453125 0.15555555555555556 0.057291666666666664
0 0.13055555555555556 0.459375 0.13611111111111113 0.06041666666666667
0 0.28194444444444444 0.5489583333333333 0.15833333333333333 0.052083333333333336
0 0.5006944444444444 0.5510416666666667 0.16527777777777777 0.05416666666666667
0 0.7131944444444445 0.6510416666666666 0.14027777777777778 0.06875
0 0.7361111111111112 0.7635416666666667 0.13333333333333333 0.08958333333333333
0 0.5777777777777778 0.7713541666666667 0.13055555555555556 0.096875
0 0.4840277777777778 0.9390625 0.07916666666666666 0.11354166666666667
0 0.3590277777777778 0.8885416666666667 0.14027777777777778 0.0875
0 0.4486111111111111 0.7635416666666667 0.08333333333333334 0.11458333333333333
0 0.3298611111111111 0.7046875 0.09861111111111112 0.10729166666666666
0 0.19305555555555556 0.6979166666666666 0.15 0.05416666666666667
0 0.1388888888888889 0.8432291666666667 0.13611111111111113 0.07395833333333333
1 0.40208333333333335 0.1359375 0.06805555555555556 0.04895833333333333
1 0.21944444444444444 0.32760416666666664 0.075 0.065625
1 0.4041666666666667 0.3390625 0.09722222222222222 0.07604166666666666
1 0.5840277777777778 0.48541666666666666 0.0625 0.05416666666666667
1 0.5118055555555556 0.6572916666666666 0.0763888888888889 0.06875
1 0.7131944444444445 0.5369791666666667 0.05416666666666667 0.07604166666666666
1 0.68125 0.275 0.06527777777777778 0.05625
