0 0.53125 0.14739583333333334 0.12916666666666668 0.08229166666666667
0 0.5652777777777778 0.26927083333333335 0.10555555555555556 0.090625
0 0.7298611111111112 0.28489583333333335 0.1125 0.08020833333333333
0 0.8777777777777778 0.36354166666666665 0.13333333333333333 0.06041666666666667
0 0.56875 0.359375 0.14305555555555557 0.06458333333333333
0 0.7340277777777778 0.4239583333333333 0.1513888888888889 0.06041666666666667
0 0.3701388888888889 0.3697916666666667 0.13472222222222222 0.07916666666666666
0 0.19097222222222224 0.3723958333333333 0.1486111111111111 0.06145833333333333
0 0.34097222222222223 0.5130208333333334 0.08750000000000001 0.10729166666666666
0 0.41875 0.6270833333333333 0.12638888888888888 0.08541666666666667
0 0.15555555555555556 0.6296875 0.14444444444444446 0.059375
0 0.757638888888889 0.55 0.09305555555555556 0.10625
0 0.7416666666666667 0.646875 0.13333333333333333 0.06666666666666667
0 0.8152777777777778 0.79375 0.1277777777777778 0.058333333333333334
0 0.5229166666666667 0.8156249999999999 0.07916666666666666 0.12708333333333333
0 0.40902777777777777 0.7822916666666666 0.12361111111111112 0.08541666666666667
0 0.24791666666666667 0.7953125 0.1513888888888889 0.06145833333333333
0 0.2729166666666667 0.890625 0.08194444444444444 0.10208333333333333
1 0.2451388888888889 0.23177083333333334 0.10694444444444445 0.07604166666666666
1 0.3909722222222222 0.19791666666666666 0.08472222222222223 0.08333333333333333
1 0.22986111111111113 0.5265625 0.06527777777777778 0.04895833333333333
1 0.5159722222222223 0.43333333333333335 0.05694444444444444 0.03958333333333333
1 0.44583333333333336 0.4640625 0.0638888888888889 0.05520833333333333
1 0.8965277777777778 0.41770833333333335 0.043055555555555555 0.029166666666666667
1 0.8333333333333334 0.5375 0.05555555555555556 0.0375
1 0.5305555555555556 0.5057291666666667 0.08055555555555556 0.057291666666666664
1 0.5923611111111111 0.5552083333333333 0.04861111111111111 0.035416666666666666
1 0.6277777777777778 0.6729166666666666 0.09444444444444444 0.075
1 0.5208333333333334 0.6760416666666667 0.075 0.06041666666666667
1 0.6638888888888889 0.8682291666666666 0.06944444444444445 0.059375
1 0.63125 0.7401041666666667 0.1125 0.06770833333333333
1 0.47708333333333336 0.9171874999999999 0.07361111111111111 0.057291666666666664
1 0.32222222222222224 0.6932291666666667 0.07222222222222223 0.08020833333333333
