1 0.6465277777777778 0.10052083333333334 0.07916666666666666 0.06145833333333333
1 0.4673611111111111 0.159375 0.06805555555555556 0.058333333333333334
1 0.6791666666666667 0.2760416666666667 0.09444444444444444 0.03958333333333333
1 0.8902777777777778 0.3619791666666667 0.08888888888888889 0.06354166666666666
1 0.5458333333333334 0.23072916666666665 0.09166666666666667 0.053125
1 0.607638888888889 0.5458333333333333 0.10416666666666667 0.05
1 0.13819444444444445 0.721875 0.08750000000000001 0.0625
1 0.17291666666666666 0.6421875 0.059722222222222225 0.05520833333333333
1 0.5173611111111112 0.6317708333333333 0.0625 0.042708333333333334
1 0.11527777777777778 0.5135416666666667 0.05277777777777778 0.035416666666666666
1 0.20833333333333334 0.4864583333333333 0.06666666666666667 0.058333333333333334
0 0.6909722222222222 0.18229166666666666 0.10972222222222222 0.06458333333333333
1 0.7388888888888889 0.6385416666666667 0.10555555555555556 0.06666666666666667
1 0.3791666666666667 0.42552083333333335 0.05555555555555556 0.04479166666666667
1 0.37222222222222223 0.2375 0.07777777777777778 0.04375
1 0.3138888888888889 0.325 0.06944444444444445 0.04791666666666666
0 0.8152777777777778 0.23958333333333334 0.10833333333333334 0.09166666666666666
0 0.6756944444444445 0.3567708333333333 0.09305555555555556 0.096875
0 0.7902777777777779 0.4036458333333333 0.1277777777777778 0.08854166666666667
0 0.78125 0.4817708333333333 0.11805555555555557 0.08020833333333333
0 0.8590277777777778 0.5963541666666666 0.13472222222222222 0.06354166666666666
0 0.7243055555555555 0.7755208333333333 0.07916666666666666 0.09895833333333333
0 0.5805555555555556 0.6921875 0.07222222222222223 0.09895833333333333
0 0.5645833333333333 0.7651041666666667 0.14583333333333334 0.04895833333333333
0 0.5576388888888889 0.8572916666666667 0.12916666666666668 0.07708333333333334
0 0.36875 0.9093749999999999 0.1513888888888889 0.05416666666666667
0 0.3715277777777778 0.7713541666666667 0.09305555555555556 0.084375
0 0.18125 0.8046875 0.13472222222222222 0.051041666666666666
0 0.19097222222222224 0.9109375 0.12638888888888888 0.090625
0 0.4236111111111111 0.08125 0.08333333333333334 0.09375
0 0.24791666666666667 0.0828125 0.1513888888888889 0.065625
0 0.20902777777777778 0.17083333333333334 0.10138888888888889 0.11458333333333333
0 0.19791666666666669 0.3052083333333333 0.1125 0.08958333333333333
0 0.19444444444444445 0.4010416666666667 0.1388888888888889 0.08333333333333333
0 0.3055555555555556 0.47812499999999997 0.08888888888888889 0.0875
0 0.5131944444444445 0.29635416666666664 0.14305555555555557 0.059375
0 0.5152777777777778 0.40572916666666664 0.08333333333333334 0.10729166666666666
0 0.6652777777777779 0.48072916666666665 0.11944444444444445 0.078125
0 0.4673611111111111 0.5125 0.10138888888888889 0.1
0 0.3791666666666667 0.575 0.10833333333333334 0.08125
1 0.2715277777777778 0.646875 0.09305555555555556 0.06666666666666667
