0 0.6118055555555556 0.05364583333333333 0.1125 0.09270833333333334
0 0.26319444444444445 0.0921875 0.10138888888888889 0.09479166666666666
0 0.4104166666666667 0.07395833333333333 0.11805555555555557 0.07708333333333334
0 0.24930555555555556 0.19895833333333332 0.08472222222222223 0.09166666666666666
0 0.4027777777777778 0.15520833333333334 0.11111111111111112 0.08125
0 0.4173611111111111 0.225 0.12638888888888888 0.05416666666666667
1 0.6277777777777778 0.19322916666666667 0.11111111111111112 0.06145833333333333
0 0.7895833333333334 0.19010416666666666 0.1486111111111111 0.084375
0 0.9430555555555556 0.3109375 0.08333333333333334 0.10520833333333333
0 0.6888888888888889 0.25677083333333334 0.13611111111111113 0.05520833333333333
0 0.5534722222222223 0.2677083333333333 0.14305555555555557 0.06041666666666667
0 0.3888888888888889 0.31354166666666666 0.08888888888888889 0.11875
0 0.30833333333333335 0.3416666666666667 0.075 0.09166666666666666
0 0.20625000000000002 0.38125 0.13194444444444445 0.06875
0 0.3888888888888889 0.4166666666666667 0.13611111111111113 0.06666666666666667
0 0.5097222222222222 0.3770833333333333 0.11388888888888889 0.09375
0 0.6673611111111112 0.33697916666666666 0.11805555555555557 0.078125
0 0.7784722222222222 0.334375 0.14305555555555557 0.07708333333333334
0 0.8659722222222223 0.41510416666666666 0.0763888888888889 0.11354166666666667
0 0.9145833333333334 0.4822916666666667 0.09861111111111112 0.07708333333333334
0 0.6916666666666667 0.4161458333333333 0.13333333333333333 0.06145833333333333
0 0.7305555555555556 0.4791666666666667 0.11388888888888889 0.07083333333333333
1 0.6451388888888889 0.459375 0.09305555555555556 0.0625
0 0.5493055555555556 0.47552083333333334 0.10972222222222222 0.109375
0 0.24722222222222223 0.4671875 0.15 0.051041666666666666
0 0.3923611111111111 0.5015625 0.10138888888888889 0.084375
0 0.08472222222222223 0.5057291666666667 0.13055555555555556 0.08020833333333333
0 0.29097222222222224 0.56875 0.1513888888888889 0.058333333333333334
0 0.5243055555555556 0.5515625 0.1125 0.06770833333333333
0 0.4277777777777778 0.5859375 0.12222222222222223 0.057291666666666664
1 0.44027777777777777 0.5354166666666667 0.06944444444444445 0.04791666666666666
0 0.6444444444444445 0.5760416666666667 0.125 0.07291666666666667
0 0.75625 0.5552083333333333 0.06527777777777778 0.0875
1 0.8666666666666667 0.5494791666666666 0.08055555555555556 0.05520833333333333
0 0.7652777777777778 0.6541666666666667 0.08333333333333334 0.11041666666666666
0 0.8854166666666667 0.7171875 0.14305555555555557 0.053125
0 0.6451388888888889 0.6661458333333333 0.14305555555555557 0.059375
0 0.49722222222222223 0.6458333333333334 0.1388888888888889 0.07291666666666667
0 0.5847222222222223 0.7213541666666666 0.13055555555555556 0.090625
0 0.4701388888888889 0.7411458333333333 0.07361111111111111 0.10520833333333333
0 0.3791666666666667 0.7036458333333333 0.08333333333333334 0.09895833333333333
0 0.31666666666666665 0.6578125 0.08611111111111111 0.10104166666666667
0 0.17916666666666667 0.6463541666666667 0.11388888888888889 0.06979166666666667
0 0.06736111111111111 0.6520833333333333 0.07083333333333333 0.11041666666666666
0 0.19791666666666669 0.7286458333333333 0.12361111111111112 0.06354166666666666
0 0.18194444444444446 0.828125 0.12222222222222223 0.0875
0 0.29444444444444445 0.8104166666666667 0.09166666666666667 0.10625
0 0.3923611111111111 0.8651041666666667 0.08194444444444444 0.09895833333333333
0 0.5402777777777777 0.8578125 0.15555555555555556 0.057291666666666664
0 0.6486111111111111 0.8020833333333334 0.14444444444444446 0.06666666666666667
0 0.78125 0.7880208333333333 0.09027777777777778 0.08229166666666667
0 0.29305555555555557 0.9562499999999999 0.11111111111111112 0.08333333333333333
0 0.48958333333333337 0.9270833333333334 0.12083333333333333 0.07708333333333334
0 0.5965277777777778 0.9255208333333333 0.11805555555555557 0.07604166666666666
