0 0.47500000000000003 0.13333333333333333 0.08055555555555556 0.12291666666666666
0 0.58125 0.1140625 0.12638888888888888 0.059375
0 0.7284722222222223 0.165625 0.15416666666666667 0.05416666666666667
0 0.2652777777777778 0.19947916666666665 0.13611111111111113 0.059375
0 0.4951388888888889 0.2598958333333333 0.1125 0.08645833333333333
0 0.6236111111111111 0.21145833333333333 0.06944444444444445 0.1
0 0.8194444444444445 0.2328125 0.14722222222222223 0.057291666666666664
0 0.81875 0.32708333333333334 0.08750000000000001 0.11666666666666667
1 0.5756944444444445 0.34375 0.04861111111111111 0.04583333333333333
0 0.3541666666666667 0.29375 0.08055555555555556 0.11875
0 0.45 0.37395833333333334 0.13611111111111113 0.09791666666666667
0 0.2833333333333333 0.340625 0.15 0.10208333333333333
0 0.21944444444444444 0.39739583333333334 0.11944444444444445 0.08229166666666667
0 0.3840277777777778 0.434375 0.1486111111111111 0.058333333333333334
0 0.4902777777777778 0.4713541666666667 0.13333333333333333 0.08645833333333333
0 0.7131944444444445 0.4114583333333333 0.1513888888888889 0.0625
0 0.7972222222222223 0.453125 0.14166666666666666 0.07083333333333333
0 0.13680555555555557 0.4817708333333333 0.14305555555555557 0.06354166666666666
0 0.31875000000000003 0.5765625 0.12916666666666668 0.078125
0 0.4840277777777778 0.5848958333333333 0.08472222222222223 0.11770833333333333
1 0.6104166666666667 0.5447916666666667 0.09305555555555556 0.06458333333333333
0 0.7979166666666667 0.5385416666666667 0.1513888888888889 0.05
0 0.8076388888888889 0.6473958333333333 0.09861111111111112 0.09479166666666666
1 0.16458333333333333 0.5760416666666667 0.06527777777777778 0.03958333333333333
1 0.3013888888888889 0.6385416666666667 0.08333333333333334 0.05416666666666667
1 0.17500000000000002 0.6911458333333333 0.08055555555555556 0.06354166666666666
0 0.32569444444444445 0.7453125 0.09861111111111112 0.11979166666666667
0 0.4395833333333333 0.6744791666666666 0.12361111111111112 0.07604166666666666
0 0.5881944444444445 0.7057291666666666 0.1486111111111111 0.07395833333333333
0 0.7354166666666667 0.7395833333333334 0.08750000000000001 0.11666666666666667
0 0.6423611111111112 0.7744791666666666 0.12638888888888888 0.06979166666666667
0 0.7895833333333334 0.8302083333333333 0.10138888888888889 0.10833333333333334
0 0.5041666666666667 0.8213541666666666 0.1277777777777778 0.08854166666666667
0 0.18194444444444446 0.8328125 0.10833333333333334 0.109375
1 0.2152777777777778 0.8682291666666666 0.10555555555555556 0.065625
0 0.31180555555555556 0.9026041666666667 0.14305555555555557 0.06979166666666667
0 0.4375 0.9302083333333333 0.09722222222222222 0.1125
1 0.5180555555555556 0.9645833333333333 0.07222222222222223 0.06875
