0 0.35625 0.16145833333333334 0.15694444444444444 0.058333333333333334
0 0.5527777777777778 0.17864583333333334 0.13055555555555556 0.08854166666666667
0 0.7666666666666667 0.2671875 0.12222222222222223 0.08229166666666667
0 0.5666666666666667 0.2921875 0.09722222222222222 0.103125
0 0.7937500000000001 0.384375 0.08194444444444444 0.10833333333333334
0 0.8569444444444445 0.5494791666666666 0.11666666666666667 0.09270833333333334
0 0.1527777777777778 0.3052083333333333 0.12222222222222223 0.09375
0 0.4027777777777778 0.4041666666666667 0.10555555555555556 0.10416666666666667
0 0.51875 0.4588541666666667 0.1486111111111111 0.057291666666666664
0 0.55 0.5276041666666667 0.15 0.07604166666666666
0 0.7104166666666667 0.5546875 0.14583333333333334 0.053125
0 0.7361111111111112 0.675 0.10833333333333334 0.1
0 0.7222222222222222 0.7942708333333334 0.10555555555555556 0.103125
0 0.4625 0.7661458333333333 0.10555555555555556 0.096875
0 0.23680555555555557 0.8067708333333333 0.13472222222222222 0.09270833333333334
0 0.15486111111111112 0.6026041666666666 0.12083333333333333 0.090625
0 0.11319444444444444 0.4515625 0.09305555555555556 0.109375
0 0.3493055555555556 0.5078125 0.1375 0.08229166666666667
1 0.27083333333333337 0.37916666666666665 0.08611111111111111 0.0875
1 0.38125000000000003 0.6322916666666667 0.0763888888888889 0.058333333333333334
1 0.7694444444444445 0.15520833333333334 0.1 0.0375
1 0.6506944444444445 0.13697916666666665 0.04583333333333334 0.036458333333333336
1 0.9118055555555555 0.41875 0.09027777777777778 0.06875
0 0.6652777777777779 0.4088541666666667 0.11388888888888889 0.04895833333333333
1 0.5020833333333333 0.353125 0.0625 0.04375
1 0.5006944444444444 0.69375 0.04861111111111111 0.03958333333333333
1 0.5951388888888889 0.5890625 0.04583333333333334 0.034375
