0 0.7006944444444445 0.31614583333333335 0.13194444444444445 0.06354166666666666
0 0.6979166666666667 0.39166666666666666 0.14027777777777778 0.05416666666666667
0 0.8618055555555556 0.4822916666666667 0.12361111111111112 0.058333333333333334
0 0.7534722222222222 0.6 0.14305555555555557 0.04583333333333333
0 0.5756944444444445 0.8359375 0.13472222222222222 0.07604166666666666
0 0.47361111111111115 0.7588541666666666 0.10277777777777779 0.08229166666666667
0 0.6354166666666667 0.7239583333333334 0.1625 0.052083333333333336
0 0.16805555555555557 0.6151041666666667 0.075 0.11145833333333333
0 0.12847222222222224 0.47760416666666666 0.13472222222222222 0.059375
0 0.2888888888888889 0.4921875 0.12222222222222223 0.08229166666666667
0 0.46944444444444444 0.5395833333333333 0.06944444444444445 0.11666666666666667
0 0.3625 0.6291666666666667 0.13333333333333333 0.052083333333333336
0 0.6159722222222223 0.6447916666666667 0.11527777777777778 0.08958333333333333
0 0.5305555555555556 0.4083333333333333 0.12222222222222223 0.0875
0 0.44583333333333336 0.2171875 0.06666666666666667 0.08854166666666667
0 0.3340277777777778 0.24270833333333333 0.12916666666666668 0.06458333333333333
0 0.3597222222222222 0.325 0.1527777777777778 0.05416666666666667
0 0.21944444444444444 0.375 0.06666666666666667 0.1
1 0.8090277777777778 0.6963541666666666 0.09305555555555556 0.06145833333333333
1 0.3388888888888889 0.7078125 0.1 0.04479166666666667
1 0.49583333333333335 0.6494791666666666 0.075 0.06145833333333333
1 0.3944444444444445 0.42916666666666664 0.08888888888888889 0.06875
1 0.7597222222222223 0.5192708333333333 0.08055555555555556 0.04895833333333333
1 0.5229166666666667 0.19114583333333332 0.05416666666666667 0.04479166666666667
1 0.576388888888889 0.20520833333333333 0.061111111111111116 0.052083333333333336
1 0.5791666666666667 0.5604166666666667 0.05277777777777778 0.052083333333333336
1 0.5895833333333333 0.4817708333333333 0.04861111111111111 0.042708333333333334
1 0.6729166666666667 0.23697916666666666 0.051388888888888894 0.042708333333333334
