0 0.5340277777777778 0.140625 0.12916666666666668 0.05625
0 0.7340277777777778 0.190625 0.13194444444444445 0.06666666666666667
0 0.36944444444444446 0.19791666666666666 0.08055555555555556 0.1
0 0.26666666666666666 0.27239583333333334 0.09722222222222222 0.103125
0 0.5881944444444445 0.23020833333333332 0.12361111111111112 0.08958333333333333
0 0.7409722222222223 0.31979166666666664 0.12916666666666668 0.07708333333333334
0 0.8979166666666667 0.3645833333333333 0.14583333333333334 0.058333333333333334
0 0.8361111111111111 0.43854166666666666 0.11388888888888889 0.09791666666666667
0 0.7826388888888889 0.6317708333333333 0.15972222222222224 0.053125
0 0.7312500000000001 0.7713541666666667 0.13472222222222222 0.05520833333333333
0 0.5326388888888889 0.7963541666666667 0.1375 0.06979166666666667
0 0.6402777777777778 0.6770833333333334 0.08055555555555556 0.1125
0 0.27708333333333335 0.5359375 0.11805555555555557 0.08020833333333333
0 0.16736111111111113 0.5817708333333333 0.10972222222222222 0.09479166666666666
0 0.11944444444444445 0.7302083333333333 0.09166666666666667 0.10416666666666667
0 0.29791666666666666 0.7817708333333333 0.10138888888888889 0.11145833333333333
1 0.43680555555555556 0.8296875 0.09583333333333334 0.06354166666666666
1 0.5173611111111112 0.7067708333333333 0.06805555555555556 0.06145833333333333
1 0.3729166666666667 0.7026041666666667 0.0625 0.06770833333333333
1 0.2826388888888889 0.6213541666666667 0.07083333333333333 0.057291666666666664
1 0.19791666666666669 0.4041666666666667 0.0625 0.0625
1 0.28125 0.42083333333333334 0.05694444444444444 0.06458333333333333
1 0.3909722222222222 0.378125 0.05416666666666667 0.04583333333333333
1 0.4590277777777778 0.278125 0.0625 0.04583333333333333
1 0.6201388888888889 0.3911458333333333 0.059722222222222225 0.053125
1 0.6986111111111112 0.4822916666666667 0.07222222222222223 0.06458333333333333
1 0.5111111111111112 0.4276041666666667 0.0638888888888889 0.06770833333333333
1 0.4798611111111111 0.50625 0.07361111111111111 0.06041666666666667
1 0.3888888888888889 0.584375 0.05555555555555556 0.0375
1 0.4861111111111111 0.6067708333333334 0.06944444444444445 0.053125
1 0.6069444444444445 0.5729166666666666 0.05277777777777778 0.03958333333333333
0 0.513888888888889 0.3411458333333333 0.11111111111111112 0.051041666666666666
