0 0.34861111111111115 0.10104166666666667 0.06666666666666667 0.11666666666666667
0 0.5756944444444445 0.08854166666666667 0.13472222222222222 0.06666666666666667
1 0.7625000000000001 0.15520833333333334 0.08055555555555556 0.05416666666666667
0 0.7666666666666667 0.27239583333333334 0.10277777777777779 0.109375
1 0.6534722222222222 0.253125 0.0625 0.04375
0 0.48680555555555555 0.2875 0.1125 0.08958333333333333
0 0.3513888888888889 0.36354166666666665 0.08055555555555556 0.1125
0 0.5465277777777778 0.37083333333333335 0.10138888888888889 0.08958333333333333
1 0.7138888888888889 0.38645833333333335 0.08055555555555556 0.06041666666666667
1 0.8715277777777778 0.44947916666666665 0.0763888888888889 0.042708333333333334
1 0.7805555555555556 0.484375 0.09166666666666667 0.04375
0 0.3041666666666667 0.4536458333333333 0.15 0.06145833333333333
0 0.4965277777777778 0.49374999999999997 0.08472222222222223 0.09791666666666667
0 0.19236111111111112 0.5692708333333333 0.13472222222222222 0.090625
1 0.3763888888888889 0.5572916666666666 0.10277777777777779 0.06666666666666667
1 0.5541666666666667 0.5598958333333334 0.06666666666666667 0.06354166666666666
1 0.6638888888888889 0.5833333333333334 0.09166666666666667 0.06041666666666667
1 0.7645833333333334 0.5864583333333333 0.08194444444444444 0.05416666666666667
1 0.8291666666666667 0.6817708333333333 0.08055555555555556 0.053125
1 0.6215277777777778 0.6536458333333334 0.05694444444444444 0.057291666666666664
1 0.7798611111111111 0.7302083333333333 0.07916666666666666 0.075
1 0.6222222222222222 0.759375 0.075 0.06041666666666667
1 0.48055555555555557 0.6729166666666666 0.0638888888888889 0.07708333333333334
1 0.45069444444444445 0.88125 0.05694444444444444 0.041666666666666664
0 0.35625 0.6536458333333334 0.09583333333333334 0.10104166666666667
0 0.13472222222222222 0.7104166666666667 0.14166666666666666 0.058333333333333334
0 0.4326388888888889 0.7911458333333333 0.1486111111111111 0.08229166666666667
0 0.37083333333333335 0.8859374999999999 0.08055555555555556 0.096875
0 0.6770833333333334 0.859375 0.14305555555555557 0.07291666666666667
