1 0.7659722222222223 0.1546875 0.09583333333333334 0.036458333333333336
1 0.9159722222222223 0.41875 0.09305555555555556 0.06875
0 0.6638888888888889 0.409375 0.12222222222222223 0.052083333333333336
1 0.3805555555555556 0.6322916666666667 0.08055555555555556 0.05625
1 0.2701388888888889 0.3776041666666667 0.09027777777777778 0.08854166666666667
1 0.65 0.1359375 0.04166666666666667 0.036458333333333336
1 0.5951388888888889 0.5890625 0.04583333333333334 0.034375
1 0.5027777777777778 0.3546875 0.0638888888888889 0.04479166666666667
1 0.5006944444444444 0.69375 0.04861111111111111 0.0375
0 0.3548611111111111 0.16197916666666667 0.15416666666666667 0.057291666666666664
0 0.5527777777777778 0.17760416666666667 0.125 0.084375
0 0.7680555555555556 0.2661458333333333 0.11666666666666667 0.078125
0 0.7909722222222223 0.38229166666666664 0.08194444444444444 0.10416666666666667
0 0.5659722222222222 0.29375 0.10138888888888889 0.11458333333333333
0 0.8569444444444445 0.5505208333333333 0.11666666666666667 0.09479166666666666
0 0.7111111111111111 0.5552083333333333 0.15 0.05416666666666667
0 0.7368055555555556 0.6755208333333333 0.10972222222222222 0.096875
0 0.7229166666666667 0.7947916666666667 0.10694444444444445 0.10416666666666667
0 0.4625 0.7661458333333333 0.10833333333333334 0.096875
0 0.23541666666666666 0.80625 0.13472222222222222 0.08958333333333333
0 0.15416666666666667 0.6026041666666666 0.11666666666666667 0.090625
0 0.11180555555555556 0.45208333333333334 0.09583333333333334 0.10833333333333334
0 0.35000000000000003 0.5072916666666667 0.1388888888888889 0.08333333333333333
0 0.15208333333333335 0.3046875 0.12083333333333333 0.09270833333333334
0 0.40347222222222223 0.4041666666666667 0.1125 0.10833333333333334
0 0.5166666666666667 0.4583333333333333 0.16666666666666669 0.06041666666666667
0 0.5486111111111112 0.5291666666666667 0.15 0.075
