0 0.4569444444444445 0.12708333333333333 0.13333333333333333 0.075
0 0.6201388888888889 0.23489583333333333 0.10972222222222222 0.08020833333333333
0 0.47847222222222224 0.2630208333333333 0.12083333333333333 0.078125
0 0.26319444444444445 0.22708333333333333 0.10416666666666667 0.09583333333333333
0 0.4902777777777778 0.3963541666666667 0.1527777777777778 0.06354166666666666
0 0.39722222222222225 0.45260416666666664 0.11666666666666667 0.078125
0 0.7451388888888889 0.41822916666666665 0.1486111111111111 0.06145833333333333
0 0.11597222222222223 0.6130208333333333 0.1375 0.06979166666666667
0 0.3 0.6515625 0.12222222222222223 0.08020833333333333
0 0.4291666666666667 0.6078125 0.09722222222222222 0.103125
0 0.8479166666666667 0.5375 0.13472222222222222 0.07291666666666667
0 0.80625 0.684375 0.09861111111111112 0.1
0 0.7833333333333333 0.7557291666666667 0.09722222222222222 0.09270833333333334
0 0.45833333333333337 0.7885416666666667 0.12222222222222223 0.08333333333333333
0 0.757638888888889 0.23489583333333333 0.12638888888888888 0.046875
1 0.6861111111111111 0.3723958333333333 0.08611111111111111 0.051041666666666666
1 0.30625 0.32760416666666664 0.08194444444444444 0.05520833333333333
1 0.19791666666666669 0.3770833333333333 0.07083333333333333 0.05416666666666667
0 0.09375 0.47291666666666665 0.08194444444444444 0.07916666666666666
1 0.2743055555555556 0.51875 0.07916666666666666 0.0625
1 0.5979166666666667 0.5567708333333333 0.059722222222222225 0.04895833333333333
1 0.63125 0.7541666666666667 0.04583333333333334 0.03958333333333333
0 0.5854166666666667 0.6322916666666667 0.12916666666666668 0.05
1 0.7375 0.8010416666666667 0.05555555555555556 0.04583333333333333
1 0.5750000000000001 0.8932291666666666 0.1 0.059375
1 0.5590277777777778 0.7984375 0.051388888888888894 0.036458333333333336
1 0.513888888888889 0.721875 0.05555555555555556 0.035416666666666666
1 0.31527777777777777 0.8427083333333333 0.0638888888888889 0.0375
0 0.24791666666666667 0.7651041666666667 0.1125 0.071875
