1 0.6854166666666667 0.2682291666666667 0.059722222222222225 0.053125
1 0.6291666666666667 0.20625 0.11666666666666667 0.075
1 0.43194444444444446 0.24166666666666667 0.14166666666666666 0.07083333333333333
1 0.46458333333333335 0.32916666666666666 0.10416666666666667 0.0875
1 0.8472222222222222 0.38697916666666665 0.13055555555555556 0.07395833333333333
1 0.7965277777777778 0.5088541666666666 0.08472222222222223 0.06979166666666667
1 0.6333333333333333 0.5786458333333333 0.07777777777777778 0.078125
1 0.38819444444444445 0.4666666666666667 0.07361111111111111 0.06041666666666667
1 0.4083333333333333 0.596875 0.07777777777777778 0.06875
1 0.4798611111111111 0.6838541666666667 0.09861111111111112 0.08645833333333333
1 0.2076388888888889 0.721875 0.09305555555555556 0.05625
1 0.725 0.7786458333333334 0.1638888888888889 0.12604166666666666
0 0.48680555555555555 0.8624999999999999 0.20972222222222223 0.14166666666666666
0 0.24375000000000002 0.8869791666666667 0.1902777777777778 0.13229166666666667
0 0.16666666666666669 0.5802083333333333 0.21944444444444444 0.0875
0 0.24166666666666667 0.4552083333333333 0.20833333333333334 0.08958333333333333
0 0.26458333333333334 0.3151041666666667 0.12083333333333333 0.14270833333333333
0 0.6520833333333333 0.39479166666666665 0.1875 0.10208333333333333
0 0.37777777777777777 0.134375 0.17222222222222222 0.08125
0 0.5972222222222222 0.12708333333333333 0.1388888888888889 0.12083333333333333
0 0.4916666666666667 0.5036458333333333 0.09444444444444444 0.140625
