0 0.5888888888888889 0.1875 0.11388888888888889 0.08125
0 0.4673611111111111 0.20416666666666666 0.12916666666666668 0.075
0 0.4513888888888889 0.2994791666666667 0.15 0.065625
0 0.7694444444444445 0.36302083333333335 0.17500000000000002 0.05520833333333333
0 0.5986111111111111 0.34479166666666666 0.10277777777777779 0.075
0 0.4201388888888889 0.41562499999999997 0.09583333333333334 0.10416666666666667
0 0.2881944444444445 0.4354166666666667 0.10416666666666667 0.10833333333333334
0 0.5319444444444444 0.5630208333333333 0.10833333333333334 0.12395833333333334
0 0.38819444444444445 0.5979166666666667 0.13472222222222222 0.10208333333333333
0 0.5104166666666667 0.8177083333333334 0.09583333333333334 0.1375
1 0.6666666666666667 0.2484375 0.06944444444444445 0.04895833333333333
1 0.7215277777777778 0.4244791666666667 0.05694444444444444 0.042708333333333334
1 0.7930555555555556 0.5338541666666666 0.08611111111111111 0.053125
1 0.5701388888888889 0.42291666666666666 0.08472222222222223 0.06458333333333333
1 0.6395833333333334 0.4875 0.04583333333333334 0.03958333333333333
1 0.6576388888888889 0.5791666666666666 0.07916666666666666 0.06458333333333333
1 0.46111111111111114 0.48072916666666665 0.07222222222222223 0.04895833333333333
1 0.4041666666666667 0.525 0.06944444444444445 0.04791666666666666
1 0.2701388888888889 0.6848958333333334 0.08194444444444444 0.07604166666666666
1 0.35625 0.765625 0.07916666666666666 0.04791666666666666
1 0.5409722222222222 0.6640625 0.059722222222222225 0.05520833333333333
1 0.58125 0.746875 0.07361111111111111 0.06458333333333333
