0 0.4569444444444445 0.47239583333333335 0.21944444444444444 0.08020833333333333
0 0.7055555555555556 0.4734375 0.10555555555555556 0.14270833333333333
0 0.8034722222222223 0.5776041666666667 0.14583333333333334 0.121875
0 0.6687500000000001 0.746875 0.17083333333333334 0.12708333333333333
0 0.26944444444444443 0.7796875 0.18888888888888888 0.11562499999999999
0 0.20555555555555557 0.6182291666666666 0.11666666666666667 0.13020833333333334
1 0.4673611111111111 0.7942708333333334 0.10416666666666667 0.09270833333333334
1 0.45 0.6994791666666667 0.08888888888888889 0.051041666666666666
1 0.5256944444444445 0.5828125 0.12916666666666668 0.06979166666666667
1 0.5479166666666667 0.3734375 0.07916666666666666 0.042708333333333334
1 0.4166666666666667 0.28802083333333334 0.07777777777777778 0.05520833333333333
1 0.19444444444444445 0.35625 0.15 0.09791666666666667
1 0.2513888888888889 0.4557291666666667 0.09444444444444444 0.07395833333333333
