1 0.23055555555555557 0.18385416666666665 0.08888888888888889 0.090625
1 0.69375 0.228125 0.09861111111111112 0.06666666666666667
1 0.30694444444444446 0.35572916666666665 0.09444444444444444 0.09479166666666666
1 0.38958333333333334 0.3880208333333333 0.059722222222222225 0.04895833333333333
1 0.6784722222222223 0.38697916666666665 0.10972222222222222 0.08020833333333333
1 0.6888888888888889 0.4901041666666667 0.0638888888888889 0.042708333333333334
1 0.3902777777777778 0.4510416666666667 0.09444444444444444 0.06458333333333333
1 0.1277777777777778 0.6203125 0.11944444444444445 0.090625
1 0.7569444444444444 0.6604166666666667 0.10555555555555556 0.06666666666666667
1 0.6708333333333334 0.8026041666666667 0.10555555555555556 0.06979166666666667
1 0.4743055555555556 0.8312499999999999 0.09861111111111112 0.07291666666666667
1 0.36458333333333337 0.8802083333333334 0.09027777777777778 0.10416666666666667
0 0.1375 0.9515625 0.17777777777777778 0.09479166666666666
0 0.89375 0.6213541666666667 0.14305555555555557 0.10729166666666666
0 0.7763888888888889 0.5526041666666667 0.15 0.121875
0 0.5486111111111112 0.6911458333333333 0.125 0.159375
0 0.36180555555555555 0.696875 0.1736111111111111 0.13125
1 0.12222222222222223 0.7895833333333333 0.1638888888888889 0.07083333333333333
1 0.2534722222222222 0.5453125 0.20694444444444446 0.071875
1 0.4666666666666667 0.5421875 0.19722222222222224 0.06770833333333333
1 0.8104166666666667 0.390625 0.17083333333333334 0.075
1 0.8631944444444445 0.27291666666666664 0.18472222222222223 0.09583333333333333
1 0.5986111111111111 0.19635416666666666 0.13055555555555556 0.14479166666666665
1 0.33333333333333337 0.1171875 0.19166666666666668 0.07604166666666666
1 0.17430555555555557 0.33697916666666666 0.1125 0.134375
