0 0.6715277777777778 0.8682291666666666 0.10694444444444445 0.14270833333333333
0 0.43472222222222223 0.8125 0.19166666666666668 0.08958333333333333
0 0.20416666666666666 0.8859374999999999 0.18055555555555555 0.128125
0 0.5847222222222223 0.684375 0.12222222222222223 0.14375
0 0.32083333333333336 0.6036458333333333 0.15 0.13229166666666667
0 0.7506944444444444 0.47552083333333334 0.11805555555555557 0.14270833333333333
0 0.5791666666666667 0.378125 0.18055555555555555 0.10416666666666667
0 0.24861111111111112 0.3671875 0.18888888888888888 0.078125
0 0.5194444444444445 0.12291666666666666 0.20833333333333334 0.07291666666666667
0 0.7090277777777778 0.1546875 0.1486111111111111 0.10729166666666666
