1 0.4340277777777778 0.278125 0.05416666666666667 0.035416666666666666
1 0.5590277777777778 0.32395833333333335 0.0763888888888889 0.04375
1 0.44027777777777777 0.3494791666666667 0.09722222222222222 0.042708333333333334
1 0.5194444444444445 0.38958333333333334 0.075 0.05625
1 0.6333333333333333 0.44635416666666666 0.058333333333333334 0.042708333333333334
1 0.6131944444444445 0.5098958333333333 0.06527777777777778 0.036458333333333336
1 0.9034722222222222 0.5453125 0.07083333333333333 0.04479166666666667
1 0.7243055555555555 0.5994791666666667 0.051388888888888894 0.04479166666666667
1 0.857638888888889 0.7057291666666666 0.07083333333333333 0.04895833333333333
1 0.6979166666666667 0.7265625 0.0625 0.051041666666666666
1 0.3513888888888889 0.8776041666666666 0.08888888888888889 0.07395833333333333
1 0.2972222222222222 0.76875 0.1 0.07291666666666667
1 0.6319444444444444 0.6348958333333333 0.09166666666666667 0.057291666666666664
0 0.2465277777777778 0.65 0.07361111111111111 0.08958333333333333
0 0.5201388888888889 0.8510416666666667 0.12361111111111112 0.08958333333333333
0 0.5069444444444444 0.7317708333333334 0.1527777777777778 0.07604166666666666
0 0.35555555555555557 0.6421875 0.15833333333333333 0.065625
0 0.5048611111111111 0.6619791666666667 0.12916666666666668 0.053125
0 0.2111111111111111 0.4828125 0.10277777777777779 0.08645833333333333
0 0.37222222222222223 0.5244791666666666 0.125 0.07604166666666666
0 0.5041666666666667 0.5067708333333333 0.13055555555555556 0.06979166666666667
0 0.6763888888888889 0.5473958333333333 0.13333333333333333 0.057291666666666664
0 0.8180555555555555 0.4671875 0.11666666666666667 0.09270833333333334
0 0.9027777777777778 0.3927083333333333 0.10833333333333334 0.10208333333333333
0 0.7340277777777778 0.30885416666666665 0.09027777777777778 0.10520833333333333
0 0.788888888888889 0.21770833333333334 0.14166666666666666 0.05625
0 0.6444444444444445 0.22760416666666666 0.08888888888888889 0.10104166666666667
0 0.7041666666666667 0.12708333333333333 0.1 0.10416666666666667
0 0.5152777777777778 0.11875 0.15 0.06875
0 0.42430555555555555 0.20885416666666667 0.12916666666666668 0.046875
0 0.25833333333333336 0.303125 0.11666666666666667 0.10208333333333333
0 0.3840277777777778 0.4197916666666667 0.09027777777777778 0.09166666666666666
