0 0.2791666666666667 0.2609375 0.1277777777777778 0.159375
0 0.22291666666666668 0.4427083333333333 0.2013888888888889 0.10416666666666667
0 0.6909722222222222 0.4036458333333333 0.18194444444444446 0.09270833333333334
0 0.6534722222222222 0.5765625 0.1125 0.16145833333333334
0 0.5333333333333333 0.7296875 0.15 0.140625
0 0.37569444444444444 0.7901041666666666 0.1375 0.16979166666666667
1 0.49097222222222225 0.4588541666666667 0.09583333333333334 0.07604166666666666
1 0.44097222222222227 0.29322916666666665 0.08750000000000001 0.07395833333333333
1 0.4604166666666667 0.1875 0.09305555555555556 0.08125
1 0.6194444444444445 0.2046875 0.09166666666666667 0.09895833333333333
1 0.5722222222222223 0.3151041666666667 0.075 0.057291666666666664
1 0.8159722222222222 0.25104166666666666 0.10138888888888889 0.07916666666666666
1 0.8562500000000001 0.4354166666666667 0.12361111111111112 0.07916666666666666
