1 0.3541666666666667 0.31145833333333334 0.0638888888888889 0.05
1 0.513888888888889 0.36822916666666666 0.06666666666666667 0.05520833333333333
1 0.6208333333333333 0.4552083333333333 0.10555555555555556 0.07916666666666666
1 0.6430555555555556 0.5510416666666667 0.06666666666666667 0.04791666666666666
1 0.46319444444444446 0.575 0.07361111111111111 0.04375
1 0.3284722222222222 0.7234375 0.11527777777777778 0.08020833333333333
0 0.37430555555555556 0.8651041666666667 0.19305555555555556 0.11354166666666667
0 0.5631944444444444 0.7020833333333333 0.15694444444444444 0.075
0 0.7763888888888889 0.63125 0.15833333333333333 0.10833333333333334
0 0.24583333333333335 0.6291666666666667 0.14722222222222223 0.10208333333333333
0 0.1513888888888889 0.540625 0.13611111111111113 0.12083333333333333
0 0.4340277777777778 0.490625 0.18194444444444446 0.10208333333333333
0 0.27361111111111114 0.3609375 0.11111111111111112 0.13020833333333334
0 0.18055555555555555 0.27708333333333335 0.09722222222222222 0.11666666666666667
0 0.7055555555555556 0.29270833333333335 0.13611111111111113 0.06875
0 0.5437500000000001 0.171875 0.1125 0.10833333333333334
0 0.37777777777777777 0.18645833333333334 0.11666666666666667 0.1125
