0 0.16041666666666668 0.4552083333333333 0.1625 0.13958333333333334
0 0.5895833333333333 0.43124999999999997 0.1763888888888889 0.09791666666666667
0 0.38472222222222224 0.5234375 0.1527777777777778 0.10104166666666667
0 0.6597222222222222 0.6026041666666666 0.19166666666666668 0.08229166666666667
0 0.2604166666666667 0.7171875 0.14583333333333334 0.14270833333333333
0 0.6256944444444444 0.7822916666666666 0.19305555555555556 0.11666666666666667
0 0.3506944444444445 0.8671875 0.14027777777777778 0.11770833333333333
1 0.5430555555555556 0.703125 0.07222222222222223 0.058333333333333334
1 0.46805555555555556 0.55625 0.06944444444444445 0.05
1 0.6486111111111111 0.5182291666666666 0.09166666666666667 0.06770833333333333
1 0.34861111111111115 0.3609375 0.08055555555555556 0.06145833333333333
1 0.5236111111111111 0.3151041666666667 0.1277777777777778 0.08229166666666667
1 0.6798611111111111 0.26666666666666666 0.1375 0.07291666666666667
1 0.8152777777777778 0.3494791666666667 0.125 0.08229166666666667
1 0.5513888888888889 0.15677083333333333 0.11666666666666667 0.096875
