1 0.49583333333333335 0.16145833333333334 0.1 0.09791666666666667
1 0.6069444444444445 0.16770833333333332 0.09444444444444444 0.07916666666666666
1 0.7611111111111112 0.11354166666666667 0.12222222222222223 0.08125
1 0.8444444444444444 0.1921875 0.10277777777777779 0.06354166666666666
1 0.9368055555555556 0.3697916666666667 0.09305555555555556 0.07916666666666666
1 0.8090277777777778 0.4161458333333333 0.08750000000000001 0.096875
1 0.8868055555555556 0.5041666666666667 0.10694444444444445 0.08541666666666667
1 0.8409722222222222 0.75 0.09305555555555556 0.07708333333333334
1 0.5902777777777778 0.45989583333333334 0.05555555555555556 0.057291666666666664
1 0.40208333333333335 0.8854166666666666 0.08750000000000001 0.07083333333333333
0 0.12986111111111112 0.825 0.1125 0.14583333333333334
0 0.33958333333333335 0.74375 0.1486111111111111 0.14791666666666667
0 0.5118055555555556 0.7713541666666667 0.10416666666666667 0.165625
0 0.4979166666666667 0.6223958333333334 0.1486111111111111 0.13645833333333332
0 0.3888888888888889 0.4328125 0.1638888888888889 0.13020833333333334
0 0.6951388888888889 0.49374999999999997 0.14305555555555557 0.13541666666666666
0 0.38125000000000003 0.28854166666666664 0.19861111111111113 0.11041666666666666
0 0.6493055555555556 0.3223958333333333 0.18194444444444446 0.11979166666666667
