0 0.3388888888888889 0.10781249999999999 0.16944444444444445 0.071875
0 0.3402777777777778 0.371875 0.22222222222222224 0.09166666666666666
0 0.19861111111111113 0.4588541666666667 0.21666666666666667 0.08854166666666667
0 0.3180555555555556 0.5572916666666666 0.11666666666666667 0.15416666666666667
0 0.5472222222222223 0.6640625 0.16944444444444445 0.15520833333333334
0 0.3298611111111111 0.809375 0.20972222222222223 0.1375
1 0.5131944444444445 0.8682291666666666 0.13194444444444445 0.134375
1 0.14722222222222223 0.5927083333333333 0.13055555555555556 0.075
1 0.4340277777777778 0.5828125 0.09861111111111112 0.071875
1 0.6111111111111112 0.48385416666666664 0.1277777777777778 0.10104166666666667
1 0.74375 0.4223958333333333 0.1486111111111111 0.08854166666666667
1 0.45416666666666666 0.29791666666666666 0.09166666666666667 0.0625
1 0.5479166666666667 0.24947916666666667 0.0763888888888889 0.057291666666666664
1 0.5305555555555556 0.15677083333333333 0.13055555555555556 0.078125
1 0.3229166666666667 0.19166666666666665 0.0763888888888889 0.06458333333333333
1 0.21805555555555556 0.18020833333333333 0.08611111111111111 0.08958333333333333
