0 0.3236111111111111 0.084375 0.14722222222222223 0.07083333333333333
0 0.3423611111111111 0.171875 0.1375 0.06875
0 0.31527777777777777 0.26666666666666666 0.09166666666666667 0.11041666666666666
0 0.15 0.3463541666666667 0.14444444444444446 0.078125
0 0.22430555555555556 0.44895833333333335 0.1486111111111111 0.075
0 0.3368055555555556 0.5098958333333333 0.1625 0.071875
0 0.49583333333333335 0.503125 0.13333333333333333 0.08541666666666667
0 0.1826388888888889 0.6083333333333333 0.10972222222222222 0.10416666666666667
0 0.3451388888888889 0.5916666666666667 0.13472222222222222 0.06458333333333333
0 0.5020833333333333 0.6182291666666666 0.14027777777777778 0.06770833333333333
0 0.4604166666666667 0.73125 0.1375 0.08958333333333333
0 0.16180555555555556 0.7541666666666667 0.13472222222222222 0.09583333333333333
0 0.3180555555555556 0.746875 0.11111111111111112 0.11041666666666666
0 0.8416666666666667 0.6447916666666667 0.13055555555555556 0.08541666666666667
0 0.8770833333333333 0.56875 0.1513888888888889 0.058333333333333334
0 0.7618055555555556 0.4953125 0.15416666666666667 0.071875
0 0.6659722222222223 0.42291666666666666 0.13194444444444445 0.06041666666666667
0 0.8631944444444445 0.3067708333333333 0.11805555555555557 0.10104166666666667
1 0.7548611111111111 0.6708333333333333 0.059722222222222225 0.07708333333333334
1 0.6118055555555556 0.7666666666666666 0.06805555555555556 0.07708333333333334
1 0.4756944444444445 0.8578125 0.09305555555555556 0.05520833333333333
0 0.6645833333333333 0.5692708333333333 0.09583333333333334 0.07604166666666666
1 0.4715277777777778 0.42291666666666666 0.12083333333333333 0.052083333333333336
1 0.7916666666666667 0.396875 0.08055555555555556 0.06666666666666667
0 0.6715277777777778 0.3151041666666667 0.12083333333333333 0.06145833333333333
1 0.5645833333333333 0.2921875 0.07361111111111111 0.053125
1 0.49722222222222223 0.21510416666666665 0.06666666666666667 0.057291666666666664
1 0.5888888888888889 0.1765625 0.08055555555555556 0.071875
1 0.6125 0.075 0.0638888888888889 0.0375
0 0.43125 0.3296875 0.10138888888888889 0.10104166666666667
0 0.7729166666666667 0.1125 0.11527777777777778 0.07708333333333334
