1 0.2534722222222222 0.2895833333333333 0.13194444444444445 0.0875
1 0.5131944444444445 0.4635416666666667 0.12361111111111112 0.08333333333333333
1 0.7291666666666667 0.39375 0.13055555555555556 0.0625
1 0.7652777777777778 0.49947916666666664 0.13333333333333333 0.11770833333333333
1 0.2326388888888889 0.6640625 0.09305555555555556 0.07395833333333333
1 0.20208333333333334 0.7770833333333333 0.08194444444444444 0.06041666666666667
0 0.37430555555555556 0.7473958333333334 0.20694444444444446 0.11979166666666667
0 0.65 0.703125 0.18333333333333335 0.11666666666666667
0 0.7673611111111112 0.803125 0.18472222222222223 0.16041666666666665
0 0.5173611111111112 0.5989583333333334 0.22083333333333335 0.07916666666666666
0 0.18819444444444444 0.4791666666666667 0.19583333333333333 0.12083333333333333
0 0.4104166666666667 0.23541666666666666 0.12361111111111112 0.14166666666666666
0 0.5680555555555555 0.2864583333333333 0.15555555555555556 0.15416666666666667
0 0.81875 0.2671875 0.17083333333333334 0.13229166666666667
