0 0.36388888888888893 0.2515625 0.11111111111111112 0.13020833333333334
0 0.7125 0.21666666666666667 0.10833333333333334 0.12291666666666666
0 0.39583333333333337 0.3734375 0.18333333333333335 0.07395833333333333
0 0.2611111111111111 0.4588541666666667 0.20555555555555557 0.103125
0 0.6055555555555556 0.6463541666666667 0.17777777777777778 0.07395833333333333
0 0.7020833333333334 0.8463541666666666 0.1902777777777778 0.078125
0 0.2520833333333333 0.9130208333333333 0.18472222222222223 0.12395833333333334
1 0.8006944444444445 0.46197916666666666 0.09861111111111112 0.06979166666666667
1 0.6472222222222223 0.4427083333333333 0.11388888888888889 0.08125
1 0.46319444444444446 0.55 0.059722222222222225 0.04375
1 0.46319444444444446 0.7317708333333334 0.059722222222222225 0.04895833333333333
1 0.42986111111111114 0.6588541666666666 0.08472222222222223 0.071875
1 0.2638888888888889 0.6098958333333333 0.08611111111111111 0.05520833333333333
1 0.49722222222222223 0.13333333333333333 0.09722222222222222 0.07291666666666667
