1 0.2152777777777778 0.3104166666666667 0.1277777777777778 0.0625
1 0.16180555555555556 0.39791666666666664 0.1125 0.06041666666666667
1 0.5347222222222222 0.3265625 0.11944444444444445 0.06354166666666666
1 0.6666666666666667 0.2791666666666667 0.08055555555555556 0.04583333333333333
1 0.8340277777777778 0.36875 0.07361111111111111 0.04583333333333333
1 0.7041666666666667 0.44114583333333335 0.125 0.071875
1 0.6055555555555556 0.5494791666666666 0.07222222222222223 0.06770833333333333
1 0.48125 0.5453125 0.10138888888888889 0.07604166666666666
1 0.4604166666666667 0.46249999999999997 0.05416666666666667 0.0375
1 0.5055555555555555 0.7260416666666667 0.09444444444444444 0.0625
1 0.6736111111111112 0.9390625 0.08055555555555556 0.06145833333333333
0 0.38680555555555557 0.8333333333333334 0.17916666666666667 0.12916666666666665
0 0.34375 0.55 0.09861111111111112 0.12916666666666665
0 0.7465277777777778 0.7005208333333334 0.19861111111111113 0.08229166666666667
0 0.24097222222222223 0.7411458333333333 0.13194444444444445 0.14270833333333333
0 0.16180555555555556 0.5895833333333333 0.1763888888888889 0.12708333333333333
0 0.4152777777777778 0.3645833333333333 0.125 0.12916666666666665
0 0.46597222222222223 0.17552083333333332 0.18472222222222223 0.078125
0 0.26666666666666666 0.21354166666666666 0.17777777777777778 0.07916666666666666
