0 0.6270833333333333 0.09427083333333333 0.14027777777777778 0.07395833333333333
0 0.36458333333333337 0.1140625 0.13472222222222222 0.071875
0 0.5458333333333334 0.234375 0.1388888888888889 0.07291666666666667
0 0.7451388888888889 0.2838541666666667 0.14305555555555557 0.053125
0 0.5826388888888889 0.3359375 0.14305555555555557 0.065625
0 0.8118055555555556 0.45260416666666664 0.09861111111111112 0.11145833333333333
0 0.6993055555555556 0.4203125 0.09027777777777778 0.09895833333333333
0 0.701388888888889 0.5036458333333333 0.1527777777777778 0.071875
0 0.8506944444444445 0.6171875 0.1625 0.05520833333333333
0 0.8736111111111111 0.6901041666666666 0.14444444444444446 0.071875
0 0.5701388888888889 0.45677083333333335 0.14583333333333334 0.071875
0 0.47500000000000003 0.3854166666666667 0.16666666666666669 0.06041666666666667
0 0.18055555555555555 0.24322916666666666 0.09444444444444444 0.08229166666666667
0 0.28125 0.45208333333333334 0.14305555555555557 0.08541666666666667
0 0.3388888888888889 0.5307291666666667 0.16666666666666669 0.057291666666666664
0 0.4673611111111111 0.5536458333333333 0.10138888888888889 0.10104166666666667
0 0.15069444444444444 0.5828125 0.1486111111111111 0.057291666666666664
0 0.35625 0.6588541666666666 0.1486111111111111 0.07604166666666666
0 0.18541666666666667 0.6901041666666666 0.1625 0.051041666666666666
0 0.15486111111111112 0.7734375 0.14583333333333334 0.06770833333333333
0 0.26319444444444445 0.8651041666666667 0.0763888888888889 0.11562499999999999
0 0.4 0.7828125 0.15 0.06145833333333333
0 0.6208333333333333 0.8203125 0.15555555555555556 0.078125
0 0.5729166666666667 0.8791666666666667 0.12083333333333333 0.09583333333333333
1 0.20625000000000002 0.35572916666666665 0.14027777777777778 0.051041666666666666
1 0.3277777777777778 0.29375 0.07222222222222223 0.05
1 0.42708333333333337 0.21510416666666665 0.07361111111111111 0.078125
1 0.5458333333333334 0.5567708333333333 0.08888888888888889 0.084375
1 0.5750000000000001 0.6359375 0.08055555555555556 0.042708333333333334
1 0.6993055555555556 0.6140625 0.07361111111111111 0.053125
1 0.8791666666666667 0.534375 0.09722222222222222 0.04791666666666666
1 0.6291666666666667 0.71875 0.09444444444444444 0.058333333333333334
1 0.7291666666666667 0.8041666666666667 0.07222222222222223 0.04583333333333333
1 0.3909722222222222 0.8958333333333334 0.06805555555555556 0.06666666666666667
1 0.44097222222222227 0.7171875 0.07083333333333333 0.042708333333333334
