1 0.4083333333333333 0.2421875 0.09722222222222222 0.06979166666666667
1 0.5604166666666667 0.34375 0.0625 0.05416666666666667
1 0.6444444444444445 0.365625 0.06944444444444445 0.04583333333333333
1 0.7229166666666667 0.43333333333333335 0.05694444444444444 0.041666666666666664
1 0.3965277777777778 0.4088541666666667 0.0763888888888889 0.06354166666666666
1 0.5395833333333333 0.5359375 0.08194444444444444 0.06770833333333333
1 0.6402777777777778 0.5375 0.075 0.052083333333333336
1 0.7805555555555556 0.7848958333333333 0.125 0.08020833333333333
1 0.3506944444444445 0.60625 0.10694444444444445 0.07291666666666667
1 0.3125 0.9 0.11388888888888889 0.08333333333333333
1 0.16875 0.7953125 0.13194444444444445 0.08020833333333333
1 0.5680555555555555 0.6729166666666666 0.16944444444444445 0.10208333333333333
0 0.5166666666666667 0.8375 0.15555555555555556 0.16458333333333333
0 0.34305555555555556 0.7630208333333334 0.17500000000000002 0.11562499999999999
0 0.16597222222222222 0.6328125 0.19583333333333333 0.103125
0 0.29791666666666666 0.4770833333333333 0.1625 0.1125
0 0.2569444444444445 0.33541666666666664 0.23611111111111113 0.08333333333333333
0 0.2326388888888889 0.22083333333333333 0.18194444444444446 0.12083333333333333
0 0.4791666666666667 0.1328125 0.22777777777777777 0.08645833333333333
0 0.63125 0.22239583333333332 0.14583333333333334 0.12604166666666666
