0 0.2951388888888889 0.15989583333333332 0.09583333333333334 0.11979166666666667
0 0.26180555555555557 0.2989583333333333 0.14583333333333334 0.10416666666666667
0 0.3180555555555556 0.3645833333333333 0.16666666666666669 0.058333333333333334
0 0.48333333333333334 0.4244791666666667 0.16111111111111112 0.057291666666666664
0 0.36319444444444443 0.49583333333333335 0.11805555555555557 0.09583333333333333
0 0.5520833333333334 0.2604166666666667 0.1125 0.11458333333333333
0 0.6770833333333334 0.203125 0.12638888888888888 0.08125
0 0.8659722222222223 0.2109375 0.08750000000000001 0.10729166666666666
0 0.757638888888889 0.29375 0.16527777777777777 0.04791666666666666
0 0.8159722222222222 0.38177083333333334 0.12916666666666668 0.08020833333333333
0 0.857638888888889 0.49374999999999997 0.06805555555555556 0.10833333333333334
0 0.7395833333333334 0.525 0.15416666666666667 0.07916666666666666
0 0.8152777777777778 0.6770833333333334 0.07222222222222223 0.11875
0 0.576388888888889 0.8520833333333333 0.14444444444444446 0.06666666666666667
0 0.38958333333333334 0.6104166666666666 0.15972222222222224 0.05625
0 0.24791666666666667 0.8489583333333334 0.15416666666666667 0.06041666666666667
1 0.74375 0.8770833333333333 0.10694444444444445 0.07916666666666666
1 0.775 0.8296875 0.11944444444444445 0.07604166666666666
1 0.8250000000000001 0.76875 0.08333333333333334 0.05416666666666667
1 0.6472222222222223 0.6692708333333334 0.07777777777777778 0.051041666666666666
1 0.5736111111111112 0.753125 0.07777777777777778 0.052083333333333336
1 0.4013888888888889 0.8364583333333333 0.1 0.07708333333333334
1 0.36736111111111114 0.7546875 0.0625 0.040625
1 0.45763888888888893 0.6890625 0.0625 0.053125
1 0.5750000000000001 0.6239583333333333 0.06666666666666667 0.052083333333333336
1 0.59375 0.5338541666666666 0.10972222222222222 0.059375
0 0.6631944444444444 0.4453125 0.10416666666666667 0.09270833333333334
1 0.5826388888888889 0.33541666666666664 0.08472222222222223 0.05
1 0.3888888888888889 0.30052083333333335 0.08611111111111111 0.051041666666666666
1 0.41111111111111115 0.2109375 0.07222222222222223 0.084375
0 0.6173611111111111 0.13020833333333334 0.12361111111111112 0.07708333333333334
0 0.4729166666666667 0.090625 0.12916666666666668 0.06875
1 0.23402777777777778 0.4817708333333333 0.0763888888888889 0.057291666666666664
1 0.10694444444444445 0.609375 0.05555555555555556 0.0375
1 0.2659722222222222 0.6770833333333334 0.0763888888888889 0.052083333333333336
0 0.14166666666666666 0.5536458333333333 0.15 0.053125
