0 0.4027777777777778 0.1453125 0.08333333333333334 0.134375
0 0.5916666666666667 0.1703125 0.09722222222222222 0.146875
0 0.7222222222222222 0.25677083333333334 0.10277777777777779 0.13854166666666667
0 0.35625 0.3776041666666667 0.09305555555555556 0.15104166666666666
0 0.6631944444444444 0.515625 0.17083333333333334 0.10416666666666667
0 0.6993055555555556 0.7005208333333334 0.1736111111111111 0.13229166666666667
0 0.39583333333333337 0.6869791666666667 0.10555555555555556 0.165625
1 0.5715277777777777 0.8651041666666667 0.10972222222222222 0.05520833333333333
1 0.2868055555555556 0.8546874999999999 0.08194444444444444 0.07395833333333333
1 0.09236111111111112 0.7239583333333334 0.09861111111111112 0.06875
1 0.5479166666666667 0.6864583333333333 0.07916666666666666 0.06041666666666667
1 0.43472222222222223 0.5098958333333333 0.07777777777777778 0.059375
1 0.5006944444444444 0.36041666666666666 0.06805555555555556 0.05
1 0.5715277777777777 0.3338541666666667 0.05694444444444444 0.06354166666666666
0 0.22291666666666668 0.5302083333333333 0.10972222222222222 0.1375
