0 0.5673611111111111 0.0984375 0.15416666666666667 0.09479166666666666
0 0.4666666666666667 0.3046875 0.09722222222222222 0.13020833333333334
0 0.2625 0.4348958333333333 0.15833333333333333 0.10520833333333333
0 0.46597222222222223 0.5375 0.1875 0.06458333333333333
0 0.7444444444444445 0.8734375 0.20277777777777778 0.08229166666666667
0 0.3076388888888889 0.8270833333333333 0.1375 0.125
1 0.513888888888889 0.7192708333333333 0.09166666666666667 0.057291666666666664
1 0.7118055555555556 0.6526041666666667 0.08472222222222223 0.065625
1 0.6916666666666667 0.4927083333333333 0.11944444444444445 0.07708333333333334
1 0.5979166666666667 0.4197916666666667 0.10694444444444445 0.06041666666666667
1 0.7347222222222223 0.2859375 0.09166666666666667 0.065625
1 0.6472222222222223 0.23229166666666667 0.11388888888888889 0.09166666666666666
1 0.3104166666666667 0.5885416666666666 0.08750000000000001 0.07083333333333333
1 0.09027777777777778 0.5796875 0.06944444444444445 0.05520833333333333
