0 0.3854166666666667 0.1765625 0.20416666666666666 0.13229166666666667
0 0.6715277777777778 0.22916666666666666 0.10972222222222222 0.1625
0 0.4840277777777778 0.3703125 0.1486111111111111 0.13229166666666667
0 0.2326388888888889 0.39166666666666666 0.12361111111111112 0.15
0 0.5263888888888889 0.5541666666666667 0.2138888888888889 0.13125
0 0.2986111111111111 0.6947916666666667 0.2388888888888889 0.09791666666666667
0 0.4847222222222222 0.8265625 0.17777777777777778 0.121875
1 0.6736111111111112 0.7296875 0.09444444444444444 0.05520833333333333
1 0.8291666666666667 0.5927083333333333 0.08611111111111111 0.09375
1 0.7354166666666667 0.46510416666666665 0.12083333333333333 0.08229166666666667
1 0.8166666666666667 0.3109375 0.13055555555555556 0.103125
