1 0.3965277777777778 0.3208333333333333 0.12361111111111112 0.08541666666666667
1 0.6138888888888889 0.30364583333333334 0.11666666666666667 0.090625
1 0.75625 0.3546875 0.11805555555555557 0.09479166666666666
1 0.3416666666666667 0.4942708333333333 0.08611111111111111 0.06770833333333333
1 0.545138888888889 0.5786458333333333 0.10138888888888889 0.09270833333333334
1 0.25 0.5942708333333333 0.0638888888888889 0.06770833333333333
0 0.6451388888888889 0.7723958333333333 0.19861111111111113 0.08645833333333333
0 0.4326388888888889 0.6765625 0.14583333333333334 0.15104166666666666
0 0.20416666666666666 0.7520833333333333 0.15 0.16666666666666666
0 0.6972222222222223 0.49374999999999997 0.1527777777777778 0.1375
0 0.5048611111111111 0.434375 0.1902777777777778 0.08333333333333333
0 0.1951388888888889 0.4223958333333333 0.12638888888888888 0.12604166666666666
