0 0.5277777777777778 0.15677083333333333 0.14444444444444446 0.07395833333333333
0 0.638888888888889 0.20520833333333333 0.15555555555555556 0.06666666666666667
0 0.3236111111111111 0.1734375 0.1388888888888889 0.084375
0 0.41597222222222224 0.2604166666666667 0.10972222222222222 0.10208333333333333
0 0.2729166666666667 0.334375 0.15972222222222224 0.08125
0 0.15555555555555556 0.4192708333333333 0.1527777777777778 0.06145833333333333
0 0.325 0.5411458333333333 0.09444444444444444 0.11562499999999999
0 0.25833333333333336 0.6411458333333333 0.14722222222222223 0.071875
0 0.3965277777777778 0.6729166666666666 0.09027777777777778 0.10416666666666667
0 0.15763888888888888 0.7953125 0.09305555555555556 0.10729166666666666
0 0.5180555555555556 0.665625 0.12222222222222223 0.08125
0 0.6826388888888889 0.6145833333333334 0.08750000000000001 0.10833333333333334
0 0.6951388888888889 0.7057291666666666 0.12916666666666668 0.07395833333333333
0 0.5034722222222222 0.759375 0.1625 0.06458333333333333
0 0.6576388888888889 0.8677083333333333 0.15416666666666667 0.06041666666666667
0 0.5284722222222222 0.4692708333333333 0.14305555555555557 0.057291666666666664
1 0.8611111111111112 0.4734375 0.061111111111111116 0.046875
1 0.7826388888888889 0.5703125 0.08750000000000001 0.06770833333333333
1 0.7451388888888889 0.46979166666666666 0.06527777777777778 0.05625
0 0.6465277777777778 0.48333333333333334 0.09861111111111112 0.08125
1 0.7784722222222222 0.35052083333333334 0.05694444444444444 0.04479166666666667
1 0.7826388888888889 0.2557291666666667 0.09027777777777778 0.06770833333333333
1 0.6451388888888889 0.30625 0.06805555555555556 0.041666666666666664
1 0.6527777777777778 0.384375 0.06944444444444445 0.03958333333333333
1 0.5743055555555556 0.3807291666666667 0.06805555555555556 0.04895833333333333
2 0.5083333333333333 0.3182291666666667 0.07222222222222223 0.04479166666666667
1 0.4604166666666667 0.39010416666666664 0.06527777777777778 0.059375
1 0.24930555555555556 0.26927083333333335 0.06527777777777778 0.04895833333333333
0 0.3527777777777778 0.41354166666666664 0.11944444444444445 0.075
1 0.42083333333333334 0.5385416666666667 0.075 0.06875
1 0.5145833333333334 0.5729166666666666 0.051388888888888894 0.04583333333333333
1 0.19861111111111113 0.5729166666666666 0.10555555555555556 0.05
1 0.3493055555555556 0.8083333333333333 0.08194444444444444 0.0625
1 0.4277777777777778 0.8494791666666667 0.061111111111111116 0.042708333333333334
