0 0.4375 0.10781249999999999 0.1527777777777778 0.06145833333333333
0 0.6152777777777778 0.18854166666666666 0.125 0.0875
0 0.7909722222222223 0.29270833333333335 0.14305555555555557 0.08125
0 0.4027777777777778 0.25625 0.13055555555555556 0.10208333333333333
0 0.25277777777777777 0.20416666666666666 0.13611111111111113 0.08958333333333333
0 0.19305555555555556 0.33125 0.07777777777777778 0.10416666666666667
0 0.3458333333333333 0.39166666666666666 0.11111111111111112 0.1125
0 0.3104166666666667 0.5057291666666667 0.1763888888888889 0.06354166666666666
0 0.5333333333333333 0.5072916666666667 0.16666666666666669 0.05625
0 0.6527777777777778 0.40208333333333335 0.13611111111111113 0.1
0 0.8229166666666667 0.4395833333333333 0.10972222222222222 0.09583333333333333
0 0.24097222222222223 0.6166666666666667 0.12083333333333333 0.08958333333333333
0 0.24861111111111112 0.75 0.13333333333333333 0.09166666666666666
0 0.5270833333333333 0.7578125 0.12361111111111112 0.11354166666666667
0 0.6402777777777778 0.8598958333333333 0.11666666666666667 0.090625
0 0.3902777777777778 0.8682291666666666 0.10277777777777779 0.11562499999999999
0 0.21041666666666667 0.8895833333333333 0.14583333333333334 0.07083333333333333
0 0.49236111111111114 0.8937499999999999 0.07916666666666666 0.10416666666666667
1 0.7215277777777778 0.7505208333333333 0.10694444444444445 0.08854166666666667
1 0.3263888888888889 0.7744791666666666 0.075 0.07395833333333333
1 0.4451388888888889 0.7125 0.08750000000000001 0.04791666666666666
1 0.5111111111111112 0.6182291666666666 0.10555555555555556 0.053125
1 0.43472222222222223 0.540625 0.08611111111111111 0.05
1 0.17708333333333334 0.45468749999999997 0.07083333333333333 0.04895833333333333
1 0.513888888888889 0.39166666666666666 0.11944444444444445 0.06875
1 0.5388888888888889 0.284375 0.1 0.075
1 0.6861111111111111 0.2916666666666667 0.058333333333333334 0.0375
1 0.6673611111111112 0.5354166666666667 0.06527777777777778 0.075
1 0.7923611111111112 0.56875 0.06805555555555556 0.08541666666666667
1 0.89375 0.5989583333333334 0.0763888888888889 0.08333333333333333
