0 0.40208333333333335 0.509375 0.17083333333333334 0.05
0 0.7840277777777778 0.5489583333333333 0.12638888888888888 0.11041666666666666
0 0.6736111111111112 0.7984375 0.11944444444444445 0.11770833333333333
0 0.35555555555555557 0.7942708333333334 0.1527777777777778 0.103125
0 0.47361111111111115 0.6328125 0.1277777777777778 0.08229166666666667
0 0.2611111111111111 0.6166666666666667 0.11111111111111112 0.1125
1 0.6 0.5921875 0.10277777777777779 0.078125
1 0.5902777777777778 0.47760416666666666 0.10833333333333334 0.057291666666666664
1 0.757638888888889 0.34322916666666664 0.07916666666666666 0.059375
1 0.64375 0.3182291666666667 0.10972222222222222 0.053125
1 0.4965277777777778 0.34739583333333335 0.07916666666666666 0.065625
1 0.37986111111111115 0.34739583333333335 0.07916666666666666 0.071875
1 0.29305555555555557 0.39791666666666664 0.13333333333333333 0.06041666666666667
