1 0.3375 0.4088541666666667 0.09444444444444444 0.08020833333333333
1 0.4743055555555556 0.40208333333333335 0.07083333333333333 0.04583333333333333
1 0.5777777777777778 0.48541666666666666 0.05277777777777778 0.03958333333333333
1 0.6138888888888889 0.5588541666666667 0.058333333333333334 0.046875
1 0.763888888888889 0.565625 0.06944444444444445 0.06458333333333333
1 0.5638888888888889 0.6583333333333333 0.1 0.075
1 0.5409722222222222 0.7348958333333333 0.05694444444444444 0.040625
1 0.45416666666666666 0.8875 0.05555555555555556 0.058333333333333334
1 0.3826388888888889 0.734375 0.06527777777777778 0.058333333333333334
2 0.3451388888888889 0.6666666666666666 0.05694444444444444 0.04375
1 0.3423611111111111 0.5963541666666666 0.07361111111111111 0.04479166666666667
1 0.20486111111111113 0.64375 0.08750000000000001 0.05416666666666667
0 0.6319444444444444 0.8010416666666667 0.13333333333333333 0.10625
0 0.34652777777777777 0.8635416666666667 0.12361111111111112 0.10625
0 0.19861111111111113 0.4432291666666667 0.10555555555555556 0.121875
0 0.41805555555555557 0.5052083333333334 0.125 0.07083333333333333
0 0.5986111111111111 0.38229166666666664 0.12222222222222223 0.09375
0 0.7805555555555556 0.3859375 0.075 0.11145833333333333
0 0.6833333333333333 0.28802083333333334 0.09166666666666667 0.090625
0 0.5222222222222223 0.2421875 0.14166666666666666 0.06770833333333333
0 0.36041666666666666 0.2875 0.07916666666666666 0.10833333333333334
