0 0.49583333333333335 0.23072916666666665 0.17222222222222222 0.08229166666666667
0 0.5354166666666667 0.33541666666666664 0.10694444444444445 0.12708333333333333
0 0.20486111111111113 0.5161458333333333 0.16805555555555557 0.09895833333333333
0 0.39166666666666666 0.61875 0.11388888888888889 0.1125
0 0.5534722222222223 0.7661458333333333 0.13194444444444445 0.14270833333333333
0 0.32569444444444445 0.7989583333333333 0.18472222222222223 0.08125
1 0.8583333333333334 0.3677083333333333 0.07777777777777778 0.052083333333333336
1 0.33958333333333335 0.3494791666666667 0.06805555555555556 0.046875
1 0.5069444444444444 0.45677083333333335 0.07222222222222223 0.051041666666666666
1 0.6805555555555556 0.46041666666666664 0.10555555555555556 0.07916666666666666
1 0.5798611111111112 0.54375 0.07083333333333333 0.052083333333333336
1 0.7451388888888889 0.6322916666666667 0.07083333333333333 0.052083333333333336
1 0.23333333333333334 0.6692708333333334 0.06666666666666667 0.06354166666666666
