1 0.1638888888888889 0.4552083333333333 0.12222222222222223 0.10625
1 0.5090277777777777 0.35052083333333334 0.09305555555555556 0.090625
1 0.5902777777777778 0.47031249999999997 0.075 0.06770833333333333
1 0.7604166666666667 0.5145833333333333 0.09861111111111112 0.07708333333333334
1 0.9055555555555556 0.46458333333333335 0.07777777777777778 0.06666666666666667
1 0.6479166666666667 0.5833333333333334 0.08750000000000001 0.05625
1 0.7055555555555556 0.6661458333333333 0.13333333333333333 0.08020833333333333
1 0.49722222222222223 0.5401041666666666 0.09444444444444444 0.06145833333333333
1 0.6062500000000001 0.753125 0.09861111111111112 0.07083333333333333
1 0.4375 0.8192708333333333 0.11666666666666667 0.08020833333333333
0 0.11319444444444444 0.2484375 0.12638888888888888 0.14270833333333333
0 0.2798611111111111 0.08229166666666667 0.2013888888888889 0.08125
0 0.45 0.221875 0.1388888888888889 0.12708333333333333
0 0.6229166666666667 0.24635416666666665 0.10972222222222222 0.14270833333333333
0 0.7229166666666667 0.3520833333333333 0.12361111111111112 0.125
0 0.3763888888888889 0.44947916666666665 0.11666666666666667 0.146875
0 0.31666666666666665 0.5927083333333333 0.18333333333333335 0.08333333333333333
0 0.44375000000000003 0.671875 0.12638888888888888 0.12708333333333333
0 0.20902777777777778 0.7192708333333333 0.12361111111111112 0.159375
0 0.30833333333333335 0.8994791666666666 0.15 0.16354166666666667
