0 0.4041666666666667 0.7645833333333333 0.12222222222222223 0.16458333333333333
0 0.4625 0.4161458333333333 0.17777777777777778 0.109375
0 0.14166666666666666 0.31197916666666664 0.1638888888888889 0.057291666666666664
0 0.23750000000000002 0.2046875 0.11944444444444445 0.11770833333333333
0 0.4548611111111111 0.16979166666666667 0.11805555555555557 0.10833333333333334
0 0.6909722222222222 0.6182291666666666 0.18194444444444446 0.090625
1 0.6423611111111112 0.7760416666666666 0.1513888888888889 0.1
1 0.2152777777777778 0.7921875 0.07222222222222223 0.06145833333333333
1 0.48125 0.6536458333333334 0.06805555555555556 0.051041666666666666
1 0.23055555555555557 0.66875 0.07777777777777778 0.07291666666666667
2 0.10972222222222222 0.5333333333333333 0.07777777777777778 0.04375
1 0.2215277777777778 0.43697916666666664 0.08472222222222223 0.05520833333333333
1 0.34652777777777777 0.5557291666666666 0.09583333333333334 0.06354166666666666
1 0.4743055555555556 0.5598958333333334 0.07361111111111111 0.04895833333333333
1 0.5465277777777778 0.5145833333333333 0.059722222222222225 0.04375
1 0.6298611111111111 0.4046875 0.06527777777777778 0.042708333333333334
1 0.7937500000000001 0.38958333333333334 0.1125 0.07291666666666667
1 0.68125 0.26979166666666665 0.09305555555555556 0.08958333333333333
1 0.5423611111111112 0.28802083333333334 0.07083333333333333 0.06145833333333333
1 0.3263888888888889 0.2713541666666667 0.13611111111111113 0.06145833333333333
1 0.5861111111111111 0.14739583333333334 0.1 0.078125
