0 0.27083333333333337 0.21927083333333333 0.08333333333333334 0.11145833333333333
0 0.5381944444444444 0.2947916666666667 0.09583333333333334 0.11458333333333333
0 0.42638888888888893 0.3625 0.11666666666666667 0.09583333333333333
0 0.2965277777777778 0.4739583333333333 0.12083333333333333 0.1
0 0.42986111111111114 0.5421875 0.14305555555555557 0.078125
0 0.15208333333333335 0.6088541666666667 0.15416666666666667 0.078125
0 0.4902777777777778 0.6854166666666667 0.16944444444444445 0.07916666666666666
0 0.5750000000000001 0.8223958333333333 0.125 0.14895833333333333
0 0.16527777777777777 0.8286458333333333 0.16666666666666669 0.10729166666666666
1 0.37430555555555556 0.8619791666666666 0.07361111111111111 0.053125
1 0.7513888888888889 0.759375 0.04722222222222222 0.05
1 0.3201388888888889 0.6661458333333333 0.0763888888888889 0.053125
1 0.10416666666666667 0.46770833333333334 0.061111111111111116 0.05416666666666667
1 0.23680555555555557 0.353125 0.0763888888888889 0.04583333333333333
1 0.4131944444444445 0.23177083333333334 0.06527777777777778 0.04479166666666667
1 0.625 0.20208333333333334 0.09166666666666667 0.08541666666666667
1 0.7229166666666667 0.1765625 0.06805555555555556 0.05520833333333333
1 0.61875 0.3671875 0.09583333333333334 0.06770833333333333
0 0.7381944444444445 0.4244791666666667 0.12638888888888888 0.05520833333333333
1 0.6465277777777778 0.5458333333333333 0.11805555555555557 0.06041666666666667
