0 0.6486111111111111 0.07135416666666666 0.1638888888888889 0.06979166666666667
0 0.42083333333333334 0.165625 0.13611111111111113 0.07083333333333333
0 0.6611111111111111 0.2484375 0.10833333333333334 0.10520833333333333
0 0.2972222222222222 0.23906249999999998 0.11944444444444445 0.10104166666666667
0 0.36875 0.32395833333333335 0.1375 0.075
0 0.4527777777777778 0.384375 0.08055555555555556 0.10416666666666667
0 0.1902777777777778 0.30833333333333335 0.08888888888888889 0.11666666666666667
0 0.2826388888888889 0.45989583333333334 0.15972222222222224 0.053125
0 0.4618055555555556 0.5229166666666667 0.14583333333333334 0.08125
0 0.6041666666666667 0.5015625 0.14444444444444446 0.096875
0 0.15208333333333335 0.51875 0.14027777777777778 0.058333333333333334
0 0.38958333333333334 0.5979166666666667 0.12361111111111112 0.10416666666666667
0 0.23958333333333334 0.6161458333333333 0.1513888888888889 0.06354166666666666
0 0.4708333333333333 0.7817708333333333 0.13333333333333333 0.071875
0 0.6041666666666667 0.7109375 0.15 0.059375
0 0.6194444444444445 0.8505208333333333 0.12222222222222223 0.08229166666666667
0 0.33194444444444443 0.8494791666666667 0.09444444444444444 0.10520833333333333
0 0.7701388888888889 0.5515625 0.09027777777777778 0.084375
1 0.7993055555555556 0.675 0.0763888888888889 0.03958333333333333
1 0.8506944444444445 0.7510416666666666 0.08472222222222223 0.052083333333333336
1 0.2152777777777778 0.7401041666666667 0.09722222222222222 0.06145833333333333
0 0.3138888888888889 0.6875 0.10555555555555556 0.0875
1 0.6125 0.5921875 0.07777777777777778 0.04895833333333333
1 0.5430555555555556 0.44479166666666664 0.0638888888888889 0.04583333333333333
1 0.75625 0.4239583333333333 0.08194444444444444 0.05416666666666667
1 0.7590277777777779 0.3494791666666667 0.07083333333333333 0.06979166666666667
1 0.55 0.2984375 0.06666666666666667 0.04895833333333333
1 0.4361111111111111 0.2296875 0.075 0.04895833333333333
1 0.8284722222222223 0.16822916666666665 0.08472222222222223 0.065625
