1 0.84375 0.29635416666666664 0.07083333333333333 0.08854166666666667
1 0.9187500000000001 0.47031249999999997 0.08194444444444444 0.059375
1 0.8069444444444445 0.5364583333333334 0.075 0.06875
1 0.6340277777777779 0.5442708333333334 0.06527777777777778 0.078125
1 0.2743055555555556 0.35104166666666664 0.07361111111111111 0.05625
1 0.35625 0.5020833333333333 0.05416666666666667 0.05625
1 0.15208333333333335 0.646875 0.06805555555555556 0.06041666666666667
0 0.7513888888888889 0.20625 0.1277777777777778 0.10208333333333333
0 0.38680555555555557 0.203125 0.1486111111111111 0.06666666666666667
0 0.14791666666666667 0.31145833333333334 0.14583333333333334 0.07708333333333334
0 0.45833333333333337 0.3125 0.14166666666666666 0.08541666666666667
0 0.5715277777777777 0.3421875 0.09861111111111112 0.11770833333333333
0 0.7076388888888889 0.43645833333333334 0.14305555555555557 0.0625
0 0.5173611111111112 0.4630208333333333 0.12916666666666668 0.08020833333333333
0 0.4486111111111111 0.5901041666666667 0.1277777777777778 0.090625
0 0.3527777777777778 0.68125 0.08888888888888889 0.10833333333333334
0 0.21041666666666667 0.5151041666666667 0.1375 0.08229166666666667
0 0.17777777777777778 0.7625 0.12222222222222223 0.10416666666666667
0 0.2534722222222222 0.8583333333333333 0.13194444444444445 0.09583333333333333
0 0.3909722222222222 0.8927083333333333 0.1375 0.06875
0 0.5083333333333333 0.7114583333333333 0.14166666666666666 0.075
0 0.6423611111111112 0.7994791666666666 0.08472222222222223 0.11562499999999999
0 0.7736111111111111 0.7348958333333333 0.08333333333333334 0.11770833333333333
0 0.6576388888888889 0.6401041666666667 0.1486111111111111 0.06979166666666667
