1 0.8069444444444445 0.23489583333333333 0.06666666666666667 0.04895833333333333
1 0.4930555555555556 0.34739583333333335 0.05555555555555556 0.03854166666666667
1 0.30347222222222225 0.5505208333333333 0.07361111111111111 0.057291666666666664
1 0.3215277777777778 0.6447916666666667 0.09305555555555556 0.05
1 0.48750000000000004 0.7484375 0.058333333333333334 0.05520833333333333
0 0.8395833333333333 0.4145833333333333 0.09583333333333334 0.12916666666666665
0 0.5104166666666667 0.2296875 0.11527777777777778 0.11562499999999999
0 0.6694444444444445 0.403125 0.1 0.13333333333333333
0 0.6798611111111111 0.5328125 0.14583333333333334 0.11145833333333333
0 0.6090277777777778 0.6744791666666666 0.1125 0.128125
0 0.42083333333333334 0.4671875 0.11111111111111112 0.121875
0 0.3493055555555556 0.7359375 0.17916666666666667 0.11354166666666667
0 0.2326388888888889 0.4635416666666667 0.1375 0.10208333333333333
0 0.15833333333333333 0.3625 0.125 0.13125
