0 0.5784722222222223 0.20729166666666665 0.1486111111111111 0.06041666666666667
0 0.6319444444444444 0.31354166666666666 0.1527777777777778 0.06458333333333333
0 0.48541666666666666 0.31197916666666664 0.09861111111111112 0.08854166666666667
0 0.4340277777777778 0.21979166666666666 0.10138888888888889 0.09375
0 0.33472222222222225 0.334375 0.09166666666666667 0.11041666666666666
0 0.49444444444444446 0.42864583333333334 0.125 0.07395833333333333
0 0.24305555555555555 0.5427083333333333 0.1388888888888889 0.09791666666666667
0 0.33819444444444446 0.8619791666666666 0.09305555555555556 0.16770833333333332
1 0.4743055555555556 0.7432291666666666 0.11805555555555557 0.09895833333333333
1 0.6486111111111111 0.6505208333333333 0.075 0.042708333333333334
1 0.6138888888888889 0.4192708333333333 0.08055555555555556 0.04479166666666667
1 0.45 0.5244791666666666 0.05277777777777778 0.05520833333333333
1 0.25069444444444444 0.41770833333333335 0.05416666666666667 0.03958333333333333
1 0.3590277777777778 0.65 0.0625 0.05416666666666667
1 0.2388888888888889 0.634375 0.075 0.05416666666666667
