0 0.32430555555555557 0.16875 0.1763888888888889 0.09791666666666667
0 0.5125000000000001 0.15729166666666666 0.16666666666666669 0.09791666666666667
0 0.34305555555555556 0.43072916666666666 0.17500000000000002 0.09895833333333333
0 0.26666666666666666 0.5765625 0.15 0.13229166666666667
0 0.4326388888888889 0.6270833333333333 0.1902777777777778 0.06875
0 0.17569444444444446 0.7130208333333333 0.19305555555555556 0.103125
0 0.3090277777777778 0.78125 0.18194444444444446 0.11875
0 0.5701388888888889 0.8078124999999999 0.1875 0.096875
1 0.6819444444444445 0.6598958333333333 0.18055555555555555 0.084375
1 0.5541666666666667 0.5583333333333333 0.05555555555555556 0.04375
1 0.5298611111111111 0.4848958333333333 0.07916666666666666 0.046875
1 0.7625000000000001 0.5119791666666667 0.09166666666666667 0.07604166666666666
1 0.7930555555555556 0.42291666666666666 0.08611111111111111 0.06875
1 0.6291666666666667 0.3921875 0.09444444444444444 0.090625
1 0.6006944444444444 0.2947916666666667 0.10416666666666667 0.08333333333333333
1 0.7069444444444445 0.23385416666666667 0.1277777777777778 0.07604166666666666
1 0.4479166666666667 0.37395833333333334 0.09027777777777778 0.0625
1 0.3423611111111111 0.2989583333333333 0.10416666666666667 0.07708333333333334
1 0.18541666666666667 0.3104166666666667 0.07083333333333333 0.07083333333333333
1 0.1125 0.42291666666666666 0.08611111111111111 0.06041666666666667
1 0.12708333333333333 0.5619791666666667 0.08194444444444444 0.057291666666666664
