1 0.3791666666666667 0.28802083333333334 0.07222222222222223 0.065625
1 0.5680555555555555 0.38385416666666666 0.06944444444444445 0.046875
1 0.7215277777777778 0.31614583333333335 0.10694444444444445 0.07395833333333333
1 0.8243055555555556 0.3541666666666667 0.0625 0.05625
1 0.34444444444444444 0.7140625 0.08333333333333334 0.06354166666666666
1 0.2791666666666667 0.8807291666666667 0.11388888888888889 0.078125
1 0.20208333333333334 0.4479166666666667 0.12361111111111112 0.07708333333333334
1 0.3388888888888889 0.43124999999999997 0.11388888888888889 0.09166666666666666
0 0.43333333333333335 0.5505208333333333 0.18888888888888888 0.09270833333333334
0 0.6486111111111111 0.5713541666666666 0.2138888888888889 0.065625
0 0.638888888888889 0.6932291666666667 0.17777777777777778 0.11354166666666667
0 0.5215277777777778 0.8322916666666667 0.12638888888888888 0.13958333333333334
0 0.22847222222222224 0.6255208333333333 0.12083333333333333 0.16979166666666667
0 0.24791666666666667 0.240625 0.17916666666666667 0.10833333333333334
0 0.3652777777777778 0.12604166666666666 0.2111111111111111 0.09166666666666666
0 0.5638888888888889 0.18697916666666667 0.1388888888888889 0.14270833333333333
0 0.7902777777777779 0.14010416666666667 0.17500000000000002 0.090625
