1 0.6375000000000001 0.2505208333333333 0.08888888888888889 0.071875
1 0.81875 0.390625 0.10416666666666667 0.06458333333333333
1 0.6590277777777778 0.35104166666666664 0.10416666666666667 0.09375
1 0.5326388888888889 0.40208333333333335 0.14027777777777778 0.06458333333333333
1 0.5326388888888889 0.4901041666666667 0.10138888888888889 0.065625
1 0.3027777777777778 0.41875 0.08888888888888889 0.06875
1 0.17430555555555557 0.3614583333333333 0.08194444444444444 0.05625
1 0.23750000000000002 0.5109375 0.1527777777777778 0.078125
1 0.3625 0.5776041666666667 0.09166666666666667 0.059375
1 0.45972222222222225 0.571875 0.08055555555555556 0.06041666666666667
1 0.5909722222222222 0.6338541666666666 0.08472222222222223 0.06145833333333333
1 0.7312500000000001 0.5192708333333333 0.15972222222222224 0.090625
1 0.5 0.8963541666666667 0.10277777777777779 0.084375
0 0.63125 0.8312499999999999 0.20694444444444446 0.09583333333333333
0 0.6722222222222223 0.715625 0.17222222222222222 0.10625
0 0.8277777777777778 0.6265625 0.22777777777777777 0.084375
0 0.425 0.7130208333333333 0.18333333333333335 0.153125
0 0.3 0.8317708333333333 0.16944444444444445 0.140625
0 0.2013888888888889 0.69375 0.16944444444444445 0.1125
0 0.28541666666666665 0.2796875 0.11805555555555557 0.11979166666666667
0 0.45763888888888893 0.265625 0.15694444444444444 0.11458333333333333
