0 0.32083333333333336 0.37864583333333335 0.1 0.08645833333333333
0 0.4340277777777778 0.4270833333333333 0.12361111111111112 0.058333333333333334
0 0.48888888888888893 0.5135416666666667 0.11111111111111112 0.09583333333333333
0 0.5611111111111111 0.3578125 0.09444444444444444 0.096875
0 0.6930555555555555 0.3546875 0.13333333333333333 0.057291666666666664
0 0.6152777777777778 0.23177083333333334 0.11944444444444445 0.071875
0 0.6291666666666667 0.6286458333333333 0.125 0.09270833333333334
0 0.5416666666666667 0.784375 0.1 0.12708333333333333
0 0.38680555555555557 0.7895833333333333 0.10138888888888889 0.13125
0 0.20833333333333334 0.6994791666666667 0.15833333333333333 0.08229166666666667
1 0.35208333333333336 0.5942708333333333 0.10138888888888889 0.051041666666666666
1 0.6680555555555556 0.725 0.08888888888888889 0.05416666666666667
1 0.6840277777777778 0.4661458333333333 0.08472222222222223 0.06354166666666666
1 0.7937500000000001 0.4890625 0.059722222222222225 0.053125
1 0.7958333333333334 0.38958333333333334 0.058333333333333334 0.04583333333333333
1 0.3652777777777778 0.23489583333333333 0.08888888888888889 0.06979166666666667
1 0.45416666666666666 0.24947916666666667 0.06666666666666667 0.057291666666666664
