0 0.6958333333333334 0.2630208333333333 0.14444444444444446 0.057291666666666664
0 0.5131944444444445 0.27760416666666665 0.09305555555555556 0.10520833333333333
0 0.27361111111111114 0.5010416666666666 0.18055555555555555 0.0625
0 0.6666666666666667 0.5635416666666666 0.15 0.06458333333333333
0 0.30347222222222225 0.7286458333333333 0.15972222222222224 0.065625
0 0.4930555555555556 0.7734375 0.07777777777777778 0.13854166666666667
0 0.30625 0.8692708333333333 0.16527777777777777 0.06979166666666667
1 0.6791666666666667 0.7640625 0.05277777777777778 0.046875
1 0.6062500000000001 0.6760416666666667 0.03194444444444445 0.0375
1 0.4569444444444445 0.6239583333333333 0.07222222222222223 0.06666666666666667
1 0.7895833333333334 0.3875 0.10694444444444445 0.06458333333333333
1 0.6590277777777778 0.4203125 0.07916666666666666 0.06979166666666667
1 0.5166666666666667 0.45625 0.061111111111111116 0.05416666666666667
1 0.3819444444444445 0.34375 0.05555555555555556 0.03125
1 0.31319444444444444 0.2125 0.043055555555555555 0.04375
