1 0.21736111111111112 0.3208333333333333 0.10416666666666667 0.1
1 0.6013888888888889 0.3484375 0.1527777777777778 0.071875
1 0.69375 0.6911458333333333 0.07916666666666666 0.05520833333333333
1 0.5972222222222222 0.7838541666666666 0.075 0.057291666666666664
1 0.5513888888888889 0.8453125 0.08888888888888889 0.078125
0 0.42986111111111114 0.8192708333333333 0.14305555555555557 0.140625
0 0.5784722222222223 0.5734375 0.19861111111111113 0.10104166666666667
0 0.2513888888888889 0.51875 0.18888888888888888 0.10833333333333334
0 0.5597222222222222 0.225 0.20277777777777778 0.125
0 0.6194444444444445 0.09583333333333333 0.15555555555555556 0.08958333333333333
