1 0.2826388888888889 0.23489583333333333 0.10138888888888889 0.11145833333333333
1 0.7069444444444445 0.2817708333333333 0.11111111111111112 0.065625
1 0.5027777777777778 0.3734375 0.125 0.090625
1 0.37083333333333335 0.35260416666666666 0.08055555555555556 0.071875
1 0.40972222222222227 0.54375 0.11944444444444445 0.07708333333333334
1 0.7847222222222222 0.559375 0.08055555555555556 0.08541666666666667
1 0.5291666666666667 0.7942708333333334 0.09166666666666667 0.059375
1 0.6930555555555555 0.928125 0.09444444444444444 0.08125
0 0.6451388888888889 0.7130208333333333 0.15972222222222224 0.11979166666666667
0 0.4777777777777778 0.6442708333333333 0.14166666666666666 0.12395833333333334
0 0.37222222222222223 0.8197916666666667 0.1277777777777778 0.18958333333333333
0 0.20625000000000002 0.7942708333333334 0.1513888888888889 0.140625
0 0.23611111111111113 0.6234375 0.19722222222222224 0.078125
0 0.5916666666666667 0.5239583333333333 0.11388888888888889 0.15416666666666667
0 0.7618055555555556 0.38177083333333334 0.20972222222222223 0.084375
0 0.2423611111111111 0.46875 0.2152777777777778 0.07916666666666666
0 0.18125 0.34791666666666665 0.10694444444444445 0.16041666666666665
0 0.5 0.19010416666666666 0.18333333333333335 0.08645833333333333
