0 0.27847222222222223 0.3375 0.1625 0.12291666666666666
0 0.4326388888888889 0.35260416666666666 0.1125 0.13854166666666667
0 0.6520833333333333 0.3026041666666667 0.14583333333333334 0.14895833333333333
0 0.5131944444444445 0.5260416666666666 0.12916666666666668 0.13333333333333333
0 0.23402777777777778 0.615625 0.11527777777777778 0.13541666666666666
0 0.39166666666666666 0.6895833333333333 0.13333333333333333 0.11666666666666667
0 0.3013888888888889 0.8817708333333333 0.1388888888888889 0.15104166666666666
1 0.6277777777777778 0.8109375 0.06666666666666667 0.07395833333333333
1 0.8680555555555556 0.6098958333333333 0.09444444444444444 0.071875
1 0.7555555555555555 0.5135416666666667 0.08333333333333334 0.07916666666666666
1 0.1513888888888889 0.4708333333333333 0.061111111111111116 0.05416666666666667
1 0.41805555555555557 0.17760416666666667 0.13055555555555556 0.08854166666666667
