0 0.39166666666666666 0.19947916666666665 0.2138888888888889 0.08229166666666667
0 0.4590277777777778 0.3125 0.16527777777777777 0.11875
0 0.5750000000000001 0.6317708333333333 0.13333333333333333 0.12395833333333334
0 0.2763888888888889 0.5447916666666667 0.20555555555555557 0.06666666666666667
0 0.35555555555555557 0.8291666666666666 0.19444444444444445 0.13958333333333334
1 0.16458333333333333 0.6505208333333333 0.10416666666666667 0.078125
1 0.4236111111111111 0.5291666666666667 0.075 0.06458333333333333
1 0.5750000000000001 0.4510416666666667 0.07222222222222223 0.05416666666666667
1 0.8 0.5151041666666667 0.07222222222222223 0.053125
1 0.6979166666666667 0.39166666666666666 0.10416666666666667 0.06041666666666667
1 0.6159722222222223 0.29322916666666665 0.14027777777777778 0.057291666666666664
1 0.2965277777777778 0.41041666666666665 0.12083333333333333 0.09375
1 0.18472222222222223 0.334375 0.1388888888888889 0.07916666666666666
