1 0.46111111111111114 0.171875 0.08888888888888889 0.052083333333333336
1 0.4041666666666667 0.3625 0.09444444444444444 0.10416666666666667
1 0.5861111111111111 0.40208333333333335 0.06944444444444445 0.06666666666666667
1 0.7722222222222223 0.46770833333333334 0.075 0.0625
1 0.7048611111111112 0.55625 0.07916666666666666 0.04375
1 0.5347222222222222 0.5421875 0.06666666666666667 0.05520833333333333
1 0.1527777777777778 0.7640625 0.13055555555555556 0.109375
0 0.44375000000000003 0.8916666666666666 0.2013888888888889 0.08958333333333333
0 0.8055555555555556 0.7005208333333334 0.09722222222222222 0.15729166666666666
0 0.42291666666666666 0.675 0.1763888888888889 0.09791666666666667
0 0.31875000000000003 0.5546875 0.19305555555555556 0.09895833333333333
0 0.18958333333333335 0.4114583333333333 0.19305555555555556 0.09375
0 0.3076388888888889 0.2864583333333333 0.1902777777777778 0.10208333333333333
0 0.29444444444444445 0.11562499999999999 0.11111111111111112 0.1375
0 0.61875 0.21979166666666666 0.09861111111111112 0.14583333333333334
0 0.7937500000000001 0.18645833333333334 0.1625 0.09791666666666667
0 0.7534722222222222 0.36875 0.15972222222222224 0.1
