0 0.36319444444444443 0.22552083333333334 0.11527777777777778 0.14895833333333333
0 0.45833333333333337 0.321875 0.14166666666666666 0.10833333333333334
0 0.6548611111111111 0.296875 0.13194444444444445 0.12291666666666666
0 0.4708333333333333 0.5744791666666667 0.21944444444444444 0.090625
0 0.8270833333333334 0.709375 0.2152777777777778 0.10208333333333333
0 0.6020833333333333 0.9421875 0.2152777777777778 0.11145833333333333
1 0.39305555555555555 0.8395833333333333 0.08333333333333334 0.0625
1 0.5083333333333333 0.7645833333333333 0.08333333333333334 0.06666666666666667
1 0.27083333333333337 0.73125 0.13333333333333333 0.14791666666666667
1 0.7361111111111112 0.5302083333333333 0.09444444444444444 0.06041666666666667
1 0.8006944444444445 0.3651041666666667 0.12916666666666668 0.06979166666666667
1 0.44027777777777777 0.4421875 0.10833333333333334 0.065625
1 0.28055555555555556 0.45625 0.09166666666666667 0.06458333333333333
