0 0.5006944444444444 0.1296875 0.15972222222222224 0.09479166666666666
0 0.6736111111111112 0.35 0.10277777777777779 0.12083333333333333
0 0.5236111111111111 0.31614583333333335 0.11111111111111112 0.11562499999999999
0 0.31875000000000003 0.3765625 0.1625 0.084375
0 0.6944444444444444 0.5494791666666666 0.1277777777777778 0.109375
0 0.6263888888888889 0.7552083333333334 0.11666666666666667 0.15625
0 0.27222222222222225 0.828125 0.11666666666666667 0.15625
0 0.27569444444444446 0.5651041666666666 0.14583333333333334 0.13229166666666667
1 0.4986111111111111 0.615625 0.07777777777777778 0.06458333333333333
1 0.5520833333333334 0.48593749999999997 0.09305555555555556 0.057291666666666664
1 0.19444444444444445 0.24635416666666665 0.08333333333333334 0.08020833333333333
1 0.36388888888888893 0.1828125 0.10277777777777779 0.059375
1 0.4527777777777778 0.225 0.08611111111111111 0.052083333333333336
