0 0.4083333333333333 0.15694444444444444 0.10625 0.09166666666666667
0 0.16354166666666667 0.3680555555555556 0.06666666666666667 0.14166666666666666
0 0.22135416666666666 0.5479166666666667 0.09270833333333334 0.13194444444444445
0 0.46041666666666664 0.40347222222222223 0.09583333333333333 0.14583333333333334
0 0.5973958333333333 0.5034722222222222 0.09270833333333334 0.15416666666666667
0 0.6854166666666667 0.6791666666666667 0.07916666666666666 0.14722222222222223
0 0.7479166666666667 0.36597222222222225 0.12916666666666665 0.10416666666666667
0 0.4947916666666667 0.6743055555555556 0.08125 0.13194444444444445
0 0.5041666666666667 0.8875000000000001 0.08541666666666667 0.16666666666666669
0 0.3307291666666667 0.7298611111111112 0.11562499999999999 0.08194444444444444
1 0.19375 0.6381944444444445 0.06041666666666667 0.0763888888888889
1 0.56875 0.8340277777777778 0.04583333333333333 0.06805555555555556
1 0.740625 0.5604166666666667 0.05625 0.05416666666666667
1 0.36302083333333335 0.4861111111111111 0.046875 0.06666666666666667
1 0.28072916666666664 0.35347222222222224 0.053125 0.05416666666666667
1 0.5598958333333334 0.1875 0.042708333333333334 0.05277777777777778
