0 0.4340277777777778 0.20052083333333334 0.16805555555555557 0.06354166666666666
0 0.28611111111111115 0.28802083333333334 0.1277777777777778 0.090625
0 0.38472222222222224 0.37916666666666665 0.11388888888888889 0.10416666666666667
0 0.6680555555555556 0.2682291666666667 0.06944444444444445 0.10104166666666667
0 0.7763888888888889 0.35572916666666665 0.11111111111111112 0.103125
0 0.6756944444444445 0.37447916666666664 0.13194444444444445 0.084375
0 0.6687500000000001 0.471875 0.14027777777777778 0.08958333333333333
0 0.8493055555555555 0.5161458333333333 0.1486111111111111 0.06354166666666666
0 0.6791666666666667 0.6807291666666666 0.17222222222222222 0.07395833333333333
0 0.4451388888888889 0.6151041666666667 0.10138888888888889 0.11770833333333333
0 0.45208333333333334 0.8239583333333333 0.13194444444444445 0.11458333333333333
0 0.14027777777777778 0.7546875 0.18055555555555555 0.08645833333333333
0 0.3402777777777778 0.5026041666666666 0.11111111111111112 0.09895833333333333
1 0.5833333333333334 0.528125 0.08888888888888889 0.06666666666666667
1 0.5208333333333334 0.4145833333333333 0.125 0.058333333333333334
1 0.53125 0.29010416666666666 0.10694444444444445 0.084375
