1 0.40694444444444444 0.32708333333333334 0.06666666666666667 0.058333333333333334
1 0.6125 0.3614583333333333 0.05 0.04583333333333333
1 0.14652777777777778 0.49895833333333334 0.08194444444444444 0.06041666666666667
1 0.5868055555555556 0.5291666666666667 0.09305555555555556 0.06458333333333333
0 0.5416666666666667 0.6630208333333333 0.11944444444444445 0.08854166666666667
0 0.4048611111111111 0.8151041666666666 0.10138888888888889 0.12604166666666666
0 0.36736111111111114 0.5703125 0.13194444444444445 0.07395833333333333
0 0.7041666666666667 0.571875 0.08611111111111111 0.1
0 0.49722222222222223 0.3875 0.14166666666666666 0.06875
0 0.68125 0.20729166666666665 0.13472222222222222 0.06458333333333333
0 0.5458333333333334 0.15572916666666667 0.08055555555555556 0.08645833333333333
1 0.8208333333333334 0.3848958333333333 0.075 0.071875
