0 0.4236111111111111 0.203125 0.13611111111111113 0.08333333333333333
0 0.5645833333333333 0.25625 0.17083333333333334 0.06875
0 0.4652777777777778 0.3776041666666667 0.16944444444444445 0.071875
0 0.44930555555555557 0.4973958333333333 0.17083333333333334 0.071875
0 0.6993055555555556 0.5088541666666666 0.12083333333333333 0.134375
0 0.6486111111111111 0.7119791666666666 0.15 0.11979166666666667
0 0.31319444444444444 0.8015625 0.18194444444444446 0.084375
0 0.2868055555555556 0.6916666666666667 0.20694444444444446 0.07291666666666667
0 0.225 0.459375 0.17500000000000002 0.09166666666666666
1 0.29930555555555555 0.33541666666666664 0.09305555555555556 0.08333333333333333
1 0.20625000000000002 0.5869791666666666 0.059722222222222225 0.053125
1 0.45625000000000004 0.6317708333333333 0.05416666666666667 0.053125
1 0.5270833333333333 0.8026041666666667 0.0375 0.03854166666666667
1 0.7222222222222222 0.3458333333333333 0.058333333333333334 0.05
