0 0.3729166666666667 0.13125 0.09027777777777778 0.10208333333333333
0 0.5770833333333334 0.23645833333333333 0.11805555555555557 0.11875
0 0.6694444444444445 0.31927083333333334 0.08055555555555556 0.11145833333333333
0 0.3375 0.2583333333333333 0.08611111111111111 0.10833333333333334
0 0.38680555555555557 0.3619791666666667 0.14027777777777778 0.06979166666666667
0 0.2215277777777778 0.40520833333333334 0.16805555555555557 0.07291666666666667
0 0.30972222222222223 0.5119791666666667 0.11388888888888889 0.11354166666666667
0 0.49097222222222225 0.48593749999999997 0.12916666666666668 0.10104166666666667
0 0.6145833333333334 0.5765625 0.08472222222222223 0.128125
0 0.7590277777777779 0.5697916666666667 0.09305555555555556 0.10833333333333334
0 0.6527777777777778 0.6822916666666666 0.125 0.08333333333333333
0 0.7208333333333333 0.7859375 0.13611111111111113 0.10104166666666667
0 0.5270833333333333 0.7713541666666667 0.09305555555555556 0.13854166666666667
0 0.23541666666666666 0.7822916666666666 0.15416666666666667 0.11458333333333333
1 0.28611111111111115 0.6286458333333333 0.1277777777777778 0.06354166666666666
1 0.4847222222222222 0.6567708333333333 0.058333333333333334 0.04479166666666667
1 0.5520833333333334 0.3984375 0.0625 0.03854166666666667
1 0.7097222222222223 0.4432291666666667 0.08888888888888889 0.065625
1 0.5027777777777778 0.11666666666666667 0.06666666666666667 0.052083333333333336
