0 0.3666666666666667 0.3848958333333333 0.15555555555555556 0.06354166666666666
0 0.5270833333333333 0.3229166666666667 0.14583333333333334 0.08541666666666667
0 0.7034722222222223 0.3265625 0.15416666666666667 0.071875
0 0.8305555555555556 0.42916666666666664 0.10555555555555556 0.10625
0 0.7180555555555556 0.5416666666666666 0.11111111111111112 0.125
0 0.7034722222222223 0.6640625 0.16805555555555557 0.084375
0 0.5847222222222223 0.7739583333333333 0.1527777777777778 0.08541666666666667
0 0.43472222222222223 0.7885416666666667 0.11666666666666667 0.11041666666666666
0 0.3055555555555556 0.775 0.1 0.13958333333333334
0 0.3548611111111111 0.6484375 0.15416666666666667 0.065625
0 0.4104166666666667 0.5286458333333334 0.1763888888888889 0.06979166666666667
0 0.18194444444444446 0.6140625 0.19166666666666668 0.071875
0 0.5430555555555556 0.43906249999999997 0.1388888888888889 0.07395833333333333
1 0.20416666666666666 0.4473958333333333 0.14166666666666666 0.09479166666666666
1 0.3979166666666667 0.18229166666666666 0.13472222222222222 0.07916666666666666
1 0.5569444444444445 0.234375 0.09444444444444444 0.05625
1 0.7486111111111111 0.225 0.08611111111111111 0.08333333333333333
