1 0.3284722222222222 0.29270833333333335 0.059722222222222225 0.05625
1 0.29930555555555555 0.5822916666666667 0.09861111111111112 0.06666666666666667
1 0.2847222222222222 0.6807291666666666 0.10555555555555556 0.06979166666666667
1 0.6236111111111111 0.4552083333333333 0.07222222222222223 0.052083333333333336
1 0.6597222222222222 0.5359375 0.1 0.06979166666666667
0 0.47500000000000003 0.6338541666666666 0.14722222222222223 0.08229166666666667
0 0.4666666666666667 0.484375 0.15555555555555556 0.05625
0 0.5458333333333334 0.38385416666666666 0.1 0.10104166666666667
0 0.5833333333333334 0.22291666666666665 0.08333333333333334 0.10625
0 0.4444444444444445 0.2708333333333333 0.13611111111111113 0.08541666666666667
0 0.3701388888888889 0.16458333333333333 0.15416666666666667 0.06458333333333333
0 0.22569444444444445 0.34322916666666664 0.0763888888888889 0.10104166666666667
0 0.34652777777777777 0.4140625 0.08750000000000001 0.128125
0 0.23680555555555557 0.50625 0.10416666666666667 0.09583333333333333
