0 0.3784722222222222 0.20989583333333334 0.09861111111111112 0.121875
0 0.29305555555555557 0.309375 0.10277777777777779 0.15
0 0.607638888888889 0.2708333333333333 0.08472222222222223 0.12708333333333333
0 0.7472222222222222 0.39947916666666666 0.11666666666666667 0.128125
0 0.5909722222222222 0.46875 0.18472222222222223 0.07291666666666667
0 0.3159722222222222 0.5697916666666667 0.1736111111111111 0.11458333333333333
0 0.5902777777777778 0.8078124999999999 0.13055555555555556 0.140625
0 0.3861111111111111 0.8098958333333334 0.22222222222222224 0.08229166666666667
1 0.45555555555555555 0.6984375 0.125 0.06145833333333333
1 0.6534722222222222 0.6067708333333334 0.10138888888888889 0.090625
1 0.5 0.5473958333333333 0.07222222222222223 0.046875
1 0.4201388888888889 0.46197916666666666 0.07083333333333333 0.042708333333333334
1 0.5243055555555556 0.34010416666666665 0.07083333333333333 0.057291666666666664
1 0.5236111111111111 0.17239583333333333 0.07222222222222223 0.057291666666666664
1 0.20625000000000002 0.48125 0.10972222222222222 0.0875
