1 0.40625 0.21145833333333333 0.08472222222222223 0.10208333333333333
1 0.48750000000000004 0.23958333333333334 0.061111111111111116 0.04375
1 0.17500000000000002 0.5020833333333333 0.061111111111111116 0.03333333333333333
1 0.5423611111111112 0.5317708333333333 0.07361111111111111 0.03854166666666667
0 0.6118055555555556 0.3234375 0.1513888888888889 0.06145833333333333
0 0.7611111111111112 0.34375 0.11666666666666667 0.09791666666666667
0 0.7118055555555556 0.4661458333333333 0.08750000000000001 0.09270833333333334
0 0.5097222222222222 0.42864583333333334 0.12222222222222223 0.08229166666666667
0 0.36875 0.4739583333333333 0.08750000000000001 0.11875
0 0.37222222222222223 0.33697916666666666 0.10277777777777779 0.10520833333333333
0 0.20486111111111113 0.3515625 0.10138888888888889 0.11770833333333333
0 0.2625 0.6041666666666666 0.09444444444444444 0.11875
0 0.3680555555555556 0.678125 0.09166666666666667 0.10833333333333334
0 0.49583333333333335 0.7223958333333333 0.1388888888888889 0.065625
0 0.49375 0.6052083333333333 0.10972222222222222 0.11041666666666666
0 0.7208333333333333 0.6453125 0.09444444444444444 0.11354166666666667
0 0.5520833333333334 0.8270833333333333 0.15972222222222224 0.07916666666666666
0 0.29375 0.8036458333333333 0.12083333333333333 0.11145833333333333
