1 0.6326388888888889 0.253125 0.09583333333333334 0.09583333333333333
1 0.6847222222222222 0.4348958333333333 0.06944444444444445 0.05520833333333333
1 0.6118055555555556 0.5567708333333333 0.0763888888888889 0.059375
1 0.5708333333333333 0.721875 0.0638888888888889 0.052083333333333336
1 0.19097222222222224 0.7786458333333334 0.0763888888888889 0.071875
0 0.6944444444444444 0.10052083333333334 0.11666666666666667 0.13854166666666667
0 0.47708333333333336 0.18229166666666666 0.09583333333333334 0.10833333333333334
0 0.5430555555555556 0.3765625 0.13333333333333333 0.11354166666666667
0 0.3277777777777778 0.2984375 0.15555555555555556 0.10104166666666667
0 0.40625 0.5046875 0.1625 0.103125
0 0.24722222222222223 0.5729166666666666 0.15 0.09791666666666667
0 0.44097222222222227 0.671875 0.1763888888888889 0.08541666666666667
0 0.3548611111111111 0.9046875 0.17916666666666667 0.09895833333333333
0 0.6534722222222222 0.8546874999999999 0.10138888888888889 0.140625
0 0.7784722222222222 0.684375 0.19305555555555556 0.07916666666666666
