1 0.5715277777777777 0.5270833333333333 0.043055555555555555 0.041666666666666664
1 0.7625000000000001 0.6088541666666667 0.06666666666666667 0.040625
1 0.5777777777777778 0.7010416666666667 0.05 0.05416666666666667
0 0.6493055555555556 0.7697916666666667 0.14305555555555557 0.058333333333333334
0 0.3625 0.7505208333333333 0.14444444444444446 0.11354166666666667
0 0.39583333333333337 0.5838541666666667 0.15555555555555556 0.06145833333333333
0 0.20902777777777778 0.5083333333333333 0.1513888888888889 0.10416666666666667
0 0.33472222222222225 0.36041666666666666 0.14166666666666666 0.05625
0 0.42638888888888893 0.45 0.13611111111111113 0.058333333333333334
0 0.5868055555555556 0.39947916666666666 0.10138888888888889 0.08020833333333333
0 0.7298611111111112 0.4734375 0.14027777777777778 0.06979166666666667
0 0.68125 0.3104166666666667 0.10694444444444445 0.09791666666666667
0 0.4430555555555556 0.2838541666666667 0.1 0.090625
