0 0.13680555555555557 0.24739583333333334 0.10138888888888889 0.12395833333333334
0 0.25069444444444444 0.3703125 0.17916666666666667 0.065625
0 0.3229166666666667 0.24010416666666667 0.13472222222222222 0.09479166666666666
0 0.4340277777777778 0.340625 0.0763888888888889 0.09583333333333333
0 0.6090277777777778 0.3776041666666667 0.15972222222222224 0.090625
0 0.6361111111111112 0.5010416666666666 0.1638888888888889 0.06875
0 0.8027777777777778 0.5541666666666667 0.08888888888888889 0.12291666666666666
0 0.75625 0.328125 0.0763888888888889 0.11041666666666666
0 0.44097222222222227 0.4927083333333333 0.15416666666666667 0.06458333333333333
0 0.5263888888888889 0.6036458333333333 0.14444444444444446 0.078125
0 0.6777777777777778 0.7583333333333333 0.16944444444444445 0.07916666666666666
0 0.4513888888888889 0.8192708333333333 0.15833333333333333 0.11979166666666667
0 0.38125000000000003 0.74375 0.12083333333333333 0.12291666666666666
0 0.22222222222222224 0.5505208333333333 0.1388888888888889 0.096875
1 0.22222222222222224 0.10781249999999999 0.058333333333333334 0.03229166666666666
1 0.5659722222222222 0.2734375 0.04027777777777778 0.036458333333333336
1 0.40625 0.17395833333333333 0.07361111111111111 0.1125
1 0.2326388888888889 0.6848958333333334 0.09861111111111112 0.053125
