1 0.40694444444444444 0.11562499999999999 0.08888888888888889 0.1
1 0.59375 0.3151041666666667 0.06805555555555556 0.051041666666666666
1 0.670138888888889 0.5140625 0.09583333333333334 0.08854166666666667
1 0.6513888888888889 0.6479166666666667 0.10277777777777779 0.08125
1 0.5701388888888889 0.80625 0.08194444444444444 0.125
1 0.17222222222222222 0.5875 0.1277777777777778 0.06875
0 0.29791666666666666 0.7661458333333333 0.1875 0.159375
0 0.43194444444444446 0.5526041666666667 0.10277777777777779 0.15729166666666666
0 0.4951388888888889 0.409375 0.14027777777777778 0.12083333333333333
0 0.7298611111111112 0.3208333333333333 0.20416666666666666 0.07083333333333333
0 0.2777777777777778 0.4244791666666667 0.11944444444444445 0.13854166666666667
0 0.3888888888888889 0.2703125 0.15833333333333333 0.13020833333333334
0 0.6131944444444445 0.1609375 0.11527777777777778 0.13229166666666667
0 0.2729166666666667 0.18229166666666666 0.14305555555555557 0.11875
