1 0.6354166666666667 0.490625 0.04861111111111111 0.04583333333333333
1 0.5958333333333333 0.5416666666666666 0.05277777777777778 0.041666666666666664
1 0.33125 0.56875 0.0763888888888889 0.07083333333333333
1 0.40902777777777777 0.6322916666666667 0.08472222222222223 0.052083333333333336
1 0.2638888888888889 0.7369791666666666 0.08333333333333334 0.10729166666666666
0 0.50625 0.8458333333333333 0.1625 0.12708333333333333
0 0.5701388888888889 0.6661458333333333 0.16805555555555557 0.071875
0 0.7861111111111111 0.346875 0.19444444444444445 0.0625
0 0.5583333333333333 0.42343749999999997 0.13055555555555556 0.11145833333333333
0 0.513888888888889 0.2942708333333333 0.15833333333333333 0.071875
0 0.3375 0.30052083333333335 0.1527777777777778 0.065625
0 0.36388888888888893 0.4239583333333333 0.09444444444444444 0.12916666666666665
0 0.21041666666666667 0.48854166666666665 0.19305555555555556 0.07291666666666667
