0 0.6479166666666667 0.15416666666666667 0.1625 0.0625
0 0.16736111111111113 0.35885416666666664 0.12083333333333333 0.11770833333333333
0 0.13194444444444445 0.5010416666666666 0.11666666666666667 0.13125
0 0.28958333333333336 0.5130208333333334 0.16805555555555557 0.10104166666666667
0 0.6340277777777779 0.3421875 0.09305555555555556 0.121875
0 0.7798611111111111 0.3515625 0.12361111111111112 0.11562499999999999
0 0.5895833333333333 0.5494791666666666 0.15416666666666667 0.09895833333333333
0 0.8243055555555556 0.6744791666666666 0.1625 0.06354166666666666
0 0.4673611111111111 0.6703125 0.19861111111111113 0.07395833333333333
0 0.3104166666666667 0.8161458333333333 0.09861111111111112 0.159375
0 0.4534722222222222 0.8473958333333333 0.19583333333333333 0.084375
0 0.6194444444444445 0.9604166666666667 0.17777777777777778 0.07708333333333334
0 0.7243055555555555 0.8182291666666667 0.10416666666666667 0.11770833333333333
0 0.2972222222222222 0.20729166666666665 0.08333333333333334 0.11666666666666667
1 0.40625 0.14375 0.10972222222222222 0.08125
1 0.44027777777777777 0.3125 0.075 0.05
1 0.47222222222222227 0.44947916666666665 0.061111111111111116 0.057291666666666664
1 0.8125 0.5140625 0.09722222222222222 0.06354166666666666
1 0.28402777777777777 0.6390625 0.07916666666666666 0.051041666666666666
1 0.6243055555555556 0.6416666666666666 0.059722222222222225 0.05
