0 0.4451388888888889 0.221875 0.16527777777777777 0.10625
0 0.5173611111111112 0.3026041666666667 0.1736111111111111 0.09895833333333333
0 0.8006944444444445 0.30052083333333335 0.19305555555555556 0.08854166666666667
0 0.7159722222222222 0.4864583333333333 0.14305555555555557 0.12083333333333333
0 0.31319444444444444 0.390625 0.1736111111111111 0.08333333333333333
0 0.5222222222222223 0.5890625 0.14444444444444446 0.10104166666666667
0 0.43819444444444444 0.69375 0.18194444444444446 0.07708333333333334
0 0.5131944444444445 0.8192708333333333 0.20416666666666666 0.11145833333333333
0 0.29791666666666666 0.6161458333333333 0.12916666666666668 0.140625
1 0.22916666666666669 0.7895833333333333 0.06944444444444445 0.0625
1 0.19444444444444445 0.5255208333333333 0.08055555555555556 0.07395833333333333
1 0.4027777777777778 0.4796875 0.10277777777777779 0.08854166666666667
1 0.6243055555555556 0.38385416666666666 0.07916666666666666 0.059375
1 0.7111111111111111 0.6010416666666667 0.06944444444444445 0.05416666666666667
1 0.6826388888888889 0.20677083333333332 0.10416666666666667 0.06770833333333333
