0 0.40972222222222227 0.22604166666666667 0.13055555555555556 0.09791666666666667
0 0.8430555555555556 0.5083333333333333 0.15555555555555556 0.08541666666666667
0 0.5 0.403125 0.1 0.10208333333333333
0 0.35555555555555557 0.36822916666666666 0.09722222222222222 0.09479166666666666
0 0.545138888888889 0.5359375 0.13194444444444445 0.08854166666666667
0 0.69375 0.7260416666666667 0.10694444444444445 0.11875
0 0.34444444444444444 0.8041666666666667 0.15833333333333333 0.09583333333333333
0 0.1826388888888889 0.7713541666666667 0.14305555555555557 0.10729166666666666
1 0.5284722222222222 0.6776041666666667 0.07083333333333333 0.071875
1 0.30972222222222223 0.5416666666666666 0.10833333333333334 0.07083333333333333
1 0.30694444444444446 0.15416666666666667 0.09444444444444444 0.07291666666666667
1 0.5666666666666667 0.11979166666666667 0.14444444444444446 0.06875
1 0.6145833333333334 0.2546875 0.07083333333333333 0.040625
1 0.6965277777777779 0.3890625 0.07361111111111111 0.05520833333333333
1 0.75625 0.2708333333333333 0.08750000000000001 0.052083333333333336
