0 0.4451388888888889 0.20104166666666667 0.10972222222222222 0.09375
0 0.5819444444444445 0.22239583333333332 0.11666666666666667 0.07604166666666666
0 0.5020833333333333 0.3130208333333333 0.09583333333333334 0.09479166666666666
0 0.275 0.4942708333333333 0.14722222222222223 0.09479166666666666
0 0.4451388888888889 0.47604166666666664 0.07916666666666666 0.10416666666666667
0 0.5694444444444444 0.44427083333333334 0.07777777777777778 0.10729166666666666
1 0.7152777777777778 0.4265625 0.10277777777777779 0.06770833333333333
0 0.6861111111111111 0.5291666666666667 0.09166666666666667 0.11875
0 0.5611111111111111 0.5755208333333334 0.1277777777777778 0.09270833333333334
0 0.2729166666666667 0.6239583333333333 0.12083333333333333 0.1125
0 0.3493055555555556 0.8041666666666667 0.10972222222222222 0.13333333333333333
0 0.5548611111111111 0.7932291666666667 0.10138888888888889 0.128125
0 0.6715277777777778 0.7875 0.09583333333333334 0.1125
0 0.7833333333333333 0.665625 0.08888888888888889 0.10208333333333333
1 0.4236111111111111 0.6322916666666667 0.09444444444444444 0.058333333333333334
1 0.3965277777777778 0.2755208333333333 0.08194444444444444 0.04479166666666667
1 0.3548611111111111 0.3807291666666667 0.07083333333333333 0.08020833333333333
1 0.6243055555555556 0.3364583333333333 0.08194444444444444 0.06458333333333333
