0 0.6430555555555556 0.22083333333333333 0.17500000000000002 0.10208333333333333
0 0.29444444444444445 0.22343749999999998 0.18888888888888888 0.07395833333333333
0 0.2965277777777778 0.3625 0.12361111111111112 0.12083333333333333
0 0.7548611111111111 0.43854166666666666 0.18472222222222223 0.06875
0 0.4138888888888889 0.6036458333333333 0.2 0.09895833333333333
0 0.14930555555555555 0.5739583333333333 0.11805555555555557 0.1375
0 0.6506944444444445 0.6645833333333333 0.1486111111111111 0.14375
0 0.33125 0.8 0.1763888888888889 0.09375
1 0.5673611111111111 0.8291666666666666 0.10138888888888889 0.075
1 0.4305555555555556 0.7302083333333333 0.08611111111111111 0.06875
1 0.826388888888889 0.6036458333333333 0.09722222222222222 0.08229166666666667
1 0.68125 0.5416666666666666 0.07916666666666666 0.058333333333333334
1 0.5423611111111112 0.47552083333333334 0.07083333333333333 0.053125
1 0.34097222222222223 0.49895833333333334 0.08194444444444444 0.06041666666666667
1 0.44375000000000003 0.3828125 0.07083333333333333 0.057291666666666664
1 0.6395833333333334 0.34739583333333335 0.07916666666666666 0.08229166666666667
1 0.4604166666666667 0.2864583333333333 0.07916666666666666 0.05625
