0 0.5020833333333333 0.12395833333333334 0.2013888888888889 0.07708333333333334
0 0.7388888888888889 0.196875 0.15833333333333333 0.09791666666666667
0 0.5465277777777778 0.3026041666666667 0.18194444444444446 0.096875
0 0.19652777777777777 0.3572916666666667 0.1763888888888889 0.08958333333333333
0 0.19097222222222224 0.6223958333333334 0.16805555555555557 0.128125
0 0.5222222222222223 0.540625 0.19722222222222224 0.10416666666666667
0 0.63125 0.8630208333333333 0.19305555555555556 0.11145833333333333
0 0.32430555555555557 0.8489583333333334 0.1902777777777778 0.09375
1 0.08819444444444445 0.8630208333333333 0.0763888888888889 0.06770833333333333
1 0.6833333333333333 0.7651041666666667 0.08333333333333334 0.051041666666666666
1 0.4534722222222222 0.7197916666666666 0.07916666666666666 0.05416666666666667
1 0.7680555555555556 0.6760416666666667 0.07777777777777778 0.08125
1 0.7937500000000001 0.4822916666666667 0.10972222222222222 0.09375
1 0.5479166666666667 0.4302083333333333 0.13194444444444445 0.07916666666666666
1 0.36458333333333337 0.3677083333333333 0.09305555555555556 0.08541666666666667
1 0.8145833333333333 0.33125 0.10972222222222222 0.09375
