1 0.37569444444444444 0.2942708333333333 0.05416666666666667 0.040625
1 0.5083333333333333 0.24270833333333333 0.125 0.07708333333333334
1 0.6833333333333333 0.4322916666666667 0.06666666666666667 0.0375
1 0.38680555555555557 0.696875 0.05694444444444444 0.04791666666666666
0 0.36944444444444446 0.7973958333333333 0.16111111111111112 0.07395833333333333
0 0.5645833333333333 0.7505208333333333 0.1513888888888889 0.06770833333333333
0 0.6590277777777778 0.6354166666666666 0.12361111111111112 0.09583333333333333
0 0.5243055555555556 0.5895833333333333 0.11805555555555557 0.09791666666666667
0 0.5930555555555556 0.49583333333333335 0.13611111111111113 0.05416666666666667
0 0.35555555555555557 0.49583333333333335 0.16111111111111112 0.06666666666666667
0 0.22777777777777777 0.6213541666666667 0.125 0.09270833333333334
0 0.2 0.42135416666666664 0.1277777777777778 0.09479166666666666
0 0.39166666666666666 0.39375 0.14722222222222223 0.06458333333333333
0 0.6027777777777777 0.3645833333333333 0.10277777777777779 0.09166666666666666
0 0.2638888888888889 0.23541666666666666 0.08333333333333334 0.11041666666666666
