1 0.29583333333333334 0.2833333333333333 0.10277777777777779 0.08958333333333333
1 0.44375000000000003 0.19947916666666665 0.0763888888888889 0.09895833333333333
1 0.5444444444444445 0.240625 0.07777777777777778 0.05
1 0.6638888888888889 0.4635416666666667 0.0638888888888889 0.05625
1 0.5076388888888889 0.5354166666666667 0.07083333333333333 0.058333333333333334
1 0.7270833333333334 0.7026041666666667 0.07361111111111111 0.057291666666666664
1 0.6333333333333333 0.5973958333333333 0.09166666666666667 0.08020833333333333
1 0.44583333333333336 0.6166666666666667 0.08055555555555556 0.06875
0 0.5326388888888889 0.8104166666666667 0.21805555555555556 0.10208333333333333
0 0.3194444444444445 0.7864583333333334 0.16944444444444445 0.14791666666666667
0 0.28055555555555556 0.6020833333333333 0.1638888888888889 0.13541666666666666
0 0.3229166666666667 0.43906249999999997 0.1902777777777778 0.084375
0 0.5104166666666667 0.35625 0.09861111111111112 0.12291666666666666
0 0.6597222222222222 0.315625 0.13611111111111113 0.14375
