1 0.4638888888888889 0.28854166666666664 0.07222222222222223 0.04375
1 0.3923611111111111 0.36666666666666664 0.08472222222222223 0.0625
1 0.5298611111111111 0.5265625 0.07083333333333333 0.078125
1 0.4513888888888889 0.6619791666666667 0.07222222222222223 0.057291666666666664
1 0.3215277777777778 0.759375 0.08194444444444444 0.05416666666666667
1 0.76875 0.24791666666666667 0.10972222222222222 0.0625
0 0.5868055555555556 0.21927083333333333 0.1763888888888889 0.07604166666666666
0 0.3375 0.15364583333333334 0.10277777777777779 0.09270833333333334
0 0.15208333333333335 0.31197916666666664 0.10694444444444445 0.11770833333333333
0 0.6104166666666667 0.35 0.12638888888888888 0.09583333333333333
0 0.40625 0.490625 0.12916666666666668 0.0875
0 0.20694444444444446 0.5036458333333333 0.09444444444444444 0.12604166666666666
0 0.6875 0.5052083333333334 0.09722222222222222 0.11875
0 0.7375 0.64375 0.1638888888888889 0.07708333333333334
0 0.5916666666666667 0.7494791666666667 0.1277777777777778 0.11145833333333333
0 0.4152777777777778 0.8208333333333333 0.16111111111111112 0.07291666666666667
0 0.2569444444444445 0.6859375 0.125 0.11354166666666667
