0 0.6236111111111111 0.19375 0.11666666666666667 0.1
0 0.3888888888888889 0.4166666666666667 0.13333333333333333 0.09583333333333333
0 0.15972222222222224 0.47552083333333334 0.11388888888888889 0.11354166666666667
0 0.5409722222222222 0.5390625 0.1375 0.06979166666666667
0 0.61875 0.6604166666666667 0.17083333333333334 0.07083333333333333
0 0.32083333333333336 0.5854166666666667 0.09722222222222222 0.11458333333333333
0 0.3229166666666667 0.7739583333333333 0.11527777777777778 0.12916666666666665
1 0.5569444444444445 0.4125 0.05555555555555556 0.04583333333333333
1 0.6902777777777778 0.3026041666666667 0.061111111111111116 0.04895833333333333
1 0.45416666666666666 0.275 0.075 0.06041666666666667
1 0.34861111111111115 0.26145833333333335 0.09444444444444444 0.075
