1 0.23958333333333334 0.41875 0.04583333333333334 0.052083333333333336
1 0.18472222222222223 0.6453125 0.061111111111111116 0.065625
1 0.48194444444444445 0.6052083333333333 0.04166666666666667 0.03333333333333333
1 0.7208333333333333 0.47812499999999997 0.075 0.05
1 0.5722222222222223 0.43333333333333335 0.061111111111111116 0.0375
1 0.4652777777777778 0.4875 0.06944444444444445 0.05625
0 0.625 0.5828125 0.1 0.08854166666666667
0 0.3784722222222222 0.6161458333333333 0.13194444444444445 0.08854166666666667
0 0.35694444444444445 0.8078124999999999 0.11388888888888889 0.09895833333333333
0 0.3138888888888889 0.5109375 0.1277777777777778 0.078125
0 0.41111111111111115 0.39791666666666664 0.13333333333333333 0.05625
0 0.6736111111111112 0.36354166666666665 0.11388888888888889 0.05416666666666667
0 0.48750000000000004 0.321875 0.13055555555555556 0.0625
0 0.6152777777777778 0.2630208333333333 0.07222222222222223 0.08854166666666667
0 0.5013888888888889 0.20208333333333334 0.07222222222222223 0.09166666666666666
0 0.3451388888888889 0.259375 0.0763888888888889 0.0875
0 0.2881944444444445 0.32760416666666664 0.10972222222222222 0.071875
