0 0.4666666666666667 0.2708333333333333 0.14166666666666666 0.06458333333333333
0 0.7555555555555555 0.30104166666666665 0.075 0.11041666666666666
0 0.8569444444444445 0.403125 0.11666666666666667 0.10208333333333333
0 0.7375 0.4713541666666667 0.08055555555555556 0.109375
0 0.6826388888888889 0.596875 0.0763888888888889 0.11041666666666666
0 0.5638888888888889 0.6661458333333333 0.0638888888888889 0.11770833333333333
0 0.5979166666666667 0.49374999999999997 0.10138888888888889 0.08958333333333333
0 0.4666666666666667 0.5088541666666666 0.09166666666666667 0.096875
0 0.425 0.3854166666666667 0.125 0.07291666666666667
0 0.26458333333333334 0.3489583333333333 0.1375 0.06458333333333333
0 0.19791666666666669 0.453125 0.15416666666666667 0.07291666666666667
0 0.21458333333333335 0.5786458333333333 0.14583333333333334 0.08645833333333333
0 0.3819444444444445 0.6822916666666666 0.1388888888888889 0.09583333333333333
0 0.2777777777777778 0.7526041666666666 0.10277777777777779 0.11979166666666667
1 0.5013888888888889 0.7901041666666666 0.08611111111111111 0.08645833333333333
1 0.6486111111111111 0.2864583333333333 0.09166666666666667 0.0625
