0 0.24027777777777778 0.16510416666666666 0.13611111111111113 0.13020833333333334
0 0.4708333333333333 0.2515625 0.1527777777777778 0.11770833333333333
0 0.21319444444444446 0.328125 0.10972222222222222 0.13125
0 0.607638888888889 0.3375 0.14027777777777778 0.1
0 0.4388888888888889 0.4765625 0.11944444444444445 0.128125
0 0.5381944444444444 0.5604166666666667 0.15972222222222224 0.06666666666666667
0 0.7194444444444444 0.5411458333333333 0.1638888888888889 0.08854166666666667
0 0.5423611111111112 0.7067708333333333 0.1875 0.09479166666666666
0 0.5708333333333333 0.8401041666666667 0.18611111111111112 0.08645833333333333
0 0.27569444444444446 0.6166666666666667 0.14305555555555557 0.11458333333333333
1 0.3451388888888889 0.7541666666666667 0.07361111111111111 0.04791666666666666
1 0.6694444444444445 0.428125 0.05555555555555556 0.04583333333333333
1 0.6263888888888889 0.23958333333333334 0.07222222222222223 0.06458333333333333
1 0.32569444444444445 0.2640625 0.08194444444444444 0.06145833333333333
1 0.32430555555555557 0.45625 0.06805555555555556 0.058333333333333334
