0 0.41250000000000003 0.18229166666666666 0.14722222222222223 0.06458333333333333
0 0.225 0.29791666666666666 0.13055555555555556 0.09583333333333333
0 0.4118055555555556 0.296875 0.12916666666666668 0.06875
0 0.5881944444444445 0.34375 0.1486111111111111 0.07083333333333333
0 0.6277777777777778 0.45677083333333335 0.14722222222222223 0.06145833333333333
0 0.3840277777777778 0.4479166666666667 0.14305555555555557 0.0625
0 0.46875 0.5302083333333333 0.10972222222222222 0.08541666666666667
0 0.5791666666666667 0.5510416666666667 0.08611111111111111 0.09375
0 0.7090277777777778 0.5661458333333333 0.13194444444444445 0.065625
0 0.6791666666666667 0.6880208333333333 0.125 0.11145833333333333
0 0.45555555555555555 0.6807291666666666 0.10277777777777779 0.10729166666666666
0 0.36736111111111114 0.7625 0.10416666666666667 0.12708333333333333
0 0.21319444444444446 0.7041666666666666 0.15972222222222224 0.075
0 0.19722222222222224 0.5817708333333333 0.13611111111111113 0.103125
1 0.17430555555555557 0.41354166666666664 0.08750000000000001 0.05625
1 0.5173611111111112 0.2552083333333333 0.06805555555555556 0.0375
1 0.30625 0.5239583333333333 0.07916666666666666 0.04583333333333333
1 0.5902777777777778 0.7578125 0.07222222222222223 0.06979166666666667
1 0.5722222222222223 0.8260416666666667 0.10555555555555556 0.06458333333333333
