1 0.34652777777777777 0.18177083333333333 0.08750000000000001 0.10520833333333333
1 0.24930555555555556 0.42552083333333335 0.09583333333333334 0.09895833333333333
1 0.3284722222222222 0.5161458333333333 0.0763888888888889 0.059375
1 0.4354166666666667 0.34010416666666665 0.13194444444444445 0.08645833333333333
1 0.5541666666666667 0.42083333333333334 0.12222222222222223 0.07708333333333334
1 0.5229166666666667 0.6895833333333333 0.059722222222222225 0.0625
1 0.6888888888888889 0.6828125 0.09444444444444444 0.06145833333333333
0 0.55 0.8296875 0.19166666666666668 0.121875
0 0.22916666666666669 0.809375 0.17222222222222222 0.15833333333333333
0 0.36736111111111114 0.6395833333333333 0.2013888888888889 0.0875
0 0.5180555555555556 0.546875 0.19166666666666668 0.08958333333333333
0 0.6708333333333334 0.5046875 0.11944444444444445 0.14479166666666665
0 0.7006944444444445 0.3260416666666667 0.18472222222222223 0.06666666666666667
0 0.576388888888889 0.21875 0.13055555555555556 0.1125
0 0.5326388888888889 0.12760416666666666 0.12638888888888888 0.13020833333333334
