1 0.34375 0.24166666666666667 0.08472222222222223 0.08958333333333333
1 0.5263888888888889 0.20104166666666667 0.11111111111111112 0.04791666666666666
1 0.26180555555555557 0.46197916666666666 0.08472222222222223 0.08645833333333333
1 0.59375 0.66875 0.07083333333333333 0.08125
0 0.18611111111111112 0.2916666666666667 0.1277777777777778 0.09166666666666666
0 0.6347222222222223 0.31145833333333334 0.1 0.08541666666666667
0 0.7069444444444445 0.4109375 0.15555555555555556 0.051041666666666666
0 0.5604166666666667 0.40989583333333335 0.12361111111111112 0.07604166666666666
0 0.4076388888888889 0.4046875 0.12361111111111112 0.096875
0 0.3479166666666667 0.5666666666666667 0.10694444444444445 0.11458333333333333
0 0.5430555555555556 0.5510416666666667 0.125 0.1
0 0.18472222222222223 0.5776041666666667 0.13055555555555556 0.09479166666666666
0 0.2763888888888889 0.75 0.14166666666666666 0.11875
0 0.4625 0.7734375 0.08611111111111111 0.134375
