0 0.5868055555555556 0.14114583333333333 0.1375 0.06770833333333333
0 0.4277777777777778 0.2046875 0.16666666666666669 0.07604166666666666
0 0.2152777777777778 0.21666666666666667 0.10833333333333334 0.10625
0 0.23611111111111113 0.33541666666666664 0.11388888888888889 0.11458333333333333
0 0.6236111111111111 0.2765625 0.14166666666666666 0.08854166666666667
0 0.7986111111111112 0.3140625 0.11111111111111112 0.11562499999999999
0 0.7416666666666667 0.4942708333333333 0.12222222222222223 0.10104166666666667
0 0.8055555555555556 0.6307291666666667 0.12222222222222223 0.11145833333333333
0 0.5513888888888889 0.7213541666666666 0.10277777777777779 0.121875
0 0.39166666666666666 0.76875 0.10833333333333334 0.14166666666666666
0 0.14097222222222222 0.6005208333333333 0.12638888888888888 0.12395833333333334
0 0.30625 0.5036458333333333 0.15694444444444444 0.09479166666666666
1 0.4548611111111111 0.3890625 0.09305555555555556 0.090625
1 0.5673611111111111 0.4578125 0.12083333333333333 0.08020833333333333
1 0.6229166666666667 0.6140625 0.09861111111111112 0.08020833333333333
1 0.2673611111111111 0.6744791666666666 0.09305555555555556 0.09479166666666666
