0 0.35625 0.19947916666666665 0.1513888888888889 0.07395833333333333
0 0.63125 0.21666666666666667 0.14583333333333334 0.08541666666666667
0 0.6722222222222223 0.37083333333333335 0.08888888888888889 0.11458333333333333
0 0.47708333333333336 0.28541666666666665 0.09583333333333334 0.1125
0 0.2833333333333333 0.3177083333333333 0.14722222222222223 0.08541666666666667
0 0.19444444444444445 0.4864583333333333 0.13333333333333333 0.125
0 0.36875 0.559375 0.10138888888888889 0.10833333333333334
0 0.6541666666666667 0.6786458333333333 0.16944444444444445 0.08020833333333333
0 0.16458333333333333 0.7114583333333333 0.15694444444444444 0.10833333333333334
0 0.3506944444444445 0.8348958333333333 0.1736111111111111 0.11770833333333333
1 0.46875 0.7697916666666667 0.09027777777777778 0.07291666666666667
1 0.49375 0.6364583333333333 0.09027777777777778 0.06875
1 0.5923611111111111 0.5713541666666666 0.07361111111111111 0.06354166666666666
1 0.6951388888888889 0.5796875 0.0625 0.046875
1 0.6430555555555556 0.496875 0.0638888888888889 0.052083333333333336
1 0.5229166666666667 0.4786458333333333 0.07083333333333333 0.051041666666666666
1 0.47500000000000003 0.41302083333333334 0.09166666666666667 0.059375
1 0.3013888888888889 0.44166666666666665 0.05 0.03958333333333333
