1 0.5291666666666667 0.1734375 0.08333333333333334 0.071875
1 0.6520833333333333 0.18541666666666667 0.07361111111111111 0.05
1 0.48680555555555555 0.3541666666666667 0.06527777777777778 0.04791666666666666
1 0.5673611111111111 0.6484375 0.08194444444444444 0.07604166666666666
1 0.5770833333333334 0.8005208333333333 0.07361111111111111 0.06979166666666667
0 0.7027777777777778 0.8088541666666667 0.1277777777777778 0.10520833333333333
0 0.4826388888888889 0.715625 0.13472222222222222 0.075
0 0.28958333333333336 0.7145833333333333 0.1513888888888889 0.08541666666666667
0 0.7125 0.6302083333333334 0.1388888888888889 0.075
0 0.6777777777777778 0.48854166666666665 0.06944444444444445 0.09791666666666667
0 0.7104166666666667 0.40729166666666666 0.14027777777777778 0.075
0 0.6673611111111112 0.2635416666666667 0.08472222222222223 0.09375
0 0.5145833333333334 0.4890625 0.1375 0.06354166666666666
0 0.3784722222222222 0.5625 0.12916666666666668 0.05625
0 0.3263888888888889 0.46770833333333334 0.13055555555555556 0.075
0 0.2715277777777778 0.3640625 0.15416666666666667 0.06354166666666666
0 0.4138888888888889 0.27708333333333335 0.10555555555555556 0.08958333333333333
0 0.28958333333333336 0.19010416666666666 0.10972222222222222 0.07395833333333333
0 0.3770833333333333 0.1203125 0.0763888888888889 0.10104166666666667
