1 0.31979166666666664 0.275 0.041666666666666664 0.05277777777777778
1 0.46458333333333335 0.3111111111111111 0.06458333333333333 0.075
1 0.27239583333333334 0.4013888888888889 0.071875 0.075
1 0.19270833333333334 0.4083333333333333 0.05416666666666667 0.1277777777777778
1 0.2713541666666667 0.8520833333333334 0.051041666666666666 0.06527777777777778
0 0.18020833333333333 0.6590277777777778 0.11666666666666667 0.09583333333333334
0 0.3645833333333333 0.7388888888888889 0.08125 0.14444444444444446
0 0.2942708333333333 0.5381944444444444 0.096875 0.11527777777777778
0 0.428125 0.5944444444444444 0.06666666666666667 0.13055555555555556
0 0.46458333333333335 0.8055555555555556 0.08125 0.1527777777777778
0 0.5348958333333333 0.7611111111111112 0.08645833333333333 0.15555555555555556
0 0.6583333333333333 0.788888888888889 0.08125 0.17777777777777778
0 0.828125 0.6645833333333333 0.08958333333333333 0.16527777777777777
0 0.7052083333333333 0.5354166666666667 0.07708333333333334 0.15416666666666667
0 0.7833333333333333 0.3909722222222222 0.07708333333333334 0.15972222222222224
0 0.6671875 0.3458333333333333 0.10104166666666667 0.11388888888888889
0 0.5677083333333334 0.48888888888888893 0.06458333333333333 0.17222222222222222
0 0.4067708333333333 0.4277777777777778 0.059375 0.15
0 0.5375 0.2451388888888889 0.08958333333333333 0.11805555555555557
0 0.6739583333333333 0.17708333333333334 0.12291666666666666 0.09861111111111112
