0 0.4048611111111111 0.15364583333333334 0.12916666666666668 0.09270833333333334
0 0.6027777777777777 0.19010416666666666 0.1527777777777778 0.07604166666666666
0 0.41805555555555557 0.3130208333333333 0.08055555555555556 0.121875
0 0.5437500000000001 0.36354166666666665 0.1375 0.09166666666666666
0 0.6215277777777778 0.5854166666666667 0.11527777777777778 0.09375
0 0.5513888888888889 0.7588541666666666 0.16944444444444445 0.071875
0 0.36597222222222225 0.784375 0.09861111111111112 0.12083333333333333
1 0.4513888888888889 0.6416666666666666 0.06944444444444445 0.05
1 0.24375000000000002 0.646875 0.08194444444444444 0.06041666666666667
1 0.2777777777777778 0.5166666666666666 0.1 0.09583333333333333
1 0.4361111111111111 0.49114583333333334 0.08055555555555556 0.10104166666666667
1 0.5520833333333334 0.4744791666666667 0.09583333333333334 0.051041666666666666
1 0.39375 0.42916666666666664 0.08194444444444444 0.06041666666666667
1 0.5041666666666667 0.27708333333333335 0.058333333333333334 0.07708333333333334
1 0.24930555555555556 0.3463541666666667 0.1486111111111111 0.059375
