1 0.638888888888889 0.1015625 0.08055555555555556 0.06145833333333333
1 0.2451388888888889 0.39479166666666665 0.09861111111111112 0.07083333333333333
1 0.6180555555555556 0.39947916666666666 0.1 0.06145833333333333
1 0.5215277777777778 0.5177083333333333 0.07361111111111111 0.052083333333333336
1 0.4027777777777778 0.6786458333333333 0.10277777777777779 0.103125
0 0.48333333333333334 0.13125 0.14166666666666666 0.09791666666666667
0 0.36388888888888893 0.24166666666666667 0.1277777777777778 0.11666666666666667
0 0.7381944444444445 0.3026041666666667 0.1736111111111111 0.084375
0 0.7819444444444444 0.17135416666666667 0.13333333333333333 0.10729166666666666
0 0.4861111111111111 0.3625 0.1638888888888889 0.10833333333333334
0 0.3611111111111111 0.496875 0.10833333333333334 0.11041666666666666
0 0.6756944444444445 0.6109375 0.1902777777777778 0.11770833333333333
0 0.525 0.821875 0.16666666666666669 0.11666666666666667
0 0.16458333333333333 0.675 0.18472222222222223 0.08958333333333333
