1 0.6833333333333333 0.35260416666666666 0.11388888888888889 0.07604166666666666
1 0.5902777777777778 0.7515625 0.1277777777777778 0.109375
0 0.8541666666666667 0.7328125 0.08888888888888889 0.15729166666666666
0 0.4013888888888889 0.6541666666666667 0.16666666666666669 0.09583333333333333
0 0.16527777777777777 0.5744791666666667 0.16944444444444445 0.09895833333333333
0 0.6416666666666667 0.5276041666666667 0.15 0.08020833333333333
0 0.49236111111111114 0.49114583333333334 0.1625 0.08020833333333333
0 0.8479166666666667 0.43333333333333335 0.08472222222222223 0.14791666666666667
0 0.70625 0.23854166666666665 0.13472222222222222 0.1
0 0.5444444444444445 0.15 0.1388888888888889 0.10625
0 0.48958333333333337 0.328125 0.15972222222222224 0.07708333333333334
0 0.39305555555555555 0.25 0.16111111111111112 0.09791666666666667
0 0.3180555555555556 0.3729166666666667 0.17777777777777778 0.07708333333333334
