0 0.4465277777777778 0.3265625 0.10416666666666667 0.11145833333333333
0 0.7159722222222222 0.2755208333333333 0.11805555555555557 0.103125
0 0.7520833333333333 0.3828125 0.1513888888888889 0.07395833333333333
0 0.8423611111111111 0.48333333333333334 0.13472222222222222 0.0625
0 0.513888888888889 0.44635416666666666 0.10277777777777779 0.11562499999999999
0 0.6638888888888889 0.5661458333333333 0.09722222222222222 0.12395833333333334
0 0.7534722222222222 0.7411458333333333 0.12638888888888888 0.11979166666666667
0 0.4354166666666667 0.79375 0.09583333333333334 0.125
0 0.29930555555555555 0.6192708333333333 0.1763888888888889 0.057291666666666664
0 0.25416666666666665 0.4427083333333333 0.1527777777777778 0.06875
1 0.31736111111111115 0.3255208333333333 0.08750000000000001 0.078125
1 0.5361111111111111 0.2125 0.08611111111111111 0.05416666666666667
1 0.4847222222222222 0.6526041666666667 0.10833333333333334 0.07395833333333333
