1 0.5625 0.16510416666666666 0.10277777777777779 0.090625
1 0.7083333333333334 0.48854166666666665 0.1 0.06666666666666667
0 0.4291666666666667 0.190625 0.11666666666666667 0.12708333333333333
0 0.2791666666666667 0.17083333333333334 0.1277777777777778 0.12083333333333333
0 0.29444444444444445 0.3140625 0.125 0.10520833333333333
0 0.5805555555555556 0.34791666666666665 0.11666666666666667 0.10208333333333333
0 0.4673611111111111 0.4421875 0.1736111111111111 0.084375
0 0.24027777777777778 0.5088541666666666 0.09722222222222222 0.13229166666666667
0 0.4861111111111111 0.5583333333333333 0.17777777777777778 0.09791666666666667
0 0.3770833333333333 0.6307291666666667 0.14583333333333334 0.10729166666666666
0 0.6902777777777778 0.6786458333333333 0.16666666666666669 0.07604166666666666
0 0.4881944444444445 0.834375 0.17916666666666667 0.07291666666666667
0 0.29791666666666666 0.778125 0.1625 0.075
