0 0.30347222222222225 0.3541666666666667 0.12638888888888888 0.11875
0 0.45625000000000004 0.3859375 0.12638888888888888 0.096875
0 0.7215277777777778 0.2916666666666667 0.10416666666666667 0.12916666666666665
0 0.820138888888889 0.42343749999999997 0.09027777777777778 0.13020833333333334
0 0.6333333333333333 0.3958333333333333 0.08888888888888889 0.10625
0 0.7305555555555556 0.6333333333333333 0.11111111111111112 0.12083333333333333
0 0.33055555555555555 0.5546875 0.12222222222222223 0.12604166666666666
0 0.4340277777777778 0.6723958333333333 0.1513888888888889 0.10104166666666667
1 0.6013888888888889 0.7442708333333333 0.13055555555555556 0.096875
1 0.5319444444444444 0.4796875 0.08888888888888889 0.08020833333333333
1 0.5743055555555556 0.2557291666666667 0.09583333333333334 0.08645833333333333
