1 0.5493055555555556 0.29322916666666665 0.06805555555555556 0.046875
1 0.6888888888888889 0.2708333333333333 0.08055555555555556 0.0875
1 0.28402777777777777 0.10208333333333333 0.09583333333333334 0.06458333333333333
0 0.6236111111111111 0.12760416666666666 0.1388888888888889 0.08854166666666667
0 0.4618055555555556 0.128125 0.1625 0.06875
0 0.4027777777777778 0.27708333333333335 0.13055555555555556 0.11458333333333333
0 0.3493055555555556 0.38645833333333335 0.1513888888888889 0.08958333333333333
0 0.7145833333333333 0.44166666666666665 0.12638888888888888 0.12916666666666665
0 0.7354166666666667 0.6302083333333334 0.1513888888888889 0.11041666666666666
0 0.6298611111111111 0.7453125 0.1875 0.09895833333333333
0 0.4215277777777778 0.7083333333333334 0.1736111111111111 0.10416666666666667
0 0.3493055555555556 0.5916666666666667 0.15972222222222224 0.11666666666666667
1 0.43333333333333335 0.4927083333333333 0.1277777777777778 0.07916666666666666
1 0.545138888888889 0.5828125 0.09861111111111112 0.071875
1 0.5215277777777778 0.8453125 0.09305555555555556 0.07395833333333333
