0 0.2215277777777778 0.33541666666666664 0.13194444444444445 0.10833333333333334
0 0.3854166666666667 0.2833333333333333 0.1513888888888889 0.07916666666666666
0 0.5694444444444444 0.31614583333333335 0.09444444444444444 0.10729166666666666
0 0.4756944444444445 0.44375 0.18194444444444446 0.06875
0 0.33125 0.4578125 0.1125 0.128125
0 0.30833333333333335 0.6421875 0.09444444444444444 0.128125
0 0.545138888888889 0.5453125 0.1763888888888889 0.06979166666666667
0 0.4673611111111111 0.7177083333333333 0.13194444444444445 0.10416666666666667
0 0.6256944444444444 0.7046875 0.1375 0.13229166666666667
1 0.7388888888888889 0.528125 0.10833333333333334 0.08125
1 0.6236111111111111 0.40625 0.09166666666666667 0.06458333333333333
1 0.20902777777777778 0.5390625 0.08194444444444444 0.057291666666666664
