1 0.56875 0.20520833333333333 0.1125 0.07291666666666667
1 0.7937500000000001 0.27708333333333335 0.10416666666666667 0.06875
1 0.32083333333333336 0.34270833333333334 0.08611111111111111 0.06666666666666667
1 0.5673611111111111 0.6588541666666666 0.08194444444444444 0.06979166666666667
0 0.35000000000000003 0.1953125 0.1638888888888889 0.09270833333333334
0 0.7736111111111111 0.165625 0.14166666666666666 0.10416666666666667
0 0.5625 0.3411458333333333 0.17222222222222222 0.08645833333333333
0 0.6506944444444445 0.45260416666666664 0.08750000000000001 0.11354166666666667
0 0.7930555555555556 0.45260416666666664 0.08888888888888889 0.109375
0 0.4916666666666667 0.534375 0.08611111111111111 0.11875
0 0.3125 0.5041666666666667 0.08888888888888889 0.12291666666666666
0 0.18194444444444446 0.5723958333333333 0.18055555555555555 0.065625
0 0.2986111111111111 0.6994791666666667 0.08611111111111111 0.134375
0 0.48541666666666666 0.8125 0.15972222222222224 0.07916666666666666
0 0.7263888888888889 0.7947916666666667 0.18055555555555555 0.07083333333333333
0 0.8076388888888889 0.6338541666666666 0.15416666666666667 0.10729166666666666
