0 0.14583333333333334 0.2947916666666667 0.18055555555555555 0.07708333333333334
0 0.3479166666666667 0.26510416666666664 0.15416666666666667 0.08229166666666667
0 0.5708333333333333 0.24427083333333333 0.13333333333333333 0.06354166666666666
0 0.74375 0.3 0.17083333333333334 0.06875
0 0.5395833333333333 0.3677083333333333 0.11805555555555557 0.11041666666666666
0 0.8048611111111111 0.4635416666666667 0.14583333333333334 0.06666666666666667
0 0.7770833333333333 0.5958333333333333 0.12361111111111112 0.09375
0 0.7076388888888889 0.753125 0.18194444444444446 0.09166666666666666
1 0.4625 0.8041666666666667 0.13333333333333333 0.07708333333333334
1 0.6055555555555556 0.6390625 0.03888888888888889 0.036458333333333336
1 0.5576388888888889 0.6791666666666667 0.07916666666666666 0.04791666666666666
1 0.4305555555555556 0.6130208333333333 0.07777777777777778 0.051041666666666666
1 0.47361111111111115 0.5177083333333333 0.07222222222222223 0.06041666666666667
1 0.5534722222222223 0.459375 0.07083333333333333 0.05
1 0.39305555555555555 0.3880208333333333 0.1 0.057291666666666664
1 0.22847222222222224 0.375 0.0625 0.04375
1 0.21180555555555555 0.21354166666666666 0.07916666666666666 0.05
1 0.3194444444444445 0.4427083333333333 0.13611111111111113 0.07916666666666666
0 0.5916666666666667 0.5567708333333333 0.11944444444444445 0.08854166666666667
0 0.2215277777777778 0.5369791666666667 0.1736111111111111 0.07604166666666666
0 0.1875 0.653125 0.15833333333333333 0.0875
0 0.2868055555555556 0.7598958333333333 0.12638888888888888 0.12604166666666666
