0 0.44375000000000003 0.2015625 0.16527777777777777 0.078125
0 0.31527777777777777 0.278125 0.16666666666666669 0.09791666666666667
0 0.46805555555555556 0.4083333333333333 0.14166666666666666 0.1
0 0.2729166666666667 0.425 0.09861111111111112 0.11875
0 0.5006944444444444 0.5307291666666667 0.1625 0.071875
0 0.6965277777777779 0.5401041666666666 0.15972222222222224 0.078125
0 0.6847222222222222 0.7473958333333334 0.14722222222222223 0.078125
0 0.26319444444444445 0.5869791666666666 0.1125 0.121875
0 0.40902777777777777 0.8057291666666666 0.1875 0.10520833333333333
1 0.5993055555555555 0.3104166666666667 0.09861111111111112 0.058333333333333334
1 0.6125 0.4348958333333333 0.10555555555555556 0.065625
1 0.48541666666666666 0.6708333333333333 0.09861111111111112 0.08958333333333333
1 0.22847222222222224 0.7390625 0.10416666666666667 0.071875
