1 0.8680555555555556 0.340625 0.1 0.075
1 0.45 0.4088541666666667 0.10555555555555556 0.08229166666666667
1 0.22708333333333333 0.69375 0.10138888888888889 0.09791666666666667
0 0.5222222222222223 0.09583333333333333 0.11111111111111112 0.13333333333333333
0 0.22222222222222224 0.14583333333333334 0.18888888888888888 0.07708333333333334
0 0.4041666666666667 0.2598958333333333 0.10555555555555556 0.12395833333333334
0 0.625 0.28229166666666666 0.09166666666666667 0.14791666666666667
0 0.7194444444444444 0.4614583333333333 0.1527777777777778 0.10208333333333333
0 0.55625 0.5401041666666666 0.09583333333333334 0.13854166666666667
0 0.22986111111111113 0.3958333333333333 0.15972222222222224 0.09166666666666666
0 0.22291666666666668 0.5802083333333333 0.12638888888888888 0.13333333333333333
0 0.41111111111111115 0.6125 0.11111111111111112 0.14583333333333334
0 0.2881944444444445 0.8541666666666666 0.11805555555555557 0.15833333333333333
0 0.5993055555555555 0.7848958333333333 0.12361111111111112 0.14895833333333333
0 0.76875 0.6567708333333333 0.1375 0.11354166666666667
