0 0.3965277777777778 0.3848958333333333 0.11527777777777778 0.121875
0 0.6131944444444445 0.409375 0.1486111111111111 0.1
0 0.8395833333333333 0.42343749999999997 0.15694444444444444 0.08645833333333333
0 0.7583333333333334 0.6098958333333333 0.18055555555555555 0.07604166666666666
0 0.5395833333333333 0.70625 0.13472222222222222 0.12083333333333333
0 0.26319444444444445 0.5911458333333334 0.11805555555555557 0.13645833333333332
0 0.15763888888888888 0.7786458333333334 0.15972222222222224 0.09895833333333333
0 0.30694444444444446 0.8807291666666667 0.17777777777777778 0.07604166666666666
1 0.40555555555555556 0.59375 0.11388888888888889 0.07916666666666666
1 0.6375000000000001 0.2791666666666667 0.10555555555555556 0.0625
