1 0.4916666666666667 0.21458333333333332 0.10277777777777779 0.06875
1 0.4465277777777778 0.5109375 0.1125 0.057291666666666664
1 0.28125 0.5880208333333333 0.10416666666666667 0.059375
0 0.1951388888888889 0.23958333333333334 0.08472222222222223 0.1125
0 0.34861111111111115 0.32708333333333334 0.1638888888888889 0.0625
0 0.6652777777777779 0.3182291666666667 0.12222222222222223 0.10104166666666667
0 0.44097222222222227 0.4088541666666667 0.1513888888888889 0.06770833333333333
0 0.17708333333333334 0.4427083333333333 0.1125 0.11875
0 0.5784722222222223 0.6177083333333333 0.1763888888888889 0.05416666666666667
0 0.7715277777777778 0.5234375 0.11527777777777778 0.096875
0 0.4118055555555556 0.7755208333333333 0.09305555555555556 0.12395833333333334
0 0.3125 0.6911458333333333 0.13055555555555556 0.11145833333333333
