0 0.3479166666666667 0.2739583333333333 0.16805555555555557 0.07916666666666666
0 0.7131944444444445 0.178125 0.15694444444444444 0.09166666666666666
0 0.6833333333333333 0.409375 0.10833333333333334 0.11041666666666666
0 0.4416666666666667 0.45208333333333334 0.14722222222222223 0.09583333333333333
0 0.5576388888888889 0.5567708333333333 0.1625 0.065625
0 0.31180555555555556 0.5630208333333333 0.12916666666666668 0.10104166666666667
0 0.15833333333333333 0.45989583333333334 0.15 0.09895833333333333
0 0.6708333333333334 0.8671875 0.14166666666666666 0.08645833333333333
1 0.5736111111111112 0.1796875 0.08333333333333334 0.08229166666666667
1 0.7791666666666667 0.5880208333333333 0.14166666666666666 0.08229166666666667
1 0.6736111111111112 0.7588541666666666 0.09444444444444444 0.06979166666666667
1 0.5395833333333333 0.6630208333333333 0.09305555555555556 0.051041666666666666
1 0.42986111111111114 0.78125 0.07361111111111111 0.052083333333333336
1 0.20555555555555557 0.7276041666666666 0.08055555555555556 0.065625
1 0.09861111111111112 0.5973958333333333 0.08888888888888889 0.084375
