0 0.36736111111111114 0.10364583333333333 0.14027777777777778 0.08020833333333333
0 0.4131944444444445 0.203125 0.12916666666666668 0.075
0 0.5902777777777778 0.1703125 0.14166666666666666 0.084375
0 0.6548611111111111 0.25104166666666666 0.14583333333333334 0.075
0 0.6868055555555556 0.3380208333333333 0.12361111111111112 0.10104166666666667
0 0.44097222222222227 0.36354166666666665 0.11527777777777778 0.09583333333333333
0 0.3388888888888889 0.428125 0.14444444444444446 0.06458333333333333
0 0.27361111111111114 0.5276041666666667 0.11666666666666667 0.084375
0 0.6520833333333333 0.5005208333333333 0.14305555555555557 0.06145833333333333
0 0.4451388888888889 0.5942708333333333 0.14027777777777778 0.078125
0 0.22291666666666668 0.6322916666666667 0.08194444444444444 0.10625
0 0.36458333333333337 0.7182291666666667 0.13472222222222222 0.057291666666666664
0 0.5173611111111112 0.6958333333333333 0.0763888888888889 0.11458333333333333
0 0.68125 0.7989583333333333 0.11527777777777778 0.08958333333333333
0 0.6222222222222222 0.9166666666666666 0.11944444444444445 0.07916666666666666
0 0.39305555555555555 0.8484375 0.1 0.11354166666666667
0 0.22986111111111113 0.8567708333333334 0.11805555555555557 0.084375
1 0.2638888888888889 0.3453125 0.08611111111111111 0.06145833333333333
1 0.6736111111111112 0.6244791666666667 0.07777777777777778 0.053125
1 0.13819444444444445 0.8046875 0.06805555555555556 0.04895833333333333
