0 0.7708333333333334 0.19791666666666666 0.09722222222222222 0.15
0 0.4652777777777778 0.20104166666666667 0.16944444444444445 0.10208333333333333
0 0.36388888888888893 0.2911458333333333 0.10833333333333334 0.14479166666666665
0 0.23680555555555557 0.42552083333333335 0.1625 0.09479166666666666
0 0.5486111111111112 0.3421875 0.15833333333333333 0.121875
0 0.42708333333333337 0.496875 0.10972222222222222 0.11875
0 0.70625 0.590625 0.09305555555555556 0.11875
0 0.6173611111111111 0.7057291666666666 0.14305555555555557 0.10104166666666667
0 0.7375 0.834375 0.17777777777777778 0.075
0 0.37777777777777777 0.7677083333333333 0.16111111111111112 0.0875
0 0.21805555555555556 0.7661458333333333 0.11111111111111112 0.103125
1 0.3965277777777778 0.6255208333333333 0.09583333333333334 0.05520833333333333
1 0.6736111111111112 0.475 0.10555555555555556 0.075
1 0.45416666666666666 0.9229166666666666 0.08611111111111111 0.06041666666666667
