1 0.37083333333333335 0.17864583333333334 0.10555555555555556 0.071875
1 0.3451388888888889 0.43385416666666665 0.1125 0.078125
1 0.7048611111111112 0.45416666666666666 0.08472222222222223 0.07708333333333334
1 0.39583333333333337 0.8453125 0.125 0.09895833333333333
0 0.6694444444444445 0.16145833333333334 0.11944444444444445 0.1125
0 0.5361111111111111 0.2817708333333333 0.16111111111111112 0.10729166666666666
0 0.7520833333333333 0.3411458333333333 0.16527777777777777 0.07395833333333333
0 0.19375 0.3614583333333333 0.1736111111111111 0.11458333333333333
0 0.19722222222222224 0.5098958333333333 0.21666666666666667 0.07395833333333333
0 0.5173611111111112 0.5203125 0.11527777777777778 0.13229166666666667
0 0.7895833333333334 0.540625 0.1763888888888889 0.07708333333333334
0 0.6347222222222223 0.6989583333333333 0.14722222222222223 0.10833333333333334
0 0.2951388888888889 0.6916666666666667 0.19861111111111113 0.10416666666666667
