0 0.48333333333333334 0.171875 0.15555555555555556 0.075
0 0.3388888888888889 0.3359375 0.08333333333333334 0.121875
0 0.19305555555555556 0.428125 0.09166666666666667 0.12291666666666666
0 0.2659722222222222 0.5114583333333333 0.13472222222222222 0.08125
0 0.48680555555555555 0.5614583333333333 0.08472222222222223 0.10625
0 0.65625 0.6140625 0.13194444444444445 0.09479166666666666
0 0.3597222222222222 0.7458333333333333 0.1527777777777778 0.11458333333333333
1 0.2513888888888889 0.6395833333333333 0.09444444444444444 0.0625
1 0.4256944444444445 0.46458333333333335 0.09027777777777778 0.07083333333333333
1 0.6152777777777778 0.4276041666666667 0.08333333333333334 0.04479166666666667
1 0.513888888888889 0.37395833333333334 0.1277777777777778 0.058333333333333334
1 0.40347222222222223 0.2625 0.09027777777777778 0.041666666666666664
