0 0.325 0.26666666666666666 0.17222222222222222 0.12708333333333333
0 0.4791666666666667 0.303125 0.10833333333333334 0.14583333333333334
0 0.670138888888889 0.23124999999999998 0.18472222222222223 0.13125
0 0.6986111111111112 0.3796875 0.20555555555555557 0.08020833333333333
0 0.7000000000000001 0.5197916666666667 0.18888888888888888 0.10625
0 0.7208333333333333 0.696875 0.2111111111111111 0.08125
0 0.5152777777777778 0.6505208333333333 0.16666666666666669 0.14895833333333333
0 0.2777777777777778 0.7786458333333334 0.11388888888888889 0.15104166666666666
0 0.19930555555555557 0.5234375 0.1486111111111111 0.16354166666666667
1 0.43333333333333335 0.46875 0.11388888888888889 0.10833333333333334
1 0.9055555555555556 0.48125 0.10277777777777779 0.09166666666666666
1 0.4708333333333333 0.8489583333333334 0.14444444444444446 0.1
