0 0.7736111111111111 0.22760416666666666 0.09722222222222222 0.16979166666666667
0 0.6055555555555556 0.23645833333333333 0.13611111111111113 0.14791666666666667
0 0.8097222222222222 0.48125 0.10833333333333334 0.15833333333333333
0 0.5027777777777778 0.3833333333333333 0.19444444444444445 0.07916666666666666
0 0.25069444444444444 0.3328125 0.1736111111111111 0.13020833333333334
0 0.2520833333333333 0.5307291666666667 0.17916666666666667 0.134375
0 0.5479166666666667 0.6911458333333333 0.13194444444444445 0.18020833333333333
0 0.7229166666666667 0.6911458333333333 0.13472222222222222 0.15729166666666666
1 0.3479166666666667 0.6348958333333333 0.10416666666666667 0.11354166666666667
1 0.8701388888888889 0.3234375 0.12083333333333333 0.096875
1 0.39166666666666666 0.1734375 0.1 0.08020833333333333
