1 0.5576388888888889 0.15572916666666667 0.08472222222222223 0.084375
1 0.69375 0.39166666666666666 0.07361111111111111 0.06875
1 0.8222222222222223 0.5088541666666666 0.09444444444444444 0.057291666666666664
1 0.4826388888888889 0.4375 0.07916666666666666 0.058333333333333334
1 0.30486111111111114 0.5489583333333333 0.08750000000000001 0.08125
1 0.6284722222222222 0.8796875 0.12361111111111112 0.071875
0 0.8298611111111112 0.6697916666666667 0.16805555555555557 0.09166666666666666
0 0.4777777777777778 0.6401041666666667 0.15 0.14479166666666665
0 0.4777777777777778 0.8484375 0.13055555555555556 0.146875
1 0.18819444444444444 0.7609375 0.17083333333333334 0.090625
0 0.17152777777777778 0.5302083333333333 0.2013888888888889 0.09166666666666666
0 0.40972222222222227 0.3776041666666667 0.11944444444444445 0.096875
0 0.607638888888889 0.28541666666666665 0.15972222222222224 0.07708333333333334
0 0.3416666666666667 0.15989583333333332 0.12222222222222223 0.14479166666666665
0 0.21180555555555555 0.3145833333333333 0.10694444444444445 0.14375
