0 0.27083333333333337 0.228125 0.1277777777777778 0.10208333333333333
0 0.4777777777777778 0.20989583333333334 0.1388888888888889 0.09895833333333333
0 0.6173611111111111 0.203125 0.15694444444444444 0.06875
0 0.7111111111111111 0.3255208333333333 0.13611111111111113 0.08229166666666667
0 0.5868055555555556 0.3265625 0.09027777777777778 0.11770833333333333
0 0.45555555555555555 0.3770833333333333 0.10555555555555556 0.11666666666666667
0 0.35208333333333336 0.4161458333333333 0.12638888888888888 0.08854166666666667
0 0.5513888888888889 0.48072916666666665 0.1638888888888889 0.078125
0 0.7430555555555556 0.49114583333333334 0.13333333333333333 0.11145833333333333
0 0.2923611111111111 0.6822916666666666 0.09861111111111112 0.14791666666666667
0 0.5229166666666667 0.7859375 0.18194444444444446 0.09895833333333333
0 0.670138888888889 0.703125 0.1513888888888889 0.10208333333333333
1 0.8055555555555556 0.6296875 0.075 0.059375
1 0.5819444444444445 0.5932291666666667 0.08333333333333334 0.05520833333333333
1 0.3979166666666667 0.5161458333333333 0.1125 0.07395833333333333
1 0.17500000000000002 0.5390625 0.11944444444444445 0.07604166666666666
1 0.37569444444444444 0.30104166666666665 0.07916666666666666 0.05416666666666667
1 0.3729166666666667 0.2989583333333333 0.07916666666666666 0.05416666666666667
