0 0.5930555555555556 0.1640625 0.11388888888888889 0.14270833333333333
0 0.3909722222222222 0.24322916666666666 0.18472222222222223 0.07395833333333333
0 0.7340277777777778 0.26145833333333335 0.18194444444444446 0.07916666666666666
0 0.7520833333333333 0.534375 0.11805555555555557 0.12916666666666665
0 0.5486111111111112 0.4552083333333333 0.18888888888888888 0.09166666666666666
0 0.3625 0.39947916666666666 0.09166666666666667 0.15104166666666666
0 0.4041666666666667 0.575 0.18333333333333335 0.09166666666666666
0 0.4708333333333333 0.7296875 0.17222222222222222 0.109375
0 0.6694444444444445 0.8140625 0.18888888888888888 0.078125
0 0.16180555555555556 0.6744791666666666 0.09861111111111112 0.15104166666666666
1 0.3138888888888889 0.8354166666666667 0.1388888888888889 0.08958333333333333
1 0.6909722222222222 0.3765625 0.07083333333333333 0.07604166666666666
1 0.19652777777777777 0.2791666666666667 0.10138888888888889 0.09166666666666666
