0 0.32083333333333336 0.26875 0.15555555555555556 0.07083333333333333
0 0.6062500000000001 0.22135416666666666 0.15972222222222224 0.065625
0 0.7840277777777778 0.3109375 0.1625 0.057291666666666664
0 0.68125 0.42135416666666664 0.09305555555555556 0.11979166666666667
0 0.5618055555555556 0.590625 0.11527777777777778 0.10208333333333333
0 0.5555555555555556 0.7921875 0.17777777777777778 0.07395833333333333
0 0.2625 0.7473958333333334 0.1527777777777778 0.103125
0 0.16944444444444445 0.5541666666666667 0.10277777777777779 0.13125
0 0.3479166666666667 0.42864583333333334 0.09305555555555556 0.12604166666666666
0 0.4763888888888889 0.503125 0.07777777777777778 0.12083333333333333
1 0.34375 0.5932291666666667 0.10138888888888889 0.07604166666666666
1 0.7777777777777778 0.6630208333333333 0.10555555555555556 0.07395833333333333
1 0.5861111111111111 0.3421875 0.08888888888888889 0.06770833333333333
