1 0.5826388888888889 0.5072916666666667 0.09305555555555556 0.0875
0 0.20277777777777778 0.3958333333333333 0.12222222222222223 0.12916666666666665
0 0.3944444444444445 0.10208333333333333 0.10833333333333334 0.12083333333333333
0 0.5437500000000001 0.3171875 0.10694444444444445 0.134375
0 0.6583333333333333 0.24270833333333333 0.11666666666666667 0.12083333333333333
0 0.7833333333333333 0.37135416666666665 0.18055555555555555 0.08229166666666667
0 0.8652777777777778 0.5151041666666667 0.1388888888888889 0.12395833333333334
0 0.7805555555555556 0.6864583333333333 0.13611111111111113 0.12708333333333333
0 0.4041666666666667 0.4921875 0.15833333333333333 0.12604166666666666
0 0.5680555555555555 0.79375 0.17500000000000002 0.09583333333333333
0 0.38125000000000003 0.8151041666666666 0.10972222222222222 0.15729166666666666
