1 0.3548611111111111 0.4109375 0.07916666666666666 0.065625
1 0.6756944444444445 0.49166666666666664 0.09027777777777778 0.052083333333333336
0 0.7590277777777779 0.3223958333333333 0.13194444444444445 0.096875
0 0.49583333333333335 0.1921875 0.15555555555555556 0.07395833333333333
0 0.5166666666666667 0.2671875 0.14444444444444446 0.06354166666666666
0 0.5333333333333333 0.35625 0.16111111111111112 0.07083333333333333
0 0.2534722222222222 0.23645833333333333 0.16527777777777777 0.06666666666666667
0 0.12569444444444444 0.3963541666666667 0.10972222222222222 0.11979166666666667
0 0.16944444444444445 0.5895833333333333 0.15833333333333333 0.08958333333333333
0 0.5215277777777778 0.475 0.15416666666666667 0.06041666666666667
0 0.4215277777777778 0.5546875 0.17916666666666667 0.065625
0 0.3458333333333333 0.671875 0.15 0.09791666666666667
0 0.4743055555555556 0.8010416666666667 0.13194444444444445 0.12708333333333333
0 0.6048611111111112 0.6520833333333333 0.13194444444444445 0.11041666666666666
0 0.7791666666666667 0.5859375 0.1638888888888889 0.06770833333333333
