0 0.23402777777777778 0.4380208333333333 0.16527777777777777 0.06354166666666666
1 0.4916666666666667 0.19322916666666667 0.08055555555555556 0.06354166666666666
1 0.5354166666666667 0.5859375 0.0763888888888889 0.059375
1 0.38333333333333336 0.7489583333333333 0.07777777777777778 0.0625
1 0.18611111111111112 0.8026041666666667 0.075 0.053125
0 0.3736111111111111 0.3640625 0.11944444444444445 0.09270833333333334
0 0.6486111111111111 0.3098958333333333 0.14722222222222223 0.08229166666666667
0 0.7986111111111112 0.25416666666666665 0.09722222222222222 0.1125
0 0.5708333333333333 0.4421875 0.14444444444444446 0.08229166666666667
0 0.6763888888888889 0.5135416666666667 0.13055555555555556 0.09583333333333333
0 0.4083333333333333 0.5166666666666666 0.10277777777777779 0.09583333333333333
0 0.2548611111111111 0.5536458333333333 0.15416666666666667 0.057291666666666664
0 0.37777777777777777 0.646875 0.1638888888888889 0.05416666666666667
0 0.5277777777777778 0.6885416666666666 0.1 0.09166666666666666
0 0.2715277777777778 0.7723958333333333 0.08750000000000001 0.11145833333333333
