1 0.5604166666666667 0.39479166666666665 0.08472222222222223 0.06458333333333333
1 0.5326388888888889 0.4901041666666667 0.09027777777777778 0.08229166666666667
1 0.6194444444444445 0.715625 0.09722222222222222 0.07083333333333333
1 0.29583333333333334 0.6510416666666666 0.07777777777777778 0.08333333333333333
0 0.45069444444444445 0.809375 0.17083333333333334 0.0875
0 0.6694444444444445 0.5880208333333333 0.11111111111111112 0.103125
0 0.7381944444444445 0.4427083333333333 0.11527777777777778 0.10625
0 0.46805555555555556 0.6125 0.16666666666666669 0.07708333333333334
0 0.2520833333333333 0.5171875 0.12916666666666668 0.10729166666666666
0 0.39166666666666666 0.4630208333333333 0.11666666666666667 0.084375
0 0.27083333333333337 0.375 0.14722222222222223 0.0875
0 0.45416666666666666 0.275 0.12222222222222223 0.07083333333333333
0 0.6062500000000001 0.2708333333333333 0.1125 0.11041666666666666
