0 0.5444444444444445 0.184375 0.19444444444444445 0.08333333333333333
0 0.5597222222222222 0.453125 0.1 0.12916666666666665
0 0.8284722222222223 0.4484375 0.12361111111111112 0.11770833333333333
0 0.7305555555555556 0.5682291666666667 0.1 0.13854166666666667
0 0.40069444444444446 0.4744791666666667 0.15416666666666667 0.065625
0 0.3805555555555556 0.5875 0.08611111111111111 0.125
0 0.19444444444444445 0.4744791666666667 0.10277777777777779 0.121875
0 0.07708333333333334 0.5192708333333333 0.10416666666666667 0.11770833333333333
0 0.19930555555555557 0.6083333333333333 0.09305555555555556 0.12708333333333333
0 0.48541666666666666 0.834375 0.14583333333333334 0.058333333333333334
1 0.28750000000000003 0.728125 0.08611111111111111 0.07291666666666667
1 0.45972222222222225 0.728125 0.07777777777777778 0.07708333333333334
1 0.6131944444444445 0.6359375 0.09027777777777778 0.07395833333333333
1 0.2888888888888889 0.325 0.09444444444444444 0.07916666666666666
1 0.5215277777777778 0.3015625 0.08750000000000001 0.084375
1 0.7034722222222223 0.2677083333333333 0.12083333333333333 0.07083333333333333
