0 0.3215277777777778 0.20208333333333334 0.10694444444444445 0.1125
0 0.5722222222222223 0.20989583333333334 0.11111111111111112 0.08645833333333333
0 0.5055555555555555 0.3229166666666667 0.11944444444444445 0.09583333333333333
0 0.6243055555555556 0.3385416666666667 0.09027777777777778 0.09791666666666667
0 0.8416666666666667 0.3421875 0.1277777777777778 0.071875
0 0.7958333333333334 0.44635416666666666 0.1 0.084375
0 0.5881944444444445 0.4671875 0.14583333333333334 0.059375
0 0.6875 0.6036458333333333 0.13611111111111113 0.08020833333333333
0 0.44097222222222227 0.6322916666666667 0.12361111111111112 0.1
0 0.36319444444444443 0.475 0.1513888888888889 0.06875
0 0.26805555555555555 0.40989583333333335 0.09166666666666667 0.11145833333333333
0 0.16597222222222222 0.5223958333333333 0.09305555555555556 0.103125
0 0.17291666666666666 0.6666666666666666 0.1625 0.07291666666666667
0 0.4666666666666667 0.7958333333333333 0.09444444444444444 0.12916666666666665
1 0.6416666666666667 0.5375 0.10833333333333334 0.0625
1 0.920138888888889 0.509375 0.09027777777777778 0.08333333333333333
