1 0.6125 0.39010416666666664 0.13333333333333333 0.08645833333333333
1 0.36041666666666666 0.7067708333333333 0.09861111111111112 0.11354166666666667
0 0.5326388888888889 0.0890625 0.12916666666666668 0.128125
0 0.675 0.209375 0.11944444444444445 0.13541666666666666
0 0.513888888888889 0.2625 0.15833333333333333 0.10833333333333334
0 0.30347222222222225 0.22239583333333332 0.19583333333333333 0.09479166666666666
0 0.37222222222222223 0.3833333333333333 0.1527777777777778 0.09375
0 0.09027777777777778 0.36354166666666665 0.11111111111111112 0.13125
0 0.19166666666666668 0.4786458333333333 0.17500000000000002 0.096875
0 0.27361111111111114 0.5723958333333333 0.10277777777777779 0.140625
0 0.5416666666666667 0.5989583333333334 0.16111111111111112 0.11666666666666667
0 0.725 0.4796875 0.2 0.07604166666666666
0 0.7381944444444445 0.7921875 0.1513888888888889 0.140625
1 0.7958333333333334 0.6130208333333333 0.1388888888888889 0.09479166666666666
0 0.5597222222222222 0.834375 0.10833333333333334 0.15208333333333332
0 0.3111111111111111 0.8744791666666667 0.2138888888888889 0.09479166666666666
