0 0.6090277777777778 0.1546875 0.08750000000000001 0.10104166666666667
0 0.675 0.2947916666666667 0.08055555555555556 0.10833333333333334
0 0.48194444444444445 0.21197916666666666 0.10555555555555556 0.11562499999999999
0 0.3076388888888889 0.24322916666666666 0.10416666666666667 0.109375
0 0.3513888888888889 0.4515625 0.10555555555555556 0.10729166666666666
0 0.5145833333333334 0.3854166666666667 0.10694444444444445 0.09166666666666666
0 0.7138888888888889 0.4322916666666667 0.14166666666666666 0.08125
0 0.5756944444444445 0.5328125 0.12916666666666668 0.09479166666666666
0 0.3909722222222222 0.6182291666666666 0.14305555555555557 0.09270833333333334
0 0.5430555555555556 0.7375 0.18888888888888888 0.06875
1 0.6798611111111111 0.625 0.09583333333333334 0.06458333333333333
