0 0.6118055555555556 0.1890625 0.14305555555555557 0.11979166666666667
0 0.7125 0.3572916666666667 0.16666666666666669 0.09583333333333333
0 0.8777777777777778 0.5244791666666666 0.13611111111111113 0.12395833333333334
0 0.7555555555555555 0.6833333333333333 0.15 0.13125
0 0.41805555555555557 0.33958333333333335 0.10555555555555556 0.16041666666666665
0 0.20277777777777778 0.39375 0.17777777777777778 0.12708333333333333
0 0.34444444444444444 0.5411458333333333 0.20555555555555557 0.08020833333333333
0 0.6277777777777778 0.8354166666666667 0.16111111111111112 0.11875
1 0.3736111111111111 0.6619791666666667 0.13333333333333333 0.08229166666666667
1 0.39583333333333337 0.8229166666666666 0.11388888888888889 0.10416666666666667
