1 0.4840277777777778 0.19375 0.07083333333333333 0.0625
1 0.6652777777777779 0.5171875 0.13055555555555556 0.05520833333333333
1 0.4847222222222222 0.5645833333333333 0.06944444444444445 0.041666666666666664
1 0.2548611111111111 0.6869791666666667 0.09861111111111112 0.07604166666666666
1 0.4638888888888889 0.8046875 0.0638888888888889 0.053125
0 0.6069444444444445 0.2859375 0.16666666666666669 0.090625
0 0.4138888888888889 0.384375 0.1388888888888889 0.06666666666666667
0 0.5847222222222223 0.428125 0.13611111111111113 0.09166666666666666
0 0.7708333333333334 0.3958333333333333 0.10277777777777779 0.11041666666666666
0 0.7451388888888889 0.6458333333333334 0.10416666666666667 0.1125
0 0.5770833333333334 0.6765625 0.13194444444444445 0.090625
0 0.5958333333333333 0.8296875 0.11111111111111112 0.103125
0 0.3472222222222222 0.5729166666666666 0.11388888888888889 0.08541666666666667
0 0.39861111111111114 0.7328125 0.15555555555555556 0.071875
0 0.2847222222222222 0.8130208333333333 0.08888888888888889 0.11145833333333333
