0 0.20277777777777778 0.3572916666666667 0.1527777777777778 0.07291666666666667
0 0.39513888888888893 0.3072916666666667 0.13194444444444445 0.10833333333333334
0 0.5958333333333333 0.21770833333333334 0.1277777777777778 0.10208333333333333
0 0.8354166666666667 0.19791666666666666 0.1486111111111111 0.07708333333333334
0 0.76875 0.3385416666666667 0.14305555555555557 0.08541666666666667
0 0.8666666666666667 0.40520833333333334 0.09722222222222222 0.10416666666666667
0 0.7458333333333333 0.6661458333333333 0.10555555555555556 0.11770833333333333
0 0.6173611111111111 0.4864583333333333 0.14583333333333334 0.07291666666666667
0 0.44236111111111115 0.4505208333333333 0.14583333333333334 0.103125
0 0.24861111111111112 0.5192708333333333 0.15555555555555556 0.071875
0 0.40069444444444446 0.6328125 0.15416666666666667 0.08645833333333333
0 0.5055555555555555 0.771875 0.13611111111111113 0.10833333333333334
0 0.25069444444444444 0.7760416666666666 0.13472222222222222 0.11875
