1 0.7006944444444445 0.490625 0.10138888888888889 0.09166666666666666
1 0.40694444444444444 0.8515625 0.14166666666666666 0.090625
0 0.5708333333333333 0.8109375 0.11944444444444445 0.16145833333333334
0 0.7555555555555555 0.6807291666666666 0.15555555555555556 0.15104166666666666
0 0.8541666666666667 0.503125 0.12222222222222223 0.15416666666666667
0 0.8652777777777778 0.28125 0.15 0.12291666666666666
0 0.7055555555555556 0.19322916666666667 0.18055555555555555 0.11562499999999999
0 0.6 0.35572916666666665 0.125 0.14895833333333333
0 0.5159722222222223 0.5994791666666667 0.11527777777777778 0.17395833333333333
0 0.3451388888888889 0.69375 0.11527777777777778 0.175
0 0.25972222222222224 0.49114583333333334 0.13611111111111113 0.13854166666666667
0 0.3104166666666667 0.321875 0.18472222222222223 0.11875
0 0.43819444444444444 0.12916666666666665 0.18472222222222223 0.12708333333333333
