0 0.3965277777777778 0.10104166666666667 0.10694444444444445 0.12708333333333333
0 0.6208333333333333 0.13177083333333334 0.16666666666666669 0.078125
0 0.30486111111111114 0.22239583333333332 0.19305555555555556 0.065625
0 0.28750000000000003 0.31979166666666664 0.17500000000000002 0.0875
0 0.7333333333333334 0.37864583333333335 0.16111111111111112 0.11770833333333333
0 0.7479166666666667 0.5036458333333333 0.20416666666666666 0.08229166666666667
0 0.3875 0.496875 0.1277777777777778 0.14791666666666667
0 0.19722222222222224 0.459375 0.2 0.08333333333333333
0 0.2701388888888889 0.7614583333333333 0.1875 0.08958333333333333
0 0.5201388888888889 0.8380208333333333 0.14027777777777778 0.14270833333333333
1 0.20416666666666666 0.5723958333333333 0.09444444444444444 0.06770833333333333
1 0.6277777777777778 0.6369791666666667 0.1 0.084375
1 0.5006944444444444 0.4380208333333333 0.09305555555555556 0.071875
1 0.6319444444444444 0.27447916666666666 0.1277777777777778 0.065625
1 0.4951388888888889 0.21614583333333334 0.09583333333333334 0.08229166666666667
