1 0.49444444444444446 0.6473958333333333 0.08611111111111111 0.06979166666666667
1 0.7277777777777779 0.5416666666666666 0.10833333333333334 0.06875
1 0.6555555555555556 0.22291666666666665 0.13333333333333333 0.09375
0 0.43333333333333335 0.19635416666666666 0.19444444444444445 0.09895833333333333
0 0.23541666666666666 0.334375 0.10416666666666667 0.1
0 0.4590277777777778 0.35052083333333334 0.18194444444444446 0.07604166666666666
0 0.7000000000000001 0.37083333333333335 0.18055555555555555 0.08125
0 0.4826388888888889 0.4973958333333333 0.11527777777777778 0.12604166666666666
0 0.27361111111111114 0.5125 0.1388888888888889 0.10208333333333333
0 0.2611111111111111 0.7296875 0.14166666666666666 0.15520833333333334
0 0.5583333333333333 0.7786458333333334 0.15 0.11979166666666667
0 0.7263888888888889 0.6958333333333333 0.10833333333333334 0.15416666666666667
