1 0.5458333333333334 0.33697916666666666 0.08333333333333334 0.09479166666666666
0 0.7472222222222222 0.234375 0.10555555555555556 0.12916666666666665
0 0.4708333333333333 0.16614583333333333 0.1388888888888889 0.09479166666666666
0 0.24444444444444446 0.20520833333333333 0.11944444444444445 0.13125
0 0.30833333333333335 0.3911458333333333 0.16666666666666669 0.096875
0 0.8250000000000001 0.7114583333333333 0.11666666666666667 0.14166666666666666
0 0.5777777777777778 0.8520833333333333 0.19444444444444445 0.08125
0 0.6319444444444444 0.64375 0.17777777777777778 0.06875
0 0.47500000000000003 0.7307291666666667 0.17500000000000002 0.078125
0 0.5055555555555555 0.5041666666666667 0.15 0.06458333333333333
0 0.30208333333333337 0.6234375 0.19583333333333333 0.090625
0 0.2423611111111111 0.78125 0.11527777777777778 0.15416666666666667
