0 0.5597222222222222 0.2916666666666667 0.09166666666666667 0.12291666666666666
0 0.75 0.39427083333333335 0.1638888888888889 0.10104166666666667
0 0.3506944444444445 0.31197916666666664 0.15972222222222224 0.07395833333333333
0 0.4618055555555556 0.3984375 0.09027777777777778 0.121875
0 0.64375 0.503125 0.16805555555555557 0.0875
0 0.22361111111111112 0.45677083333333335 0.125 0.11770833333333333
0 0.25277777777777777 0.5994791666666667 0.19722222222222224 0.07604166666666666
0 0.4027777777777778 0.5755208333333334 0.09166666666666667 0.12604166666666666
0 0.3229166666666667 0.7052083333333333 0.10694444444444445 0.13541666666666666
0 0.5590277777777778 0.6020833333333333 0.08750000000000001 0.13333333333333333
0 0.6847222222222222 0.7057291666666666 0.11111111111111112 0.13645833333333332
0 0.5666666666666667 0.7604166666666666 0.1277777777777778 0.125
0 0.4479166666666667 0.86875 0.15416666666666667 0.09791666666666667
