1 0.3076388888888889 0.3640625 0.10972222222222222 0.065625
1 0.6819444444444445 0.37604166666666666 0.11111111111111112 0.06458333333333333
1 0.3784722222222222 0.7661458333333333 0.07916666666666666 0.057291666666666664
0 0.34861111111111115 0.20572916666666666 0.15 0.06770833333333333
0 0.51875 0.290625 0.16527777777777777 0.0625
0 0.45069444444444445 0.390625 0.12638888888888888 0.08333333333333333
0 0.8694444444444445 0.4401041666666667 0.09444444444444444 0.11145833333333333
0 0.7048611111111112 0.5427083333333333 0.1513888888888889 0.07291666666666667
0 0.4701388888888889 0.5447916666666667 0.13194444444444445 0.11458333333333333
0 0.24722222222222223 0.49322916666666666 0.10833333333333334 0.12395833333333334
0 0.2625 0.6536458333333334 0.1638888888888889 0.11562499999999999
0 0.6826388888888889 0.7432291666666666 0.09861111111111112 0.12604166666666666
