0 0.6458333333333334 0.21875 0.14166666666666666 0.09375
0 0.6215277777777778 0.3572916666666667 0.16805555555555557 0.06875
1 0.46458333333333335 0.2703125 0.08194444444444444 0.10520833333333333
0 0.6923611111111111 0.5255208333333333 0.10694444444444445 0.12604166666666666
0 0.6875 0.7677083333333333 0.07777777777777778 0.15
0 0.46875 0.775 0.10138888888888889 0.13958333333333334
0 0.34652777777777777 0.634375 0.12916666666666668 0.13333333333333333
0 0.2125 0.5041666666666667 0.12222222222222223 0.13333333333333333
0 0.40902777777777777 0.4609375 0.08194444444444444 0.12395833333333334
1 0.31319444444444444 0.30833333333333335 0.09027777777777778 0.07083333333333333
1 0.5319444444444444 0.4869791666666667 0.08611111111111111 0.06979166666666667
1 0.5979166666666667 0.6557291666666667 0.10972222222222222 0.08020833333333333
