1 0.7118055555555556 0.42864583333333334 0.10416666666666667 0.06770833333333333
1 0.4 0.5515625 0.08333333333333334 0.071875
1 0.6451388888888889 0.853125 0.12083333333333333 0.07916666666666666
0 0.46111111111111114 0.20052083333333334 0.125 0.13020833333333334
0 0.6263888888888889 0.278125 0.11111111111111112 0.13333333333333333
0 0.5131944444444445 0.39791666666666664 0.10138888888888889 0.13333333333333333
0 0.6236111111111111 0.5536458333333333 0.16666666666666669 0.10520833333333333
0 0.8465277777777778 0.5927083333333333 0.17083333333333334 0.075
0 0.7006944444444445 0.6916666666666667 0.16805555555555557 0.10208333333333333
0 0.25069444444444444 0.3921875 0.11805555555555557 0.13229166666666667
0 0.25 0.6067708333333334 0.13055555555555556 0.12604166666666666
0 0.44097222222222227 0.678125 0.1625 0.1
0 0.42708333333333337 0.8828125 0.18194444444444446 0.08645833333333333
