1 0.576388888888889 0.28489583333333335 0.075 0.08645833333333333
1 0.43819444444444444 0.5942708333333333 0.09027777777777778 0.065625
1 0.7145833333333333 0.5567708333333333 0.10416666666666667 0.08229166666666667
0 0.4131944444444445 0.2552083333333333 0.09861111111111112 0.12708333333333333
0 0.7555555555555555 0.37083333333333335 0.16944444444444445 0.06458333333333333
0 0.5638888888888889 0.4427083333333333 0.11666666666666667 0.11666666666666667
0 0.2868055555555556 0.48593749999999997 0.12083333333333333 0.128125
0 0.5506944444444445 0.7135416666666666 0.1513888888888889 0.11666666666666667
0 0.7222222222222222 0.7583333333333333 0.13333333333333333 0.12916666666666665
0 0.36944444444444446 0.8463541666666666 0.17777777777777778 0.09479166666666666
