0 0.4979166666666667 0.18229166666666666 0.18472222222222223 0.06666666666666667
0 0.31319444444444444 0.22916666666666666 0.08472222222222223 0.12708333333333333
0 0.4479166666666667 0.278125 0.1625 0.06875
0 0.7006944444444445 0.26510416666666664 0.09027777777777778 0.11979166666666667
0 0.5902777777777778 0.3614583333333333 0.10555555555555556 0.11458333333333333
0 0.4840277777777778 0.45468749999999997 0.11527777777777778 0.10520833333333333
0 0.6861111111111111 0.5072916666666667 0.11388888888888889 0.12083333333333333
0 0.27847222222222223 0.53125 0.13194444444444445 0.12291666666666666
0 0.7743055555555556 0.6973958333333333 0.16527777777777777 0.103125
0 0.4902777777777778 0.8010416666666667 0.10277777777777779 0.15833333333333333
1 0.6743055555555556 0.1625 0.08194444444444444 0.06458333333333333
1 0.7673611111111112 0.36354166666666665 0.09305555555555556 0.05625
1 0.3236111111111111 0.42083333333333334 0.09444444444444444 0.07083333333333333
1 0.5909722222222222 0.6083333333333333 0.06805555555555556 0.06041666666666667
1 0.4375 0.6078125 0.11111111111111112 0.08854166666666667
1 0.2625 0.8197916666666667 0.09722222222222222 0.10416666666666667
