1 0.2923611111111111 0.23854166666666665 0.09305555555555556 0.06666666666666667
1 0.5055555555555555 0.44114583333333335 0.07777777777777778 0.06145833333333333
1 0.15555555555555556 0.4661458333333333 0.10555555555555556 0.08229166666666667
1 0.8048611111111111 0.47552083333333334 0.09027777777777778 0.078125
1 0.763888888888889 0.63125 0.11388888888888889 0.07083333333333333
0 0.49236111111111114 0.21302083333333333 0.12638888888888888 0.08645833333333333
0 0.6263888888888889 0.26197916666666665 0.1 0.10729166666666666
0 0.6611111111111111 0.42552083333333335 0.11666666666666667 0.11979166666666667
0 0.3541666666666667 0.3859375 0.10555555555555556 0.10104166666666667
0 0.20694444444444446 0.2984375 0.13611111111111113 0.09479166666666666
0 0.3784722222222222 0.5385416666666667 0.14305555555555557 0.075
0 0.5354166666666667 0.5802083333333333 0.15694444444444444 0.07291666666666667
0 0.6618055555555555 0.7005208333333334 0.15416666666666667 0.096875
0 0.5222222222222223 0.7401041666666667 0.16944444444444445 0.06770833333333333
0 0.3805555555555556 0.6369791666666667 0.125 0.090625
1 0.3055555555555556 0.7677083333333333 0.15833333333333333 0.0875
0 0.21875 0.6010416666666667 0.14583333333333334 0.09375
