0 0.8222222222222223 0.21145833333333333 0.09444444444444444 0.11041666666666666
1 0.5625 0.19739583333333333 0.11388888888888889 0.08020833333333333
1 0.1638888888888889 0.3911458333333333 0.125 0.06145833333333333
1 0.6819444444444445 0.48854166666666665 0.13611111111111113 0.07291666666666667
1 0.5291666666666667 0.6130208333333333 0.09444444444444444 0.103125
0 0.36180555555555555 0.3171875 0.1625 0.11354166666666667
0 0.6166666666666667 0.3265625 0.1638888888888889 0.09270833333333334
0 0.5298611111111111 0.45989583333333334 0.1736111111111111 0.08229166666666667
0 0.6895833333333333 0.6796875 0.16527777777777777 0.08645833333333333
0 0.35694444444444445 0.7885416666666667 0.2 0.10625
0 0.28402777777777777 0.6197916666666666 0.19305555555555556 0.09166666666666666
