0 0.4486111111111111 0.2557291666666667 0.13055555555555556 0.07604166666666666
0 0.5125000000000001 0.33541666666666664 0.13611111111111113 0.06666666666666667
0 0.7284722222222223 0.3020833333333333 0.0763888888888889 0.10625
0 0.7965277777777778 0.39010416666666664 0.15416666666666667 0.059375
0 0.35347222222222224 0.35260416666666666 0.09027777777777778 0.10520833333333333
0 0.30833333333333335 0.4890625 0.10277777777777779 0.11354166666666667
0 0.4104166666666667 0.5640625 0.14305555555555557 0.057291666666666664
0 0.4486111111111111 0.7135416666666666 0.08055555555555556 0.13958333333333334
0 0.6666666666666667 0.5484375 0.14722222222222223 0.053125
1 0.7006944444444445 0.68125 0.10416666666666667 0.06666666666666667
1 0.5604166666666667 0.4265625 0.08750000000000001 0.06145833333333333
1 0.6208333333333333 0.22447916666666667 0.1 0.057291666666666664
1 0.18888888888888888 0.3364583333333333 0.10555555555555556 0.06666666666666667
