1 0.3298611111111111 0.3671875 0.09583333333333334 0.059375
1 0.5236111111111111 0.4192708333333333 0.07777777777777778 0.05520833333333333
1 0.4743055555555556 0.7171875 0.0763888888888889 0.07604166666666666
1 0.8798611111111111 0.6052083333333333 0.09861111111111112 0.06041666666666667
0 0.5263888888888889 0.2739583333333333 0.13055555555555556 0.05416666666666667
0 0.6902777777777778 0.36354166666666665 0.1388888888888889 0.06041666666666667
0 0.7312500000000001 0.5 0.08472222222222223 0.09375
0 0.6597222222222222 0.6739583333333333 0.08888888888888889 0.11041666666666666
0 0.5895833333333333 0.5333333333333333 0.09583333333333334 0.10833333333333334
0 0.3819444444444445 0.5552083333333333 0.16111111111111112 0.058333333333333334
0 0.2777777777777778 0.7015625 0.16666666666666669 0.07604166666666666
