0 0.33472222222222225 0.334375 0.15833333333333333 0.09166666666666666
0 0.6527777777777778 0.353125 0.16111111111111112 0.07708333333333334
0 0.7791666666666667 0.5526041666666667 0.14166666666666666 0.09479166666666666
0 0.74375 0.6916666666666667 0.14583333333333334 0.1
0 0.5027777777777778 0.49947916666666664 0.08611111111111111 0.11354166666666667
0 0.59375 0.596875 0.08194444444444444 0.13125
0 0.50625 0.7072916666666667 0.1375 0.11875
0 0.28541666666666665 0.6078125 0.1875 0.08229166666666667
1 0.3368055555555556 0.4614583333333333 0.08194444444444444 0.07291666666666667
1 0.36458333333333337 0.8151041666666666 0.10972222222222222 0.06770833333333333
1 0.5006944444444444 0.3208333333333333 0.09583333333333334 0.07916666666666666
1 0.6763888888888889 0.45208333333333334 0.08888888888888889 0.06458333333333333
