0 0.30625 0.40520833333333334 0.1625 0.06875
0 0.44722222222222224 0.33958333333333335 0.11111111111111112 0.10833333333333334
0 0.5777777777777778 0.3411458333333333 0.15833333333333333 0.071875
0 0.7708333333333334 0.30885416666666665 0.09444444444444444 0.10520833333333333
0 0.7381944444444445 0.4453125 0.08750000000000001 0.103125
0 0.6291666666666667 0.5880208333333333 0.14444444444444446 0.10104166666666667
0 0.44930555555555557 0.5083333333333333 0.1375 0.05625
0 0.21805555555555556 0.5567708333333333 0.16944444444444445 0.09479166666666666
0 0.3416666666666667 0.6916666666666667 0.09444444444444444 0.12708333333333333
1 0.4326388888888889 0.7630208333333334 0.08194444444444444 0.078125
1 0.625 0.834375 0.10555555555555556 0.07916666666666666
1 0.5708333333333333 0.22552083333333334 0.11666666666666667 0.078125
