0 0.2388888888888889 0.31666666666666665 0.11111111111111112 0.12083333333333333
0 0.5743055555555556 0.29010416666666666 0.12361111111111112 0.121875
0 0.7763888888888889 0.26927083333333335 0.14444444444444446 0.08020833333333333
0 0.7881944444444444 0.49166666666666664 0.15972222222222224 0.10625
0 0.7868055555555555 0.7083333333333334 0.14305555555555557 0.11041666666666666
0 0.638888888888889 0.5880208333333333 0.1277777777777778 0.109375
0 0.5305555555555556 0.7270833333333333 0.15 0.09791666666666667
0 0.5277777777777778 0.48802083333333335 0.10555555555555556 0.11770833333333333
0 0.3159722222222222 0.5078125 0.11805555555555557 0.12395833333333334
1 0.44583333333333336 0.4265625 0.09722222222222222 0.09270833333333334
1 0.725 0.39010416666666664 0.11111111111111112 0.078125
1 0.3194444444444445 0.6390625 0.15 0.06145833333333333
