1 0.11111111111111112 0.4895833333333333 0.11111111111111112 0.10625
1 0.5798611111111112 0.584375 0.09861111111111112 0.09583333333333333
1 0.7715277777777778 0.2703125 0.14027777777777778 0.084375
0 0.888888888888889 0.42083333333333334 0.10555555555555556 0.15208333333333332
0 0.8034722222222223 0.5942708333333333 0.10416666666666667 0.14479166666666665
0 0.7006944444444445 0.42604166666666665 0.11527777777777778 0.15416666666666667
0 0.6270833333333333 0.171875 0.15972222222222224 0.10833333333333334
0 0.45555555555555555 0.23124999999999998 0.15 0.13541666666666666
0 0.2520833333333333 0.20104166666666667 0.1486111111111111 0.12708333333333333
0 0.4840277777777778 0.4458333333333333 0.1902777777777778 0.0875
0 0.29930555555555555 0.5526041666666667 0.14027777777777778 0.153125
0 0.44236111111111115 0.7088541666666667 0.18472222222222223 0.103125
0 0.23402777777777778 0.73125 0.14027777777777778 0.17708333333333334
