0 0.2625 0.3578125 0.17500000000000002 0.08854166666666667
0 0.5777777777777778 0.2973958333333333 0.1388888888888889 0.10729166666666666
0 0.7312500000000001 0.3421875 0.10138888888888889 0.128125
0 0.44236111111111115 0.4786458333333333 0.14583333333333334 0.11562499999999999
0 0.21597222222222223 0.56875 0.10416666666666667 0.12916666666666665
0 0.41597222222222224 0.8109375 0.1125 0.14895833333333333
0 0.5805555555555556 0.7109375 0.11111111111111112 0.14479166666666665
0 0.7486111111111111 0.6744791666666666 0.17777777777777778 0.07395833333333333
1 0.8236111111111112 0.48020833333333335 0.16111111111111112 0.07916666666666666
1 0.4666666666666667 0.196875 0.08333333333333334 0.07083333333333333
1 0.24791666666666667 0.7229166666666667 0.09027777777777778 0.09791666666666667
1 0.5979166666666667 0.5510416666666667 0.1125 0.0625
