0 0.2625 0.26145833333333335 0.17222222222222222 0.09375
0 0.48958333333333337 0.365625 0.10694444444444445 0.12708333333333333
0 0.5965277777777778 0.23489583333333333 0.09583333333333334 0.128125
0 0.7409722222222223 0.24375 0.10972222222222222 0.1125
0 0.8680555555555556 0.4041666666666667 0.18055555555555555 0.06666666666666667
0 0.9326388888888889 0.5463541666666667 0.13194444444444445 0.121875
0 0.7208333333333333 0.5046875 0.1638888888888889 0.084375
0 0.5986111111111111 0.6078125 0.1 0.13645833333333332
0 0.36319444444444443 0.553125 0.19305555555555556 0.0875
0 0.5583333333333333 0.7395833333333334 0.16944444444444445 0.09791666666666667
0 0.43680555555555556 0.8473958333333333 0.1513888888888889 0.10729166666666666
0 0.2388888888888889 0.7380208333333333 0.13611111111111113 0.134375
1 0.7319444444444445 0.7182291666666667 0.09722222222222222 0.08854166666666667
1 0.2076388888888889 0.4895833333333333 0.09305555555555556 0.075
1 0.6236111111111111 0.4083333333333333 0.075 0.0625
1 0.8631944444444445 0.24895833333333334 0.10694444444444445 0.0625
1 0.41944444444444445 0.12395833333333334 0.11944444444444445 0.06875
