0 0.14652777777777778 0.3098958333333333 0.1625 0.15520833333333334
0 0.32708333333333334 0.30416666666666664 0.17083333333333334 0.12916666666666665
0 0.5284722222222222 0.24010416666666667 0.12916666666666668 0.15520833333333334
0 0.6805555555555556 0.321875 0.18333333333333335 0.12708333333333333
0 0.6895833333333333 0.4796875 0.22083333333333335 0.06979166666666667
0 0.5701388888888889 0.6875 0.1736111111111111 0.15625
0 0.3090277777777778 0.7583333333333333 0.14583333333333334 0.14375
0 0.16319444444444445 0.6135416666666667 0.23472222222222222 0.10416666666666667
1 0.33194444444444443 0.5005208333333333 0.13611111111111113 0.14270833333333333
1 0.47222222222222227 0.5244791666666666 0.10555555555555556 0.096875
1 0.7666666666666667 0.6078125 0.1277777777777778 0.09479166666666666
1 0.36458333333333337 0.14427083333333332 0.10138888888888889 0.10729166666666666
