0 0.5548611111111111 0.21041666666666667 0.14583333333333334 0.08125
0 0.31736111111111115 0.3536458333333333 0.17083333333333334 0.06354166666666666
0 0.49444444444444446 0.4067708333333333 0.11944444444444445 0.11145833333333333
0 0.5701388888888889 0.49374999999999997 0.16527777777777777 0.06666666666666667
0 0.7465277777777778 0.475 0.1625 0.06458333333333333
0 0.71875 0.7364583333333333 0.12638888888888888 0.12083333333333333
0 0.5965277777777778 0.6703125 0.15694444444444444 0.08854166666666667
0 0.35555555555555557 0.5765625 0.09722222222222222 0.134375
0 0.38125000000000003 0.740625 0.1736111111111111 0.09791666666666667
0 0.19166666666666668 0.6083333333333333 0.10277777777777779 0.12916666666666665
1 0.5131944444444445 0.2916666666666667 0.08750000000000001 0.06458333333333333
1 0.6618055555555555 0.32760416666666664 0.09305555555555556 0.051041666666666666
1 0.7243055555555555 0.5723958333333333 0.07916666666666666 0.053125
1 0.48194444444444445 0.6515625 0.075 0.04479166666666667
1 0.27361111111111114 0.4380208333333333 0.09444444444444444 0.06979166666666667
