0 0.7368055555555556 0.19166666666666665 0.14583333333333334 0.09583333333333333
0 0.8805555555555555 0.3515625 0.10555555555555556 0.11770833333333333
0 0.7277777777777779 0.375 0.13333333333333333 0.10625
0 0.5534722222222223 0.259375 0.1625 0.075
0 0.39166666666666666 0.21510416666666665 0.09722222222222222 0.11770833333333333
0 0.4847222222222222 0.4 0.08333333333333334 0.12708333333333333
0 0.18194444444444446 0.4822916666666667 0.1527777777777778 0.1125
0 0.3791666666666667 0.5619791666666667 0.18888888888888888 0.07395833333333333
0 0.1902777777777778 0.6802083333333333 0.14166666666666666 0.125
0 0.4701388888888889 0.7052083333333333 0.1513888888888889 0.10416666666666667
1 0.6687500000000001 0.6432291666666666 0.15416666666666667 0.090625
1 0.5902777777777778 0.8333333333333334 0.08333333333333334 0.09791666666666667
1 0.5819444444444445 0.5026041666666666 0.11388888888888889 0.084375
1 0.8458333333333333 0.5197916666666667 0.1277777777777778 0.07291666666666667
1 0.5576388888888889 0.10260416666666666 0.10694444444444445 0.053125
