1 0.5840277777777778 0.39375 0.07361111111111111 0.052083333333333336
1 0.5229166666666667 0.5822916666666667 0.08750000000000001 0.08125
1 0.6576388888888889 0.7229166666666667 0.10138888888888889 0.07291666666666667
0 0.5215277777777778 0.24687499999999998 0.08750000000000001 0.11875
0 0.3666666666666667 0.2791666666666667 0.10833333333333334 0.08541666666666667
0 0.31666666666666665 0.39947916666666666 0.13333333333333333 0.103125
0 0.42847222222222225 0.42864583333333334 0.09027777777777778 0.11354166666666667
0 0.7458333333333333 0.39010416666666664 0.14444444444444446 0.078125
0 0.6194444444444445 0.5088541666666666 0.08888888888888889 0.121875
0 0.33194444444444443 0.559375 0.14722222222222223 0.0875
0 0.2611111111111111 0.69375 0.09444444444444444 0.1375
0 0.3840277777777778 0.7223958333333333 0.13194444444444445 0.134375
0 0.5159722222222223 0.79375 0.1736111111111111 0.07083333333333333
