1 0.4743055555555556 0.28125 0.08194444444444444 0.058333333333333334
1 0.24166666666666667 0.5270833333333333 0.09444444444444444 0.05
0 0.7027777777777778 0.26875 0.09722222222222222 0.11458333333333333
0 0.8368055555555556 0.440625 0.10694444444444445 0.11666666666666667
0 0.6020833333333333 0.3536458333333333 0.17083333333333334 0.06770833333333333
0 0.5645833333333333 0.5453125 0.15694444444444444 0.08020833333333333
0 0.42847222222222225 0.4067708333333333 0.10416666666666667 0.11979166666666667
0 0.3159722222222222 0.2859375 0.10694444444444445 0.11770833333333333
0 0.23541666666666666 0.4010416666666667 0.15972222222222224 0.07291666666666667
0 0.38472222222222224 0.659375 0.08055555555555556 0.13541666666666666
0 0.5798611111111112 0.7427083333333333 0.1736111111111111 0.07083333333333333
0 0.1826388888888889 0.75 0.14027777777777778 0.11041666666666666
