0 0.6645833333333333 0.17135416666666667 0.10416666666666667 0.12395833333333334
0 0.7493055555555556 0.29583333333333334 0.09583333333333334 0.11458333333333333
0 0.7763888888888889 0.4557291666666667 0.15555555555555556 0.09479166666666666
0 0.5590277777777778 0.37604166666666666 0.1125 0.12291666666666666
0 0.5881944444444445 0.5453125 0.18472222222222223 0.06145833333333333
0 0.24583333333333335 0.5328125 0.13611111111111113 0.11562499999999999
0 0.3597222222222222 0.6625 0.17777777777777778 0.07291666666666667
0 0.36458333333333337 0.7963541666666667 0.15972222222222224 0.11354166666666667
0 0.6729166666666667 0.7770833333333333 0.17916666666666667 0.08125
1 0.7263888888888889 0.6348958333333333 0.09444444444444444 0.06979166666666667
