0 0.26180555555555557 0.15104166666666666 0.13194444444444445 0.14166666666666666
0 0.41597222222222224 0.2598958333333333 0.1763888888888889 0.07395833333333333
0 0.6319444444444444 0.3598958333333333 0.14722222222222223 0.109375
0 0.49583333333333335 0.4505208333333333 0.14444444444444446 0.121875
0 0.5263888888888889 0.5484375 0.15833333333333333 0.10520833333333333
0 0.51875 0.7046875 0.10138888888888889 0.146875
0 0.8138888888888889 0.7354166666666666 0.11111111111111112 0.14375
0 0.3229166666666667 0.5619791666666667 0.2013888888888889 0.071875
0 0.2868055555555556 0.403125 0.10138888888888889 0.12708333333333333
0 0.10694444444444445 0.4739583333333333 0.13611111111111113 0.13125
1 0.42847222222222225 0.11979166666666667 0.09861111111111112 0.06875
1 0.6340277777777779 0.19375 0.08194444444444444 0.08125
1 0.7138888888888889 0.5 0.11944444444444445 0.08125
1 0.2888888888888889 0.7546875 0.13333333333333333 0.09479166666666666
