1 0.24861111111111112 0.221875 0.09444444444444444 0.07708333333333334
1 0.49375 0.4015625 0.09583333333333334 0.06145833333333333
1 0.8173611111111111 0.6083333333333333 0.08472222222222223 0.06666666666666667
0 0.4 0.1578125 0.2138888888888889 0.08229166666666667
0 0.625 0.14479166666666665 0.20555555555555557 0.07708333333333334
0 0.6826388888888889 0.275 0.13472222222222222 0.14166666666666666
0 0.4715277777777778 0.3015625 0.20416666666666666 0.08854166666666667
0 0.6881944444444444 0.49583333333333335 0.20972222222222223 0.075
0 0.7006944444444445 0.7255208333333333 0.2125 0.09479166666666666
0 0.48333333333333334 0.6916666666666667 0.11944444444444445 0.15625
0 0.4 0.5260416666666666 0.19166666666666668 0.08958333333333333
0 0.18819444444444444 0.440625 0.20694444444444446 0.08958333333333333
0 0.23958333333333334 0.6255208333333333 0.1902777777777778 0.09479166666666666
