1 0.6291666666666667 0.3515625 0.07222222222222223 0.059375
1 0.3680555555555556 0.37083333333333335 0.1 0.06041666666666667
1 0.5597222222222222 0.6348958333333333 0.0638888888888889 0.06770833333333333
1 0.3680555555555556 0.5932291666666667 0.08888888888888889 0.05520833333333333
0 0.6888888888888889 0.6453125 0.11666666666666667 0.10104166666666667
0 0.6520833333333333 0.5286458333333334 0.14305555555555557 0.065625
0 0.6923611111111111 0.42135416666666664 0.09861111111111112 0.084375
0 0.5423611111111112 0.4125 0.10416666666666667 0.075
0 0.4479166666666667 0.3182291666666667 0.08194444444444444 0.09895833333333333
0 0.23680555555555557 0.4119791666666667 0.09027777777777778 0.10104166666666667
0 0.3965277777777778 0.4661458333333333 0.06805555555555556 0.11145833333333333
0 0.22708333333333333 0.5598958333333334 0.13194444444444445 0.084375
0 0.35208333333333336 0.725 0.15972222222222224 0.0625
0 0.5159722222222223 0.5098958333333333 0.10138888888888889 0.08645833333333333
