0 0.5354166666666667 0.21510416666666665 0.13472222222222222 0.09479166666666666
0 0.7083333333333334 0.2520833333333333 0.11111111111111112 0.11458333333333333
0 0.59375 0.35885416666666664 0.09583333333333334 0.11562499999999999
0 0.3763888888888889 0.3015625 0.16944444444444445 0.06979166666666667
0 0.6541666666666667 0.5411458333333333 0.17222222222222222 0.06979166666666667
0 0.8131944444444444 0.678125 0.09861111111111112 0.13333333333333333
0 0.5256944444444445 0.7578125 0.12083333333333333 0.103125
0 0.38958333333333334 0.7802083333333333 0.1513888888888889 0.1125
0 0.41875 0.5963541666666666 0.15972222222222224 0.07395833333333333
0 0.23680555555555557 0.5791666666666666 0.15416666666666667 0.11458333333333333
1 0.43333333333333335 0.4770833333333333 0.11944444444444445 0.07083333333333333
1 0.725 0.3776041666666667 0.11666666666666667 0.05520833333333333
1 0.7881944444444444 0.4828125 0.09305555555555556 0.08229166666666667
1 0.6708333333333334 0.6828125 0.08888888888888889 0.07604166666666666
