0 0.7486111111111111 0.4171875 0.10555555555555556 0.128125
0 0.7715277777777778 0.7145833333333333 0.10416666666666667 0.13125
0 0.4618055555555556 0.7463541666666667 0.12361111111111112 0.153125
0 0.5104166666666667 0.4869791666666667 0.16805555555555557 0.06979166666666667
0 0.27361111111111114 0.37395833333333334 0.13333333333333333 0.09583333333333333
0 0.325 0.5526041666666667 0.15555555555555556 0.08645833333333333
1 0.36458333333333337 0.19635416666666666 0.09583333333333334 0.078125
1 0.5416666666666667 0.33489583333333334 0.08611111111111111 0.071875
1 0.5847222222222223 0.6161458333333333 0.08333333333333334 0.071875
1 0.2743055555555556 0.7614583333333333 0.1125 0.09166666666666666
