0 0.5881944444444445 0.30885416666666665 0.13194444444444445 0.13020833333333334
0 0.6944444444444444 0.49947916666666664 0.13333333333333333 0.13229166666666667
0 0.7736111111111111 0.6541666666666667 0.15 0.11458333333333333
0 0.4465277777777778 0.5494791666666666 0.12083333333333333 0.121875
0 0.2673611111111111 0.48125 0.1486111111111111 0.13333333333333333
0 0.2625 0.6697916666666667 0.12222222222222223 0.13125
1 0.5375 0.7010416666666667 0.08888888888888889 0.07916666666666666
1 0.7520833333333333 0.3578125 0.13472222222222222 0.09479166666666666
1 0.5208333333333334 0.4640625 0.09166666666666667 0.06770833333333333
1 0.3680555555555556 0.32916666666666666 0.11666666666666667 0.075
