0 0.2826388888888889 0.25885416666666666 0.2013888888888889 0.065625
0 0.5215277777777778 0.24791666666666667 0.18472222222222223 0.09166666666666666
0 0.4951388888888889 0.3515625 0.15416666666666667 0.09895833333333333
0 0.2729166666666667 0.5114583333333333 0.1625 0.11666666666666667
1 0.7104166666666667 0.5140625 0.19305555555555556 0.08020833333333333
0 0.7729166666666667 0.6567708333333333 0.1486111111111111 0.14479166666666665
0 0.5715277777777777 0.7270833333333333 0.1736111111111111 0.125
1 0.2590277777777778 0.4036458333333333 0.10138888888888889 0.090625
1 0.5152777777777778 0.47760416666666666 0.09722222222222222 0.10729166666666666
1 0.33333333333333337 0.7390625 0.15555555555555556 0.096875
