1 0.31527777777777777 0.4401041666666667 0.08611111111111111 0.071875
1 0.6236111111111111 0.32916666666666666 0.10833333333333334 0.06458333333333333
1 0.5694444444444444 0.6442708333333333 0.10555555555555556 0.06145833333333333
0 0.4361111111111111 0.17083333333333334 0.1277777777777778 0.10833333333333334
0 0.23819444444444446 0.325 0.17083333333333334 0.09375
0 0.49236111111111114 0.29270833333333335 0.09027777777777778 0.13333333333333333
0 0.7527777777777778 0.378125 0.17500000000000002 0.06041666666666667
0 0.7923611111111112 0.5041666666666667 0.16805555555555557 0.07291666666666667
0 0.5986111111111111 0.45625 0.125 0.11041666666666666
0 0.46111111111111114 0.5145833333333333 0.17500000000000002 0.08125
0 0.15416666666666667 0.515625 0.16666666666666669 0.0875
0 0.29305555555555557 0.6859375 0.14444444444444446 0.11770833333333333
0 0.48055555555555557 0.7265625 0.15555555555555556 0.09270833333333334
0 0.7673611111111112 0.6927083333333334 0.12916666666666668 0.11875
