1 0.6840277777777778 0.21666666666666667 0.09583333333333334 0.08541666666666667
1 0.5347222222222222 0.309375 0.1 0.06666666666666667
1 0.74375 0.5880208333333333 0.08472222222222223 0.06354166666666666
1 0.6048611111111112 0.7567708333333333 0.11527777777777778 0.07604166666666666
0 0.5027777777777778 0.140625 0.16666666666666669 0.06458333333333333
0 0.3263888888888889 0.2661458333333333 0.16944444444444445 0.096875
0 0.2388888888888889 0.4067708333333333 0.10833333333333334 0.12604166666666666
0 0.48333333333333334 0.5239583333333333 0.18055555555555555 0.09791666666666667
0 0.6020833333333333 0.5984375 0.13472222222222222 0.121875
0 0.24166666666666667 0.546875 0.21944444444444444 0.07916666666666666
0 0.3416666666666667 0.6848958333333334 0.1527777777777778 0.11145833333333333
0 0.2763888888888889 0.8401041666666667 0.18888888888888888 0.08645833333333333
0 0.8083333333333333 0.7708333333333334 0.14722222222222223 0.1375
0 0.6743055555555556 0.3807291666666667 0.1625 0.10520833333333333
0 0.8944444444444445 0.4192708333333333 0.13611111111111113 0.121875
