1 0.6305555555555555 0.21510416666666665 0.11111111111111112 0.06770833333333333
1 0.7111111111111111 0.39010416666666664 0.09444444444444444 0.057291666666666664
1 0.44375000000000003 0.6692708333333334 0.11527777777777778 0.07395833333333333
0 0.43194444444444446 0.19479166666666667 0.11388888888888889 0.10416666666666667
0 0.35000000000000003 0.38125 0.09444444444444444 0.125
0 0.5576388888888889 0.35572916666666665 0.1486111111111111 0.08854166666666667
0 0.7513888888888889 0.30833333333333335 0.15833333333333333 0.08541666666666667
0 0.7937500000000001 0.5057291666666667 0.15416666666666667 0.078125
0 0.7826388888888889 0.6536458333333334 0.14583333333333334 0.09895833333333333
0 0.5708333333333333 0.5208333333333334 0.16666666666666669 0.08125
0 0.33125 0.5265625 0.1736111111111111 0.08645833333333333
0 0.24375000000000002 0.7052083333333333 0.13194444444444445 0.13125
0 0.36388888888888893 0.8135416666666666 0.2 0.09375
0 0.6958333333333334 0.8265625 0.09444444444444444 0.13645833333333332
