1 0.5284722222222222 0.2973958333333333 0.09027777777777778 0.065625
1 0.23333333333333334 0.4354166666666667 0.10555555555555556 0.07708333333333334
1 0.5222222222222223 0.7359375 0.08611111111111111 0.078125
1 0.7659722222222223 0.7385416666666667 0.12638888888888888 0.07916666666666666
0 0.7666666666666667 0.24687499999999998 0.14166666666666666 0.09375
0 0.3784722222222222 0.1984375 0.14583333333333334 0.12395833333333334
0 0.19097222222222224 0.2682291666666667 0.12083333333333333 0.12395833333333334
0 0.5486111111111112 0.44114583333333335 0.17222222222222222 0.08229166666666667
0 0.7388888888888889 0.4708333333333333 0.16111111111111112 0.09791666666666667
0 0.6215277777777778 0.5901041666666667 0.17916666666666667 0.078125
0 0.34097222222222223 0.6197916666666666 0.16527777777777777 0.10833333333333334
0 0.3590277777777778 0.8005208333333333 0.1486111111111111 0.11979166666666667
