1 0.5277777777777778 0.20729166666666665 0.07777777777777778 0.05625
0 0.7208333333333333 0.3619791666666667 0.15555555555555556 0.06145833333333333
0 0.5895833333333333 0.31979166666666664 0.10694444444444445 0.12291666666666666
0 0.34375 0.3411458333333333 0.1625 0.065625
0 0.2625 0.4875 0.15833333333333333 0.052083333333333336
1 0.5104166666666667 0.46510416666666665 0.07361111111111111 0.057291666666666664
1 0.7673611111111112 0.5380208333333333 0.09861111111111112 0.06145833333333333
0 0.7555555555555555 0.6770833333333334 0.18888888888888888 0.06458333333333333
0 0.68125 0.8041666666666667 0.1625 0.0875
0 0.5034722222222222 0.5848958333333333 0.15694444444444444 0.090625
0 0.41458333333333336 0.7536458333333333 0.11805555555555557 0.10520833333333333
0 0.21944444444444444 0.6380208333333334 0.1638888888888889 0.09479166666666666
