1 0.4847222222222222 0.29635416666666664 0.09166666666666667 0.06979166666666667
1 0.6319444444444444 0.5395833333333333 0.09722222222222222 0.06666666666666667
1 0.7895833333333334 0.6177083333333333 0.08472222222222223 0.07708333333333334
1 0.3840277777777778 0.5880208333333333 0.1125 0.06354166666666666
0 0.31736111111111115 0.2635416666666667 0.13472222222222222 0.09791666666666667
0 0.65625 0.30572916666666666 0.11805555555555557 0.11145833333333333
0 0.7895833333333334 0.4713541666666667 0.14583333333333334 0.09270833333333334
0 0.5326388888888889 0.4265625 0.15972222222222224 0.084375
0 0.3472222222222222 0.453125 0.16666666666666669 0.07291666666666667
0 0.41805555555555557 0.7328125 0.18055555555555555 0.078125
0 0.6305555555555555 0.709375 0.14722222222222223 0.11666666666666667
