0 0.5423611111111112 0.26510416666666664 0.15972222222222224 0.06354166666666666
0 0.6833333333333333 0.3489583333333333 0.09166666666666667 0.11458333333333333
0 0.35555555555555557 0.3333333333333333 0.1277777777777778 0.09375
0 0.5784722222222223 0.4744791666666667 0.13194444444444445 0.08229166666666667
0 0.22986111111111113 0.4822916666666667 0.16805555555555557 0.0625
0 0.44583333333333336 0.5609375 0.11944444444444445 0.10520833333333333
0 0.37569444444444444 0.7333333333333333 0.08750000000000001 0.12708333333333333
0 0.5194444444444445 0.8161458333333333 0.09444444444444444 0.128125
0 0.6569444444444444 0.7026041666666667 0.15 0.11562499999999999
1 0.29097222222222224 0.5869791666666666 0.10694444444444445 0.06979166666666667
1 0.4534722222222222 0.42135416666666664 0.07083333333333333 0.057291666666666664
1 0.26180555555555557 0.28489583333333335 0.09861111111111112 0.057291666666666664
1 0.46875 0.190625 0.06527777777777778 0.06875
