1 0.4118055555555556 0.1265625 0.09861111111111112 0.09479166666666666
1 0.7006944444444445 0.28489583333333335 0.13194444444444445 0.07604166666666666
1 0.6805555555555556 0.628125 0.08888888888888889 0.0625
1 0.22708333333333333 0.60625 0.14583333333333334 0.08541666666666667
0 0.5680555555555555 0.16875 0.1277777777777778 0.13958333333333334
0 0.4173611111111111 0.26666666666666666 0.17083333333333334 0.09583333333333333
0 0.19305555555555556 0.2526041666666667 0.18333333333333335 0.11770833333333333
0 0.2423611111111111 0.39479166666666665 0.1625 0.12291666666666666
0 0.5201388888888889 0.4328125 0.2152777777777778 0.08020833333333333
0 0.7194444444444444 0.4557291666666667 0.14444444444444446 0.146875
0 0.5104166666666667 0.5838541666666667 0.20416666666666666 0.07395833333333333
0 0.25833333333333336 0.515625 0.21666666666666667 0.07916666666666666
0 0.5479166666666667 0.7265625 0.18194444444444446 0.11770833333333333
0 0.8291666666666667 0.7260416666666667 0.19722222222222224 0.09583333333333333
0 0.26319444444444445 0.7848958333333333 0.20694444444444446 0.09895833333333333
0 0.3680555555555556 0.8994791666666666 0.10277777777777779 0.16979166666666667
