0 0.4625 0.36354166666666665 0.1388888888888889 0.09375
0 0.6611111111111111 0.4197916666666667 0.16666666666666669 0.075
0 0.6833333333333333 0.55625 0.1638888888888889 0.075
0 0.7041666666666667 0.6807291666666666 0.10833333333333334 0.11145833333333333
0 0.38680555555555557 0.6869791666666667 0.12361111111111112 0.10104166666666667
0 0.39861111111111114 0.5489583333333333 0.18055555555555555 0.07083333333333333
0 0.37222222222222223 0.4505208333333333 0.15833333333333333 0.084375
1 0.5611111111111111 0.6614583333333334 0.11666666666666667 0.07083333333333333
1 0.24166666666666667 0.32447916666666665 0.075 0.08229166666666667
1 0.6729166666666667 0.3203125 0.08194444444444444 0.09270833333333334
