1 0.5680555555555555 0.37864583333333335 0.07777777777777778 0.059375
1 0.8111111111111111 0.5557291666666666 0.08888888888888889 0.04895833333333333
1 0.7513888888888889 0.6859375 0.08611111111111111 0.08020833333333333
1 0.31319444444444444 0.7359375 0.08194444444444444 0.08020833333333333
0 0.4222222222222222 0.3463541666666667 0.08055555555555556 0.11770833333333333
0 0.6888888888888889 0.31666666666666665 0.14444444444444446 0.0625
0 0.70625 0.5145833333333333 0.11527777777777778 0.10416666666666667
0 0.5479166666666667 0.5286458333333334 0.08194444444444444 0.11979166666666667
0 0.29930555555555555 0.5083333333333333 0.19583333333333333 0.052083333333333336
0 0.21875 0.5875 0.09583333333333334 0.11875
0 0.4256944444444445 0.5916666666666667 0.1513888888888889 0.06666666666666667
0 0.4465277777777778 0.7114583333333333 0.1763888888888889 0.058333333333333334
0 0.6229166666666667 0.7109375 0.09861111111111112 0.11979166666666667
