0 0.30486111111111114 0.21354166666666666 0.08194444444444444 0.11458333333333333
0 0.6638888888888889 0.1203125 0.15 0.08020833333333333
0 0.5152777777777778 0.253125 0.11111111111111112 0.10416666666666667
0 0.33333333333333337 0.3296875 0.17500000000000002 0.065625
0 0.5097222222222222 0.3989583333333333 0.1 0.10625
0 0.5694444444444444 0.46770833333333334 0.14166666666666666 0.08958333333333333
0 0.44583333333333336 0.5041666666666667 0.13611111111111113 0.06458333333333333
0 0.7381944444444445 0.48072916666666665 0.09027777777777778 0.11979166666666667
0 0.5958333333333333 0.6270833333333333 0.13055555555555556 0.09583333333333333
0 0.6944444444444444 0.7828125 0.14166666666666666 0.084375
0 0.2555555555555556 0.7651041666666667 0.17500000000000002 0.09895833333333333
1 0.51875 0.8427083333333333 0.10694444444444445 0.06875
1 0.3013888888888889 0.6125 0.09166666666666667 0.07291666666666667
1 0.2777777777777778 0.4432291666666667 0.125 0.05520833333333333
1 0.6402777777777778 0.34322916666666664 0.07777777777777778 0.071875
1 0.4534722222222222 0.13229166666666667 0.09305555555555556 0.06666666666666667
