1 0.5798611111111112 0.08385416666666666 0.10416666666666667 0.078125
1 0.4986111111111111 0.328125 0.08888888888888889 0.06875
1 0.3763888888888889 0.4171875 0.08888888888888889 0.06770833333333333
1 0.3729166666666667 0.6354166666666666 0.09861111111111112 0.07916666666666666
1 0.7965277777777778 0.38385416666666666 0.1125 0.084375
0 0.7722222222222223 0.20677083333333332 0.1388888888888889 0.10520833333333333
0 0.6652777777777779 0.315625 0.11666666666666667 0.1125
0 0.5083333333333333 0.1921875 0.1 0.128125
0 0.3402777777777778 0.15729166666666666 0.18888888888888888 0.08333333333333333
0 0.2743055555555556 0.25677083333333334 0.15972222222222224 0.08645833333333333
0 0.22916666666666669 0.49166666666666664 0.18611111111111112 0.08958333333333333
0 0.4965277777777778 0.5140625 0.2013888888888889 0.06979166666666667
0 0.7465277777777778 0.5088541666666666 0.14305555555555557 0.10104166666666667
0 0.6986111111111112 0.653125 0.10277777777777779 0.14166666666666666
0 0.5576388888888889 0.7546875 0.13472222222222222 0.134375
0 0.3388888888888889 0.76875 0.1 0.15625
