0 0.26875 0.28802083333333334 0.12083333333333333 0.11354166666666667
0 0.1875 0.5057291666666667 0.18888888888888888 0.07604166666666666
0 0.6472222222222223 0.2947916666666667 0.1388888888888889 0.10208333333333333
0 0.5722222222222223 0.5854166666666667 0.1388888888888889 0.11458333333333333
0 0.8 0.7671875 0.125 0.140625
0 0.36736111111111114 0.7177083333333333 0.1125 0.14166666666666666
0 0.13402777777777777 0.7354166666666666 0.1486111111111111 0.10625
1 0.5020833333333333 0.8130208333333333 0.12916666666666668 0.08229166666666667
1 0.39583333333333337 0.35572916666666665 0.11111111111111112 0.051041666666666666
1 0.33125 0.45625 0.09027777777777778 0.07291666666666667
1 0.5069444444444444 0.4786458333333333 0.12222222222222223 0.10104166666666667
1 0.7569444444444444 0.4828125 0.17777777777777778 0.07604166666666666
1 0.857638888888889 0.6015625 0.12083333333333333 0.05520833333333333
1 0.46944444444444444 0.1984375 0.08888888888888889 0.05520833333333333
