1 0.36875 0.34739583333333335 0.08194444444444444 0.090625
1 0.7055555555555556 0.3182291666666667 0.08055555555555556 0.06770833333333333
1 0.5027777777777778 0.5802083333333333 0.09444444444444444 0.06666666666666667
0 0.5270833333333333 0.23020833333333332 0.10972222222222222 0.11875
0 0.56875 0.3963541666666667 0.13472222222222222 0.10104166666666667
0 0.6513888888888889 0.4536458333333333 0.1638888888888889 0.08645833333333333
0 0.7229166666666667 0.5260416666666666 0.10138888888888889 0.10833333333333334
0 0.8625 0.4895833333333333 0.09722222222222222 0.11041666666666666
0 0.32083333333333336 0.496875 0.17222222222222222 0.0625
0 0.6333333333333333 0.6989583333333333 0.125 0.11458333333333333
0 0.44375000000000003 0.8046875 0.1625 0.084375
