0 0.5381944444444444 0.1515625 0.1125 0.12395833333333334
0 0.38680555555555557 0.20729166666666665 0.12361111111111112 0.12083333333333333
0 0.48958333333333337 0.3145833333333333 0.14027777777777778 0.07708333333333334
0 0.24444444444444446 0.3026041666666667 0.14722222222222223 0.109375
0 0.2111111111111111 0.55625 0.16111111111111112 0.1
0 0.5013888888888889 0.5015625 0.14166666666666666 0.103125
0 0.7361111111111112 0.459375 0.10555555555555556 0.11875
0 0.6395833333333334 0.6057291666666667 0.12916666666666668 0.11979166666666667
0 0.48194444444444445 0.6776041666666667 0.1 0.15104166666666666
0 0.2520833333333333 0.7479166666666667 0.1375 0.14791666666666667
1 0.4652777777777778 0.8583333333333333 0.11111111111111112 0.09166666666666666
1 0.5902777777777778 0.7390625 0.11944444444444445 0.07604166666666666
1 0.3666666666666667 0.428125 0.08888888888888889 0.08125
1 0.670138888888889 0.315625 0.10138888888888889 0.058333333333333334
