0 0.42083333333333334 0.25416666666666665 0.09166666666666667 0.12708333333333333
0 0.5777777777777778 0.3333333333333333 0.14166666666666666 0.09166666666666666
0 0.7625000000000001 0.2604166666666667 0.17222222222222222 0.07083333333333333
0 0.6854166666666667 0.428125 0.1513888888888889 0.1
0 0.8340277777777778 0.48593749999999997 0.18472222222222223 0.06979166666666667
0 0.40208333333333335 0.4588541666666667 0.17916666666666667 0.071875
0 0.6666666666666667 0.5994791666666667 0.15833333333333333 0.09270833333333334
0 0.6090277777777778 0.7958333333333333 0.1902777777777778 0.08333333333333333
0 0.2923611111111111 0.6729166666666666 0.09861111111111112 0.16041666666666665
1 0.6104166666666667 0.19270833333333334 0.10138888888888889 0.06875
1 0.8180555555555555 0.3640625 0.11111111111111112 0.06354166666666666
1 0.25833333333333336 0.38958333333333334 0.09166666666666667 0.058333333333333334
1 0.49097222222222225 0.5822916666666667 0.10138888888888889 0.07291666666666667
1 0.8194444444444445 0.6130208333333333 0.09722222222222222 0.078125
