0 0.5923611111111111 0.17291666666666666 0.18472222222222223 0.07291666666666667
0 0.7541666666666667 0.278125 0.13611111111111113 0.11875
0 0.2777777777777778 0.2625 0.18611111111111112 0.08125
0 0.5048611111111111 0.346875 0.19861111111111113 0.08333333333333333
0 0.7423611111111111 0.4145833333333333 0.1763888888888889 0.08125
0 0.8604166666666667 0.5786458333333333 0.08750000000000001 0.14270833333333333
0 0.6513888888888889 0.5380208333333333 0.1 0.146875
0 0.5055555555555555 0.6416666666666666 0.18611111111111112 0.08333333333333333
0 0.28750000000000003 0.5760416666666667 0.125 0.14166666666666666
0 0.23750000000000002 0.42135416666666664 0.17777777777777778 0.09479166666666666
1 0.5131944444444445 0.24583333333333332 0.09027777777777778 0.06458333333333333
1 0.6201388888888889 0.7416666666666667 0.14027777777777778 0.10208333333333333
1 0.3784722222222222 0.8119791666666667 0.09305555555555556 0.078125
1 0.48194444444444445 0.4666666666666667 0.10833333333333334 0.05416666666666667
