0 0.4534722222222222 0.17916666666666667 0.1375 0.11458333333333333
0 0.7375 0.30364583333333334 0.15555555555555556 0.08229166666666667
0 0.6256944444444444 0.40260416666666665 0.11527777777777778 0.10520833333333333
0 0.4430555555555556 0.33177083333333335 0.15555555555555556 0.07604166666666666
0 0.2423611111111111 0.41510416666666666 0.19305555555555556 0.07604166666666666
0 0.4104166666666667 0.47604166666666664 0.10138888888888889 0.125
0 0.8340277777777778 0.578125 0.10694444444444445 0.10625
0 0.47500000000000003 0.740625 0.1638888888888889 0.06666666666666667
0 0.26875 0.7989583333333333 0.1513888888888889 0.10208333333333333
1 0.27569444444444446 0.30364583333333334 0.08472222222222223 0.059375
1 0.7798611111111111 0.459375 0.0763888888888889 0.06458333333333333
1 0.6041666666666667 0.6411458333333333 0.11388888888888889 0.07604166666666666
1 0.2326388888888889 0.6098958333333333 0.11805555555555557 0.071875
