0 0.6881944444444444 0.11927083333333333 0.1486111111111111 0.128125
0 0.36736111111111114 0.18333333333333332 0.10694444444444445 0.14166666666666666
0 0.3159722222222222 0.41770833333333335 0.13194444444444445 0.13333333333333333
0 0.8958333333333334 0.41562499999999997 0.17500000000000002 0.12083333333333333
0 0.8791666666666667 0.5838541666666667 0.11944444444444445 0.146875
0 0.7784722222222222 0.7177083333333333 0.14027777777777778 0.15
0 0.5347222222222222 0.6114583333333333 0.19722222222222224 0.07916666666666666
0 0.6152777777777778 0.4145833333333333 0.12222222222222223 0.12916666666666665
0 0.27708333333333335 0.7145833333333333 0.22083333333333335 0.08333333333333333
1 0.5027777777777778 0.7729166666666667 0.1277777777777778 0.08958333333333333
1 0.4826388888888889 0.48125 0.12638888888888888 0.09166666666666666
1 0.7486111111111111 0.3234375 0.10555555555555556 0.08645833333333333
1 0.5361111111111111 0.25625 0.10833333333333334 0.07708333333333334
