0 0.3923611111111111 0.16354166666666667 0.10972222222222222 0.12291666666666666
0 0.6208333333333333 0.2625 0.11111111111111112 0.10416666666666667
0 0.71875 0.3359375 0.08750000000000001 0.11770833333333333
0 0.8111111111111111 0.6390625 0.09444444444444444 0.13229166666666667
0 0.6069444444444445 0.4770833333333333 0.16666666666666669 0.06666666666666667
0 0.5979166666666667 0.5890625 0.1736111111111111 0.06770833333333333
0 0.5777777777777778 0.8010416666666667 0.12222222222222223 0.11666666666666667
0 0.42291666666666666 0.6817708333333333 0.15972222222222224 0.09895833333333333
0 0.2777777777777778 0.8 0.10277777777777779 0.11458333333333333
0 0.22777777777777777 0.6713541666666667 0.10833333333333334 0.121875
0 0.2451388888888889 0.5197916666666667 0.08750000000000001 0.11875
0 0.19652777777777777 0.37916666666666665 0.11805555555555557 0.12916666666666665
1 0.3888888888888889 0.5713541666666666 0.13333333333333333 0.078125
0 0.38680555555555557 0.4239583333333333 0.14305555555555557 0.08125
1 0.21458333333333335 0.21041666666666667 0.09583333333333334 0.0625
1 0.5263888888888889 0.19739583333333333 0.075 0.06354166666666666
1 0.7944444444444445 0.48333333333333334 0.075 0.06666666666666667
1 0.3902777777777778 0.31927083333333334 0.08611111111111111 0.06770833333333333
