1 0.4666666666666667 0.25104166666666666 0.08611111111111111 0.07708333333333334
1 0.4604166666666667 0.49374999999999997 0.1125 0.052083333333333336
1 0.6569444444444444 0.6182291666666666 0.10555555555555556 0.07604166666666666
1 0.3298611111111111 0.6145833333333334 0.08750000000000001 0.07291666666666667
0 0.2465277777777778 0.34479166666666666 0.1763888888888889 0.08958333333333333
0 0.49583333333333335 0.36666666666666664 0.13611111111111113 0.10208333333333333
0 0.6625 0.3203125 0.1 0.134375
0 0.6951388888888889 0.46822916666666664 0.09027777777777778 0.11770833333333333
0 0.8361111111111111 0.5640625 0.2 0.06770833333333333
0 0.6763888888888889 0.7630208333333334 0.18055555555555555 0.09479166666666666
0 0.4965277777777778 0.6328125 0.1513888888888889 0.10520833333333333
0 0.3652777777777778 0.7723958333333333 0.15833333333333333 0.12604166666666666
0 0.18958333333333335 0.4942708333333333 0.16805555555555557 0.09479166666666666
