1 0.3861111111111111 0.2755208333333333 0.11388888888888889 0.071875
1 0.6958333333333334 0.540625 0.11388888888888889 0.08541666666666667
1 0.3576388888888889 0.8348958333333333 0.1375 0.084375
0 0.4548611111111111 0.15677083333333333 0.13472222222222222 0.11770833333333333
0 0.19722222222222224 0.23229166666666667 0.15 0.12291666666666666
0 0.59375 0.2546875 0.09027777777777778 0.13854166666666667
0 0.70625 0.3911458333333333 0.18194444444444446 0.07395833333333333
0 0.46944444444444444 0.4317708333333333 0.19166666666666668 0.07395833333333333
0 0.2638888888888889 0.43385416666666665 0.19166666666666668 0.07604166666666666
0 0.25833333333333336 0.6276041666666666 0.17222222222222222 0.11145833333333333
0 0.48680555555555555 0.5921875 0.11805555555555557 0.140625
0 0.7805555555555556 0.6302083333333334 0.17222222222222222 0.07708333333333334
0 0.6222222222222222 0.7796875 0.2 0.096875
