0 0.44236111111111115 0.29635416666666664 0.11805555555555557 0.103125
0 0.6625 0.26145833333333335 0.08333333333333334 0.09791666666666667
0 0.7076388888888889 0.37864583333333335 0.06805555555555556 0.10520833333333333
0 0.74375 0.5145833333333333 0.12361111111111112 0.07708333333333334
0 0.5958333333333333 0.4666666666666667 0.13055555555555556 0.07916666666666666
0 0.3375 0.47291666666666665 0.15 0.07916666666666666
0 0.25069444444444444 0.665625 0.10972222222222222 0.15
0 0.4444444444444445 0.825 0.12222222222222223 0.125
0 0.5083333333333333 0.6583333333333333 0.09722222222222222 0.11458333333333333
1 0.7069444444444445 0.653125 0.075 0.0875
1 0.48750000000000004 0.41562499999999997 0.09166666666666667 0.06458333333333333
