1 0.35694444444444445 0.240625 0.08611111111111111 0.06875
1 0.7527777777777778 0.35625 0.07777777777777778 0.0625
1 0.8152777777777778 0.44114583333333335 0.13055555555555556 0.07395833333333333
1 0.46597222222222223 0.596875 0.09861111111111112 0.08333333333333333
0 0.6270833333333333 0.2994791666666667 0.11527777777777778 0.11354166666666667
0 0.4236111111111111 0.36302083333333335 0.14722222222222223 0.08854166666666667
0 0.5486111111111112 0.44895833333333335 0.09444444444444444 0.11458333333333333
0 0.27708333333333335 0.45625 0.14305555555555557 0.1
0 0.2916666666666667 0.6182291666666666 0.14166666666666666 0.12395833333333334
0 0.5083333333333333 0.721875 0.09722222222222222 0.14583333333333334
0 0.6256944444444444 0.6354166666666666 0.09583333333333334 0.14375
0 0.7708333333333334 0.5869791666666666 0.11944444444444445 0.13229166666666667
