0 0.5111111111111112 0.2546875 0.18055555555555555 0.10729166666666666
0 0.7548611111111111 0.33541666666666664 0.22083333333333335 0.08541666666666667
0 0.4569444444444445 0.42083333333333334 0.15555555555555556 0.12291666666666666
0 0.7909722222222223 0.5796875 0.2152777777777778 0.109375
0 0.7979166666666667 0.7171875 0.22916666666666669 0.11562499999999999
0 0.5520833333333334 0.7546875 0.2152777777777778 0.10104166666666667
0 0.45555555555555555 0.6671875 0.19166666666666668 0.14270833333333333
1 0.7298611111111112 0.4671875 0.14305555555555557 0.08645833333333333
1 0.27708333333333335 0.33958333333333335 0.09583333333333334 0.08958333333333333
1 0.32708333333333334 0.5635416666666666 0.11527777777777778 0.09583333333333333
