0 0.525 0.24739583333333334 0.15 0.05520833333333333
0 0.7416666666666667 0.32708333333333334 0.17222222222222222 0.06041666666666667
0 0.5423611111111112 0.375 0.16805555555555557 0.075
0 0.7631944444444445 0.4770833333333333 0.1625 0.06041666666666667
0 0.5541666666666667 0.46510416666666665 0.16944444444444445 0.06770833333333333
0 0.3680555555555556 0.4458333333333333 0.15833333333333333 0.09791666666666667
0 0.53125 0.63125 0.10694444444444445 0.125
0 0.5541666666666667 0.7661458333333333 0.16666666666666669 0.11562499999999999
0 0.36319444444444443 0.734375 0.12638888888888888 0.11458333333333333
0 0.20069444444444445 0.60625 0.10694444444444445 0.12916666666666665
1 0.40208333333333335 0.5963541666666666 0.08194444444444444 0.06770833333333333
1 0.6972222222222223 0.5776041666666667 0.08611111111111111 0.07395833333333333
1 0.4138888888888889 0.2875 0.07777777777777778 0.05625
