0 0.5638888888888889 0.23124999999999998 0.17777777777777778 0.1
0 0.6902777777777778 0.3234375 0.19166666666666668 0.07395833333333333
0 0.5798611111111112 0.4395833333333333 0.1736111111111111 0.08333333333333333
0 0.27083333333333337 0.42604166666666665 0.14444444444444446 0.12083333333333333
0 0.3451388888888889 0.5635416666666666 0.16527777777777777 0.08541666666666667
0 0.5173611111111112 0.5682291666666667 0.1763888888888889 0.065625
0 0.8048611111111111 0.6177083333333333 0.10416666666666667 0.13125
0 0.5847222222222223 0.675 0.1638888888888889 0.07083333333333333
0 0.26944444444444443 0.75 0.1638888888888889 0.10833333333333334
0 0.4388888888888889 0.8208333333333333 0.18611111111111112 0.10833333333333334
1 0.7680555555555556 0.8067708333333333 0.08611111111111111 0.06979166666666667
1 0.7868055555555555 0.23020833333333332 0.10694444444444445 0.07291666666666667
1 0.3763888888888889 0.3255208333333333 0.08333333333333334 0.06979166666666667
