1 0.6006944444444444 0.196875 0.09305555555555556 0.07291666666666667
1 0.7201388888888889 0.35520833333333335 0.09027777777777778 0.08541666666666667
1 0.8555555555555556 0.7338541666666667 0.08333333333333334 0.08854166666666667
1 0.5430555555555556 0.6880208333333333 0.08333333333333334 0.090625
0 0.3701388888888889 0.22916666666666666 0.14027777777777778 0.09375
0 0.26180555555555557 0.3854166666666667 0.15972222222222224 0.08541666666666667
0 0.5895833333333333 0.359375 0.11527777777777778 0.08541666666666667
0 0.4451388888888889 0.3989583333333333 0.11805555555555557 0.07708333333333334
0 0.6881944444444444 0.4557291666666667 0.12638888888888888 0.078125
0 0.7569444444444444 0.590625 0.09722222222222222 0.12708333333333333
0 0.6027777777777777 0.5734375 0.09444444444444444 0.121875
0 0.37569444444444444 0.5385416666666667 0.16805555555555557 0.07291666666666667
0 0.5986111111111111 0.80625 0.17777777777777778 0.08125
0 0.4083333333333333 0.7317708333333334 0.09722222222222222 0.134375
0 0.2902777777777778 0.734375 0.09722222222222222 0.13333333333333333
