1 0.4173611111111111 0.234375 0.11527777777777778 0.06458333333333333
1 0.8541666666666667 0.3609375 0.08333333333333334 0.08229166666666667
1 0.20277777777777778 0.39010416666666664 0.13055555555555556 0.06979166666666667
1 0.5166666666666667 0.6067708333333334 0.08611111111111111 0.084375
0 0.6625 0.21770833333333334 0.14444444444444446 0.0625
0 0.46875 0.3338541666666667 0.15972222222222224 0.071875
0 0.6673611111111112 0.37135416666666665 0.10694444444444445 0.11979166666666667
0 0.7006944444444445 0.49895833333333334 0.17083333333333334 0.07083333333333333
0 0.4798611111111111 0.47239583333333335 0.1736111111111111 0.096875
0 0.19861111111111113 0.5203125 0.1527777777777778 0.11770833333333333
0 0.23819444444444446 0.6515625 0.15972222222222224 0.06979166666666667
0 0.4305555555555556 0.7625 0.10277777777777779 0.15625
0 0.6944444444444444 0.703125 0.14166666666666666 0.10833333333333334
