1 0.40902777777777777 0.22864583333333333 0.11527777777777778 0.06979166666666667
1 0.4729166666666667 0.3921875 0.13194444444444445 0.059375
1 0.6944444444444444 0.3598958333333333 0.10277777777777779 0.07604166666666666
0 0.6208333333333333 0.23645833333333333 0.11111111111111112 0.11458333333333333
0 0.5263888888888889 0.153125 0.09166666666666667 0.11666666666666667
0 0.25416666666666665 0.26875 0.10555555555555556 0.10416666666666667
0 0.2791666666666667 0.39427083333333335 0.17222222222222222 0.08020833333333333
0 0.26180555555555557 0.5244791666666666 0.14583333333333334 0.103125
0 0.4131944444444445 0.5130208333333334 0.1513888888888889 0.07604166666666666
0 0.6354166666666667 0.49166666666666664 0.17916666666666667 0.05416666666666667
0 0.7847222222222222 0.6276041666666666 0.13333333333333333 0.09270833333333334
0 0.4847222222222222 0.6072916666666667 0.13611111111111113 0.10208333333333333
0 0.59375 0.6958333333333333 0.1513888888888889 0.07708333333333334
0 0.4416666666666667 0.825 0.1388888888888889 0.12291666666666666
0 0.3215277777777778 0.7723958333333333 0.10972222222222222 0.13854166666666667
