0 0.5743055555555556 0.24270833333333333 0.10138888888888889 0.14375
0 0.8027777777777778 0.4005208333333333 0.10555555555555556 0.13645833333333332
0 0.5513888888888889 0.4322916666666667 0.14166666666666666 0.09791666666666667
0 0.8048611111111111 0.6765625 0.13472222222222222 0.153125
0 0.5854166666666667 0.746875 0.1736111111111111 0.12708333333333333
0 0.3944444444444445 0.790625 0.18055555555555555 0.10416666666666667
0 0.18680555555555556 0.6244791666666667 0.14305555555555557 0.128125
0 0.3902777777777778 0.5598958333333334 0.18611111111111112 0.128125
0 0.5284722222222222 0.6119791666666666 0.14583333333333334 0.11354166666666667
1 0.6583333333333333 0.5729166666666666 0.08888888888888889 0.06458333333333333
1 0.6756944444444445 0.3598958333333333 0.10972222222222222 0.06770833333333333
1 0.7555555555555555 0.23958333333333334 0.10277777777777779 0.09791666666666667
1 0.33472222222222225 0.35833333333333334 0.13611111111111113 0.07291666666666667
