0 0.47500000000000003 0.153125 0.12222222222222223 0.10416666666666667
0 0.5104166666666667 0.26666666666666666 0.14583333333333334 0.08541666666666667
0 0.2923611111111111 0.3208333333333333 0.17083333333333334 0.0625
0 0.6430555555555556 0.3125 0.14166666666666666 0.07916666666666666
0 0.8090277777777778 0.35625 0.08750000000000001 0.11041666666666666
0 0.6993055555555556 0.5786458333333333 0.1125 0.09479166666666666
0 0.6048611111111112 0.6973958333333333 0.1513888888888889 0.09895833333333333
0 0.5236111111111111 0.784375 0.14166666666666666 0.1125
0 0.30208333333333337 0.784375 0.14027777777777778 0.125
0 0.4604166666666667 0.5854166666666667 0.14305555555555557 0.09583333333333333
0 0.1826388888888889 0.475 0.1513888888888889 0.0875
1 0.4340277777777778 0.40625 0.09583333333333334 0.05625
1 0.5201388888888889 0.459375 0.07361111111111111 0.052083333333333336
1 0.7027777777777778 0.46249999999999997 0.08888888888888889 0.06875
1 0.6 0.55 0.06666666666666667 0.05416666666666667
