1 0.6458333333333334 0.19895833333333332 0.1 0.06041666666666667
1 0.2868055555555556 0.5010416666666666 0.07361111111111111 0.06041666666666667
1 0.5368055555555555 0.7229166666666667 0.10972222222222222 0.07291666666666667
0 0.45763888888888893 0.18958333333333333 0.15416666666666667 0.09166666666666666
0 0.39375 0.3484375 0.14583333333333334 0.10520833333333333
0 0.5993055555555555 0.3104166666666667 0.15694444444444444 0.06875
0 0.7916666666666667 0.3171875 0.10277777777777779 0.121875
0 0.8395833333333333 0.45729166666666665 0.15694444444444444 0.08958333333333333
0 0.525 0.4458333333333333 0.14722222222222223 0.10625
0 0.7180555555555556 0.5317708333333333 0.18055555555555555 0.071875
0 0.6493055555555556 0.6192708333333333 0.15416666666666667 0.10104166666666667
0 0.6784722222222223 0.765625 0.1375 0.10833333333333334
0 0.38680555555555557 0.68125 0.10138888888888889 0.14375
