1 0.3763888888888889 0.19583333333333333 0.07777777777777778 0.07916666666666666
1 0.6722222222222223 0.37395833333333334 0.13611111111111113 0.07083333333333333
1 0.6506944444444445 0.5614583333333333 0.08750000000000001 0.08541666666666667
1 0.6847222222222222 0.7375 0.09444444444444444 0.09166666666666666
1 0.35625 0.5822916666666667 0.07916666666666666 0.09791666666666667
0 0.5583333333333333 0.18802083333333333 0.09722222222222222 0.11354166666666667
0 0.19791666666666669 0.30052083333333335 0.19305555555555556 0.078125
0 0.22013888888888888 0.4640625 0.1875 0.06979166666666667
0 0.5256944444444445 0.428125 0.1375 0.09791666666666667
0 0.8145833333333333 0.6046875 0.09583333333333334 0.12604166666666666
0 0.23541666666666666 0.6578125 0.13472222222222222 0.11979166666666667
0 0.49097222222222225 0.7890625 0.14305555555555557 0.096875
0 0.21319444444444446 0.8578125 0.10694444444444445 0.15104166666666666
