0 0.5236111111111111 0.24114583333333334 0.125 0.096875
0 0.25625000000000003 0.2947916666666667 0.16805555555555557 0.09375
0 0.5784722222222223 0.4036458333333333 0.1875 0.07604166666666666
0 0.7229166666666667 0.46041666666666664 0.16805555555555557 0.07916666666666666
0 0.8777777777777778 0.6286458333333333 0.13333333333333333 0.134375
0 0.4 0.4473958333333333 0.10277777777777779 0.13645833333333332
0 0.5722222222222223 0.5369791666666667 0.13611111111111113 0.08645833333333333
0 0.5979166666666667 0.6635416666666667 0.1902777777777778 0.06875
0 0.4451388888888889 0.6942708333333333 0.09583333333333334 0.146875
0 0.2673611111111111 0.571875 0.14305555555555557 0.125
1 0.4104166666666667 0.5755208333333334 0.07916666666666666 0.08229166666666667
1 0.39583333333333337 0.3302083333333333 0.12222222222222223 0.06458333333333333
1 0.6798611111111111 0.24375 0.08750000000000001 0.07916666666666666
1 0.7520833333333333 0.33541666666666664 0.07916666666666666 0.08125
