1 0.33958333333333335 0.23229166666666667 0.09583333333333334 0.06458333333333333
1 0.6395833333333334 0.4354166666666667 0.0625 0.06666666666666667
1 0.757638888888889 0.5791666666666666 0.09027777777777778 0.09375
1 0.4083333333333333 0.6411458333333333 0.11388888888888889 0.06770833333333333
0 0.5326388888888889 0.2140625 0.1625 0.08020833333333333
0 0.7402777777777778 0.3145833333333333 0.15833333333333333 0.07708333333333334
0 0.8194444444444445 0.4505208333333333 0.1527777777777778 0.090625
0 0.53125 0.34791666666666665 0.08750000000000001 0.12083333333333333
0 0.4076388888888889 0.428125 0.15416666666666667 0.0625
0 0.2388888888888889 0.43645833333333334 0.1527777777777778 0.08958333333333333
0 0.24375000000000002 0.63125 0.13472222222222222 0.1125
0 0.5465277777777778 0.5583333333333333 0.14583333333333334 0.08958333333333333
0 0.6555555555555556 0.7333333333333333 0.10555555555555556 0.12916666666666665
0 0.3680555555555556 0.8145833333333333 0.14722222222222223 0.12083333333333333
