0 0.6041666666666667 0.27760416666666665 0.09166666666666667 0.10520833333333333
0 0.6055555555555556 0.3828125 0.13055555555555556 0.07395833333333333
0 0.7409722222222223 0.4427083333333333 0.11527777777777778 0.07291666666666667
0 0.701388888888889 0.60625 0.08888888888888889 0.11875
0 0.5597222222222222 0.6786458333333333 0.1638888888888889 0.059375
0 0.3201388888888889 0.5609375 0.15694444444444444 0.08854166666666667
0 0.38472222222222224 0.43697916666666664 0.1638888888888889 0.051041666666666666
0 0.30694444444444446 0.3307291666666667 0.10555555555555556 0.11770833333333333
1 0.43125 0.3208333333333333 0.0763888888888889 0.058333333333333334
1 0.7319444444444445 0.3015625 0.09722222222222222 0.06145833333333333
0 0.5944444444444444 0.5114583333333333 0.13611111111111113 0.07291666666666667
1 0.49236111111111114 0.571875 0.0763888888888889 0.06041666666666667
