0 0.6743055555555556 0.3703125 0.12638888888888888 0.09270833333333334
0 0.5680555555555555 0.4828125 0.08333333333333334 0.13020833333333334
0 0.7722222222222223 0.5822916666666667 0.15 0.09166666666666666
0 0.3736111111111111 0.41770833333333335 0.125 0.11041666666666666
0 0.4256944444444445 0.5703125 0.1736111111111111 0.08854166666666667
0 0.63125 0.6671875 0.11805555555555557 0.11770833333333333
0 0.42291666666666666 0.7791666666666667 0.09027777777777778 0.14791666666666667
1 0.5291666666666667 0.24947916666666667 0.1 0.059375
1 0.8041666666666667 0.365625 0.1 0.07083333333333333
1 0.7916666666666667 0.7677083333333333 0.08611111111111111 0.08125
1 0.31527777777777777 0.6697916666666667 0.12222222222222223 0.06666666666666667
