0 0.3854166666666667 0.22135416666666666 0.15694444444444444 0.084375
0 0.4902777777777778 0.31354166666666666 0.16944444444444445 0.07083333333333333
0 0.732638888888889 0.3171875 0.09305555555555556 0.11979166666666667
0 0.7645833333333334 0.4265625 0.15972222222222224 0.11770833333333333
0 0.8236111111111112 0.5776041666666667 0.09444444444444444 0.134375
0 0.5715277777777777 0.5557291666666666 0.1763888888888889 0.090625
0 0.39513888888888893 0.6166666666666667 0.1763888888888889 0.08333333333333333
0 0.2743055555555556 0.7953125 0.10694444444444445 0.15729166666666666
0 0.23402777777777778 0.5635416666666666 0.18472222222222223 0.0875
0 0.18541666666666667 0.3890625 0.16805555555555557 0.07604166666666666
1 0.39375 0.4359375 0.09305555555555556 0.090625
1 0.5263888888888889 0.4640625 0.08888888888888889 0.07395833333333333
1 0.6319444444444444 0.6744791666666666 0.09444444444444444 0.07395833333333333
1 0.8652777777777778 0.70625 0.12222222222222223 0.08541666666666667
1 0.49444444444444446 0.7479166666666667 0.1277777777777778 0.07916666666666666
