0 0.5902777777777778 0.19427083333333334 0.1388888888888889 0.11770833333333333
0 0.6229166666666667 0.3828125 0.1486111111111111 0.10520833333333333
0 0.7847222222222222 0.5046875 0.08888888888888889 0.14479166666666665
0 0.47222222222222227 0.5182291666666666 0.19722222222222224 0.08854166666666667
0 0.28541666666666665 0.5567708333333333 0.09305555555555556 0.16354166666666667
0 0.36597222222222225 0.7479166666666667 0.15694444444444444 0.1375
0 0.6145833333333334 0.8020833333333334 0.1486111111111111 0.125
1 0.6201388888888889 0.6130208333333333 0.09861111111111112 0.08854166666666667
1 0.44583333333333336 0.2973958333333333 0.1 0.08229166666666667
1 0.2638888888888889 0.3203125 0.12222222222222223 0.09270833333333334
