1 0.3527777777777778 0.30885416666666665 0.10277777777777779 0.057291666666666664
1 0.7395833333333334 0.4239583333333333 0.09861111111111112 0.07708333333333334
1 0.7486111111111111 0.5619791666666667 0.10555555555555556 0.06145833333333333
1 0.46875 0.5458333333333333 0.10138888888888889 0.08333333333333333
1 0.5541666666666667 0.734375 0.10555555555555556 0.06666666666666667
0 0.47361111111111115 0.29010416666666666 0.09166666666666667 0.11562499999999999
0 0.65625 0.3208333333333333 0.10972222222222222 0.09791666666666667
0 0.5847222222222223 0.40572916666666664 0.08333333333333334 0.10729166666666666
0 0.35625 0.44687499999999997 0.16527777777777777 0.06875
0 0.32222222222222224 0.5520833333333334 0.13055555555555556 0.125
0 0.4534722222222222 0.6630208333333333 0.14305555555555557 0.10520833333333333
0 0.6048611111111112 0.5666666666666667 0.14583333333333334 0.07916666666666666
