0 0.576388888888889 0.28072916666666664 0.12222222222222223 0.07604166666666666
0 0.4416666666666667 0.353125 0.16666666666666669 0.075
0 0.6993055555555556 0.46249999999999997 0.14027777777777778 0.06875
0 0.6993055555555556 0.5625 0.14305555555555557 0.052083333333333336
0 0.5208333333333334 0.525 0.08611111111111111 0.12708333333333333
0 0.5888888888888889 0.7010416666666667 0.15 0.075
0 0.3590277777777778 0.6333333333333333 0.1375 0.08333333333333333
0 0.32708333333333334 0.5213541666666667 0.14583333333333334 0.08854166666666667
1 0.2701388888888889 0.37135416666666665 0.09027777777777778 0.08229166666666667
1 0.7055555555555556 0.30833333333333335 0.08055555555555556 0.06458333333333333
1 0.5972222222222222 0.41041666666666665 0.08333333333333334 0.07916666666666666
1 0.7791666666666667 0.6713541666666667 0.1 0.071875
1 0.4444444444444445 0.7369791666666666 0.1 0.090625
