1 0.4652777777777778 0.42864583333333334 0.10555555555555556 0.07604166666666666
0 0.37986111111111115 0.18645833333333334 0.12916666666666668 0.09791666666666667
0 0.6333333333333333 0.1375 0.10277777777777779 0.08958333333333333
0 0.670138888888889 0.28125 0.14305555555555557 0.11666666666666667
0 0.65625 0.3911458333333333 0.16805555555555557 0.06770833333333333
0 0.8388888888888889 0.4734375 0.17222222222222222 0.078125
0 0.5208333333333334 0.5932291666666667 0.16944444444444445 0.09270833333333334
0 0.7055555555555556 0.7046875 0.1638888888888889 0.11354166666666667
0 0.22569444444444445 0.5458333333333333 0.19305555555555556 0.07083333333333333
0 0.3215277777777778 0.8619791666666666 0.16527777777777777 0.084375
