0 0.3354166666666667 0.1953125 0.1902777777777778 0.11562499999999999
0 0.5208333333333334 0.3026041666666667 0.2 0.09479166666666666
0 0.8222222222222223 0.32135416666666666 0.20277777777777778 0.109375
0 0.6409722222222223 0.43906249999999997 0.10972222222222222 0.140625
0 0.27361111111111114 0.7916666666666666 0.2111111111111111 0.10208333333333333
0 0.21736111111111112 0.5869791666666666 0.20972222222222223 0.134375
0 0.19861111111111113 0.303125 0.1638888888888889 0.14791666666666667
1 0.6097222222222223 0.16614583333333333 0.11388888888888889 0.07604166666666666
1 0.41597222222222224 0.4296875 0.10694444444444445 0.07395833333333333
1 0.5125000000000001 0.6760416666666667 0.11111111111111112 0.08333333333333333
