0 0.6576388888888889 0.21979166666666666 0.15416666666666667 0.06875
0 0.49930555555555556 0.2640625 0.12083333333333333 0.09479166666666666
0 0.670138888888889 0.3380208333333333 0.16527777777777777 0.059375
0 0.3513888888888889 0.4010416666666667 0.09722222222222222 0.1375
0 0.5208333333333334 0.496875 0.14444444444444446 0.09583333333333333
0 0.6687500000000001 0.47291666666666665 0.13472222222222222 0.09166666666666666
0 0.7298611111111112 0.6546875 0.1763888888888889 0.078125
0 0.5638888888888889 0.7578125 0.09722222222222222 0.146875
0 0.3541666666666667 0.8161458333333333 0.2 0.065625
1 0.8250000000000001 0.5166666666666666 0.10833333333333334 0.0875
1 0.4166666666666667 0.6244791666666667 0.09444444444444444 0.084375
1 0.4305555555555556 0.14895833333333333 0.11111111111111112 0.06666666666666667
