0 0.3284722222222222 0.21979166666666666 0.17083333333333334 0.07916666666666666
0 0.43333333333333335 0.30104166666666665 0.1388888888888889 0.07083333333333333
0 0.5388888888888889 0.3338541666666667 0.1 0.11562499999999999
0 0.7375 0.29010416666666666 0.08888888888888889 0.11562499999999999
0 0.80625 0.48125 0.11805555555555557 0.11041666666666666
0 0.6319444444444444 0.42864583333333334 0.09444444444444444 0.103125
0 0.607638888888889 0.553125 0.16527777777777777 0.09791666666666667
0 0.7791666666666667 0.6557291666666667 0.09444444444444444 0.12395833333333334
0 0.44583333333333336 0.5677083333333334 0.10555555555555556 0.1
0 0.4083333333333333 0.734375 0.12222222222222223 0.12291666666666666
0 0.29791666666666666 0.59375 0.11527777777777778 0.1375
0 0.23541666666666666 0.4203125 0.18472222222222223 0.078125
1 0.5965277777777778 0.19166666666666665 0.09027777777777778 0.06666666666666667
1 0.9097222222222222 0.359375 0.08055555555555556 0.07708333333333334
0 0.4215277777777778 0.4671875 0.1125 0.10104166666666667
1 0.6034722222222223 0.6598958333333333 0.07916666666666666 0.065625
1 0.13958333333333334 0.61875 0.09027777777777778 0.08333333333333333
