1 0.4618055555555556 0.21875 0.08750000000000001 0.075
1 0.6875 0.3755208333333333 0.08333333333333334 0.06979166666666667
1 0.4479166666666667 0.8260416666666667 0.10138888888888889 0.07916666666666666
0 0.7770833333333333 0.290625 0.16527777777777777 0.07083333333333333
0 0.8486111111111111 0.5322916666666666 0.14444444444444446 0.09583333333333333
0 0.7451388888888889 0.7244791666666667 0.16805555555555557 0.11145833333333333
0 0.6625 0.5046875 0.16666666666666669 0.06979166666666667
0 0.4534722222222222 0.5520833333333334 0.12361111111111112 0.10625
0 0.4451388888888889 0.6744791666666666 0.16527777777777777 0.09270833333333334
0 0.2548611111111111 0.5776041666666667 0.11805555555555557 0.121875
0 0.3229166666666667 0.41302083333333334 0.09861111111111112 0.128125
0 0.43472222222222223 0.315625 0.14722222222222223 0.09166666666666666
0 0.5645833333333333 0.3260416666666667 0.10138888888888889 0.12708333333333333
