0 0.6381944444444445 0.20677083333333332 0.10138888888888889 0.109375
0 0.8333333333333334 0.23697916666666666 0.17500000000000002 0.08229166666666667
0 0.8340277777777778 0.38229166666666664 0.14583333333333334 0.0875
0 0.5909722222222222 0.3541666666666667 0.07361111111111111 0.10833333333333334
0 0.31527777777777777 0.3364583333333333 0.16944444444444445 0.06875
0 0.8375 0.5265625 0.09166666666666667 0.11562499999999999
0 0.5201388888888889 0.4822916666666667 0.1763888888888889 0.07291666666666667
0 0.5243055555555556 0.621875 0.17916666666666667 0.0625
0 0.6145833333333334 0.7869791666666667 0.14305555555555557 0.09895833333333333
0 0.4291666666666667 0.740625 0.08611111111111111 0.15
0 0.20694444444444446 0.6791666666666667 0.17222222222222222 0.08333333333333333
1 0.44583333333333336 0.19010416666666666 0.10833333333333334 0.06770833333333333
1 0.24097222222222223 0.5296875 0.09583333333333334 0.08229166666666667
1 0.7284722222222223 0.6385416666666667 0.10972222222222222 0.06875
