0 0.33958333333333335 0.378125 0.13472222222222222 0.11041666666666666
0 0.5416666666666667 0.26666666666666666 0.09166666666666667 0.14791666666666667
0 0.6486111111111111 0.3520833333333333 0.1527777777777778 0.06458333333333333
0 0.6944444444444444 0.43385416666666665 0.18888888888888888 0.06354166666666666
0 0.6638888888888889 0.6817708333333333 0.17222222222222222 0.08229166666666667
0 0.4548611111111111 0.5723958333333333 0.10138888888888889 0.14479166666666665
0 0.29444444444444445 0.690625 0.11944444444444445 0.14375
1 0.59375 0.5 0.11527777777777778 0.06458333333333333
1 0.4048611111111111 0.27760416666666665 0.10694444444444445 0.078125
1 0.26805555555555555 0.48125 0.08055555555555556 0.07083333333333333
