1 0.3472222222222222 0.3572916666666667 0.08055555555555556 0.06458333333333333
1 0.5715277777777777 0.3416666666666667 0.09027777777777778 0.07708333333333334
1 0.8138888888888889 0.43385416666666665 0.07222222222222223 0.065625
1 0.5076388888888889 0.440625 0.09027777777777778 0.06875
1 0.7208333333333333 0.6911458333333333 0.08888888888888889 0.06770833333333333
0 0.6430555555555556 0.22760416666666666 0.14166666666666666 0.08645833333333333
0 0.4604166666666667 0.2609375 0.16527777777777777 0.07604166666666666
0 0.7027777777777778 0.37864583333333335 0.1388888888888889 0.103125
0 0.7145833333333333 0.5348958333333333 0.1902777777777778 0.06145833333333333
0 0.5444444444444445 0.5744791666666667 0.16666666666666669 0.071875
0 0.6041666666666667 0.7072916666666667 0.09166666666666667 0.14583333333333334
0 0.45416666666666666 0.7494791666666667 0.11111111111111112 0.13645833333333332
0 0.34375 0.6166666666666667 0.12916666666666668 0.10625
0 0.3527777777777778 0.45416666666666666 0.1638888888888889 0.07708333333333334
