1 0.41250000000000003 0.16770833333333332 0.11388888888888889 0.07708333333333334
1 0.48680555555555555 0.34375 0.12083333333333333 0.058333333333333334
1 0.23194444444444445 0.4145833333333333 0.14722222222222223 0.07291666666666667
0 0.8458333333333333 0.31875 0.12222222222222223 0.06875
0 0.6951388888888889 0.22083333333333333 0.18194444444444446 0.06458333333333333
0 0.8861111111111112 0.5083333333333333 0.13055555555555556 0.125
0 0.6590277777777778 0.4744791666666667 0.12916666666666668 0.09270833333333334
0 0.7631944444444445 0.5953125 0.07361111111111111 0.11145833333333333
0 0.5097222222222222 0.5411458333333333 0.13055555555555556 0.12395833333333334
0 0.20833333333333334 0.5489583333333333 0.19444444444444445 0.07083333333333333
0 0.23125 0.728125 0.1902777777777778 0.075
0 0.5826388888888889 0.7916666666666666 0.1736111111111111 0.09791666666666667
