1 0.7402777777777778 0.5421875 0.1277777777777778 0.08229166666666667
1 0.29583333333333334 0.28541666666666665 0.12222222222222223 0.10833333333333334
1 0.2625 0.6760416666666667 0.1277777777777778 0.07708333333333334
0 0.32916666666666666 0.13125 0.10833333333333334 0.16041666666666665
0 0.4465277777777778 0.3223958333333333 0.13194444444444445 0.134375
0 0.6756944444444445 0.2942708333333333 0.10972222222222222 0.14270833333333333
0 0.6104166666666667 0.5166666666666666 0.11527777777777778 0.15208333333333332
0 0.6548611111111111 0.8203125 0.2152777777777778 0.11145833333333333
0 0.45625000000000004 0.6901041666666666 0.1486111111111111 0.14895833333333333
0 0.35833333333333334 0.5338541666666666 0.17500000000000002 0.140625
0 0.1798611111111111 0.4786458333333333 0.1513888888888889 0.13854166666666667
