1 0.638888888888889 0.24583333333333332 0.10277777777777779 0.06666666666666667
1 0.3888888888888889 0.40208333333333335 0.08888888888888889 0.07083333333333333
1 0.6875 0.5828125 0.08611111111111111 0.08229166666666667
0 0.4861111111111111 0.24375 0.13611111111111113 0.08541666666666667
0 0.7145833333333333 0.32447916666666665 0.12916666666666668 0.109375
0 0.8083333333333333 0.4640625 0.18333333333333335 0.07395833333333333
0 0.5493055555555556 0.3833333333333333 0.08472222222222223 0.12708333333333333
0 0.23402777777777778 0.40989583333333335 0.1763888888888889 0.08229166666666667
0 0.28958333333333336 0.6161458333333333 0.1125 0.12604166666666666
0 0.4791666666666667 0.5390625 0.09166666666666667 0.128125
0 0.6791666666666667 0.7354166666666666 0.12222222222222223 0.12916666666666665
0 0.3597222222222222 0.7760416666666666 0.10833333333333334 0.14583333333333334
