0 0.5576388888888889 0.296875 0.12361111111111112 0.12083333333333333
0 0.75 0.38177083333333334 0.11388888888888889 0.11562499999999999
0 0.8048611111111111 0.5526041666666667 0.16527777777777777 0.09895833333333333
0 0.5159722222222223 0.4557291666666667 0.13194444444444445 0.10729166666666666
0 0.2972222222222222 0.4875 0.15 0.09583333333333333
0 0.13333333333333333 0.4578125 0.09722222222222222 0.134375
0 0.31736111111111115 0.6432291666666666 0.09583333333333334 0.140625
0 0.5041666666666667 0.6942708333333333 0.16111111111111112 0.10520833333333333
0 0.7069444444444445 0.7057291666666666 0.1 0.134375
1 0.3902777777777778 0.35572916666666665 0.08611111111111111 0.071875
1 0.7138888888888889 0.26458333333333334 0.08611111111111111 0.07083333333333333
1 0.6340277777777779 0.5109375 0.08194444444444444 0.05520833333333333
1 0.4625 0.5770833333333333 0.08333333333333334 0.06041666666666667
1 0.13125 0.7546875 0.09583333333333334 0.06770833333333333
