1 0.6347222222222223 0.2869791666666667 0.10555555555555556 0.08645833333333333
1 0.23402777777777778 0.371875 0.10416666666666667 0.07291666666666667
1 0.7000000000000001 0.8192708333333333 0.08888888888888889 0.096875
0 0.4625 0.16666666666666666 0.17500000000000002 0.0875
0 0.40208333333333335 0.3989583333333333 0.18194444444444446 0.07291666666666667
0 0.6236111111111111 0.47239583333333335 0.15555555555555556 0.103125
0 0.7340277777777778 0.578125 0.1625 0.1125
0 0.41944444444444445 0.5432291666666667 0.10277777777777779 0.12604166666666666
0 0.5479166666666667 0.6552083333333333 0.16805555555555557 0.08125
0 0.5513888888888889 0.8265625 0.1 0.140625
0 0.3236111111111111 0.6458333333333334 0.11111111111111112 0.12916666666666665
