1 0.5140625 0.24427083333333333 0.084375 0.13645833333333332
1 0.7140625 0.6416666666666666 0.10520833333333333 0.13541666666666666
0 0.6744791666666666 0.09270833333333334 0.11354166666666667 0.15416666666666667
0 0.7557291666666667 0.2864583333333333 0.109375 0.17291666666666666
0 0.7776041666666667 0.4796875 0.16770833333333332 0.09270833333333334
0 0.8557291666666667 0.590625 0.178125 0.09375
0 0.7557291666666667 0.8203125 0.06770833333333333 0.16354166666666667
0 0.5385416666666667 0.84375 0.2 0.10416666666666667
0 0.3927083333333333 0.9145833333333333 0.17916666666666667 0.10625
0 0.5171875 0.6796875 0.159375 0.153125
0 0.5380208333333333 0.5192708333333333 0.11562499999999999 0.16979166666666667
0 0.6234375 0.365625 0.11979166666666667 0.15833333333333333
0 0.39010416666666664 0.303125 0.084375 0.19166666666666665
0 0.37604166666666666 0.5130208333333334 0.09791666666666667 0.171875
0 0.2786458333333333 0.725 0.14270833333333333 0.16041666666666665
0 0.17291666666666666 0.5979166666666667 0.125 0.16458333333333333
0 0.1203125 0.3958333333333333 0.16354166666666667 0.11666666666666667
0 0.2682291666666667 0.1953125 0.184375 0.109375
