0 0.3463541666666667 0.1171875 0.196875 0.096875
0 0.6145833333333334 0.23177083333333334 0.17291666666666666 0.11979166666666667
0 0.7989583333333333 0.3125 0.20625 0.08125
0 0.809375 0.5239583333333333 0.15416666666666667 0.12083333333333333
0 0.6182291666666666 0.46458333333333335 0.16145833333333334 0.12708333333333333
0 0.42135416666666664 0.3802083333333333 0.196875 0.08958333333333333
0 0.2609375 0.5015625 0.16770833333333332 0.140625
0 0.06822916666666666 0.5385416666666667 0.08854166666666667 0.18125
0 0.22395833333333334 0.7432291666666666 0.13333333333333333 0.18854166666666666
0 0.46822916666666664 0.8411458333333334 0.11145833333333333 0.21562499999999998
0 0.6067708333333334 0.6588541666666666 0.19895833333333332 0.103125
1 0.8130208333333333 0.7104166666666667 0.11979166666666667 0.09166666666666666
1 0.6453125 0.8140625 0.11145833333333333 0.12395833333333334
1 0.40260416666666665 0.6755208333333333 0.12604166666666666 0.084375
1 0.48020833333333335 0.5536458333333333 0.12916666666666665 0.09479166666666666
1 0.32760416666666664 0.28541666666666665 0.096875 0.11458333333333333
