0 0.5213541666666667 0.11979166666666667 0.096875 0.17708333333333334
0 0.31927083333333334 0.2838541666666667 0.10520833333333333 0.178125
0 0.5489583333333333 0.26927083333333335 0.11458333333333333 0.153125
0 0.9088541666666666 0.2916666666666667 0.12395833333333334 0.16041666666666665
0 0.778125 0.2916666666666667 0.10833333333333334 0.17291666666666666
0 0.8145833333333333 0.5005208333333333 0.19583333333333333 0.08854166666666667
0 0.6640625 0.37447916666666664 0.12604166666666666 0.14895833333333333
0 0.6557291666666667 0.5807291666666666 0.10104166666666667 0.19479166666666667
0 0.4869791666666667 0.4223958333333333 0.165625 0.090625
0 0.3052083333333333 0.5328125 0.125 0.18020833333333333
0 0.19270833333333334 0.6770833333333334 0.175 0.12083333333333333
0 0.49895833333333334 0.6052083333333333 0.10833333333333334 0.20208333333333334
0 0.5161458333333333 0.8223958333333333 0.18020833333333333 0.13020833333333334
0 0.3046875 0.8682291666666666 0.11770833333333333 0.178125
1 0.8125 0.6536458333333334 0.10416666666666667 0.09895833333333333
