0 0.3015625 0.125 0.10104166666666667 0.16458333333333333
0 0.55 0.09270833333333334 0.15625 0.08958333333333333
0 0.6494791666666666 0.228125 0.128125 0.15
0 0.8255208333333334 0.2953125 0.15520833333333334 0.12604166666666666
0 0.8859374999999999 0.4197916666666667 0.140625 0.15416666666666667
0 0.45260416666666664 0.2546875 0.121875 0.13854166666666667
0 0.36614583333333334 0.42135416666666664 0.165625 0.10520833333333333
0 0.18541666666666667 0.440625 0.14375 0.15625
0 0.11770833333333333 0.6458333333333334 0.18958333333333333 0.14166666666666666
0 0.29270833333333335 0.7546875 0.13958333333333334 0.17604166666666665
0 0.5447916666666667 0.9114583333333334 0.17708333333333334 0.10416666666666667
0 0.584375 0.6583333333333333 0.16458333333333333 0.1375
0 0.4166666666666667 0.5635416666666666 0.09791666666666667 0.15416666666666667
1 0.5302083333333333 0.4046875 0.09583333333333333 0.084375
1 0.65 0.4578125 0.125 0.09479166666666666
1 0.8286458333333333 0.6770833333333334 0.09895833333333333 0.09791666666666667
1 0.7020833333333333 0.8588541666666667 0.1 0.128125
