1 0.4114583333333333 0.2265625 0.0875 0.121875
1 0.4864583333333333 0.4244791666666667 0.08333333333333333 0.10520833333333333
1 0.6630208333333333 0.29322916666666665 0.12604166666666666 0.09895833333333333
1 0.8432291666666667 0.6958333333333333 0.121875 0.11875
1 0.5338541666666666 0.6375 0.10729166666666666 0.10833333333333334
1 0.5036458333333333 0.9296875 0.09270833333333334 0.08854166666666667
0 0.2864583333333333 0.08802083333333333 0.18333333333333332 0.134375
0 0.5802083333333333 0.12239583333333333 0.20625 0.11770833333333333
0 0.76875 0.4510416666666667 0.125 0.2
0 0.2635416666666667 0.3130208333333333 0.19375 0.096875
0 0.6114583333333333 0.4713541666666667 0.11041666666666666 0.18645833333333334
0 0.6276041666666666 0.7979166666666666 0.18020833333333333 0.14375
0 0.3463541666666667 0.5307291666666667 0.11770833333333333 0.196875
0 0.38645833333333335 0.7510416666666666 0.11458333333333333 0.18958333333333333
0 0.21197916666666666 0.8765625 0.16145833333333334 0.171875
0 0.16145833333333334 0.6197916666666666 0.20416666666666666 0.13125
