1 0.8005208333333333 0.50625 0.090625 0.125
1 0.8390624999999999 0.6333333333333333 0.09270833333333334 0.11041666666666666
1 0.3260416666666667 0.5291666666666667 0.13125 0.08125
0 0.23333333333333334 0.18854166666666666 0.17291666666666666 0.11458333333333333
0 0.59375 0.1640625 0.10625 0.16770833333333332
0 0.7708333333333334 0.18229166666666666 0.17083333333333334 0.11875
0 0.746875 0.3442708333333333 0.12291666666666666 0.15729166666666666
0 0.4484375 0.27760416666666665 0.15520833333333334 0.140625
0 0.5432291666666667 0.4088541666666667 0.16145833333333334 0.11354166666666667
0 0.6078125 0.5322916666666666 0.16354166666666667 0.10208333333333333
0 0.7010416666666667 0.828125 0.17916666666666667 0.13541666666666666
0 0.5520833333333334 0.7604166666666666 0.10833333333333334 0.2
0 0.4552083333333333 0.6463541666666667 0.09583333333333333 0.17395833333333333
0 0.3697916666666667 0.88125 0.14583333333333334 0.18125
0 0.2552083333333333 0.6901041666666666 0.18125 0.11562499999999999
0 0.13697916666666665 0.5067708333333333 0.14479166666666665 0.134375
0 0.2921875 0.33489583333333334 0.10104166666666667 0.19270833333333334
