0 0.15989583333333332 0.23802083333333332 0.128125 0.14479166666666665
0 0.4583333333333333 0.11875 0.11041666666666666 0.15416666666666667
0 0.5927083333333333 0.16041666666666665 0.12083333333333333 0.15833333333333333
0 0.8515625 0.22239583333333332 0.09895833333333333 0.178125
0 0.5041666666666667 0.3359375 0.16041666666666665 0.103125
0 0.6463541666666667 0.3953125 0.121875 0.13020833333333334
0 0.7734375 0.4588541666666667 0.134375 0.146875
0 0.296875 0.42552083333333335 0.19583333333333333 0.096875
0 0.5015625 0.5447916666666667 0.14479166666666665 0.1375
0 0.18385416666666665 0.5916666666666667 0.171875 0.13541666666666666
0 0.3255208333333333 0.7979166666666666 0.17395833333333333 0.14375
0 0.509375 0.9109375 0.14583333333333334 0.153125
0 0.6796875 0.8427083333333333 0.14270833333333333 0.18541666666666667
0 0.7494791666666667 0.65625 0.190625 0.07708333333333334
1 0.28072916666666664 0.19010416666666666 0.090625 0.09270833333333334
1 0.6942708333333333 0.2546875 0.08229166666666667 0.10520833333333333
1 0.5453125 0.671875 0.09479166666666666 0.07916666666666666
