1 0.6838541666666667 0.15572916666666667 0.09895833333333333 0.121875
1 0.6854166666666667 0.4015625 0.13125 0.08229166666666667
1 0.8026041666666667 0.8828125 0.11979166666666667 0.12395833333333334
1 0.6213541666666667 0.9270833333333334 0.10520833333333333 0.10833333333333334
0 0.39739583333333334 0.28489583333333335 0.153125 0.140625
1 0.165625 0.3932291666666667 0.14583333333333334 0.08229166666666667
0 0.5010416666666666 0.11979166666666667 0.16666666666666666 0.14791666666666667
0 0.56875 0.290625 0.1875 0.1125
0 0.30104166666666665 0.43854166666666666 0.1875 0.09791666666666667
0 0.22343749999999998 0.6401041666666667 0.15729166666666666 0.14479166666666665
0 0.4203125 0.6151041666666667 0.096875 0.19270833333333334
0 0.5833333333333334 0.5619791666666667 0.17083333333333334 0.08645833333333333
0 0.8442708333333333 0.5125 0.190625 0.13125
0 0.7572916666666667 0.6869791666666667 0.12083333333333333 0.203125
0 0.5828125 0.765625 0.17604166666666665 0.1375
0 0.371875 0.8583333333333333 0.14166666666666666 0.20833333333333334
