0 0.2555555555555556 0.3109375 0.2611111111111111 0.09895833333333333
0 0.7402777777777778 0.28072916666666664 0.2611111111111111 0.109375
0 0.5048611111111111 0.41822916666666665 0.12916666666666668 0.184375
0 0.7111111111111111 0.6484375 0.16666666666666669 0.17395833333333333
0 0.19444444444444445 0.5380208333333333 0.2611111111111111 0.128125
0 0.29305555555555557 0.7286458333333333 0.15 0.203125
0 0.5041666666666667 0.8098958333333334 0.18611111111111112 0.16354166666666667
1 0.5277777777777778 0.21562499999999998 0.1388888888888889 0.09375
1 0.8111111111111111 0.48593749999999997 0.18055555555555555 0.09479166666666666
1 0.48333333333333334 0.59375 0.15 0.10833333333333334
