1 0.35 0.2713541666666667 0.08958333333333333 0.090625
1 0.2755208333333333 0.44687499999999997 0.13020833333333334 0.09791666666666667
1 0.85 0.5265625 0.09583333333333333 0.09479166666666666
1 0.42135416666666664 0.6619791666666667 0.08020833333333333 0.128125
0 0.12395833333333334 0.259375 0.12916666666666665 0.14375
0 0.09322916666666667 0.4671875 0.128125 0.18020833333333333
0 0.39479166666666665 0.11145833333333333 0.08958333333333333 0.1625
0 0.509375 0.14010416666666667 0.12291666666666666 0.13020833333333334
0 0.7052083333333333 0.165625 0.14791666666666667 0.14166666666666666
0 0.6338541666666666 0.2671875 0.12604166666666666 0.11979166666666667
0 0.7723958333333333 0.3520833333333333 0.153125 0.1
0 0.45468749999999997 0.3546875 0.109375 0.171875
0 0.5489583333333333 0.4630208333333333 0.14791666666666667 0.12395833333333334
0 0.7052083333333333 0.4770833333333333 0.17083333333333334 0.11041666666666666
0 0.7765625 0.6338541666666666 0.184375 0.09895833333333333
0 0.5166666666666666 0.5859375 0.15208333333333332 0.11562499999999999
0 0.28854166666666664 0.55625 0.18333333333333332 0.0875
0 0.22708333333333333 0.7276041666666666 0.10416666666666667 0.19895833333333332
0 0.4 0.8171875 0.18958333333333333 0.13854166666666667
0 0.6083333333333333 0.8989583333333333 0.16458333333333333 0.14791666666666667
0 0.7067708333333333 0.7927083333333333 0.12604166666666666 0.13958333333333334
