0 0.16979166666666667 0.31979166666666664 0.1375 0.15625
0 0.11354166666666667 0.5614583333333333 0.125 0.17291666666666666
0 0.12395833333333334 0.7447916666666666 0.12708333333333333 0.18958333333333333
0 0.28072916666666664 0.8609375 0.16979166666666667 0.15520833333333334
0 0.5541666666666667 0.8979166666666667 0.11875 0.19583333333333333
0 0.6885416666666666 0.7046875 0.19375 0.103125
0 0.7041666666666666 0.5651041666666666 0.15833333333333333 0.13854166666666667
0 0.8119791666666667 0.41875 0.109375 0.16666666666666666
0 0.7864583333333334 0.20260416666666667 0.16458333333333333 0.10520833333333333
0 0.5348958333333333 0.14739583333333334 0.165625 0.12395833333333334
0 0.6385416666666667 0.296875 0.15625 0.10833333333333334
0 0.4036458333333333 0.21145833333333333 0.17395833333333333 0.11041666666666666
0 0.53125 0.4197916666666667 0.17916666666666667 0.09375
0 0.534375 0.5369791666666667 0.18125 0.109375
0 0.30104166666666665 0.5739583333333333 0.12083333333333333 0.18333333333333332
1 0.35625 0.6770833333333334 0.09791666666666667 0.12291666666666666
1 0.375 0.35260416666666666 0.12916666666666665 0.090625
