1 0.578125 0.5348958333333333 0.11875 0.10520833333333333
1 0.8453125 0.6161458333333333 0.11562499999999999 0.128125
0 0.7640625 0.4046875 0.103125 0.178125
0 0.6260416666666666 0.9020833333333333 0.2 0.125
0 0.49322916666666666 0.7083333333333334 0.196875 0.1
0 0.5932291666666667 0.203125 0.18020833333333333 0.12083333333333333
0 0.35520833333333335 0.171875 0.09791666666666667 0.17291666666666666
0 0.49374999999999997 0.39479166666666665 0.21041666666666667 0.09583333333333333
0 0.19739583333333333 0.3546875 0.184375 0.10104166666666667
0 0.3572916666666667 0.5020833333333333 0.19583333333333333 0.09375
0 0.0765625 0.5859375 0.14895833333333333 0.146875
0 0.2682291666666667 0.675 0.209375 0.10625
0 0.34010416666666665 0.8442708333333333 0.18854166666666666 0.11562499999999999
