1 0.4848958333333333 0.38177083333333334 0.12395833333333334 0.128125
0 0.4067708333333333 0.17395833333333333 0.11979166666666667 0.19166666666666665
0 0.578125 0.23906249999999998 0.15 0.134375
0 0.7473958333333334 0.13020833333333334 0.17395833333333333 0.08958333333333333
0 0.8322916666666667 0.2630208333333333 0.08958333333333333 0.17395833333333333
0 0.2203125 0.3359375 0.11562499999999999 0.15729166666666666
0 0.26510416666666664 0.5072916666666667 0.165625 0.13958333333333334
0 0.3729166666666667 0.6015625 0.11041666666666666 0.20104166666666667
0 0.1703125 0.7046875 0.18229166666666666 0.15729166666666666
0 0.2682291666666667 0.9036458333333334 0.11145833333333333 0.190625
0 0.44635416666666666 0.8166666666666667 0.11770833333333333 0.20208333333333334
0 0.6104166666666666 0.8598958333333333 0.17916666666666667 0.121875
0 0.8552083333333333 0.721875 0.225 0.11041666666666666
0 0.5776041666666667 0.6302083333333334 0.11562499999999999 0.17291666666666666
0 0.6557291666666667 0.4692708333333333 0.11979166666666667 0.15104166666666666
0 0.8953125 0.45416666666666666 0.15729166666666666 0.16041666666666665
