0 0.3671875 0.28125 0.16979166666666667 0.09166666666666666
0 0.6078125 0.2635416666666667 0.15729166666666666 0.10625
1 0.7786458333333334 0.4119791666666667 0.10104166666666667 0.13645833333333332
1 0.5973958333333333 0.41041666666666665 0.121875 0.11666666666666667
0 0.8791666666666667 0.69375 0.13541666666666666 0.12291666666666666
0 0.6223958333333334 0.7723958333333333 0.190625 0.10729166666666666
0 0.48593749999999997 0.5255208333333333 0.16354166666666667 0.12604166666666666
1 0.7473958333333334 0.6057291666666667 0.08645833333333333 0.096875
1 0.3932291666666667 0.7713541666666667 0.08854166666666667 0.109375
1 0.2875 0.42916666666666664 0.09583333333333333 0.08958333333333333
1 0.2984375 0.5354166666666667 0.13854166666666667 0.08333333333333333
1 0.25625 0.7677083333333333 0.10208333333333333 0.09166666666666666
1 0.12083333333333333 0.6234375 0.10833333333333334 0.121875
1 0.10208333333333333 0.8145833333333333 0.0875 0.15
