1 0.525 0.7 0.0875 0.10833333333333334
1 0.90625 0.43645833333333334 0.13541666666666666 0.08333333333333333
1 0.6442708333333333 0.1015625 0.121875 0.11145833333333333
0 0.32760416666666664 0.14322916666666666 0.178125 0.140625
0 0.16927083333333334 0.3182291666666667 0.190625 0.13645833333333332
0 0.3364583333333333 0.4005208333333333 0.1875 0.10520833333333333
0 0.5192708333333333 0.4 0.11979166666666667 0.15416666666666667
0 0.6708333333333333 0.4432291666666667 0.14791666666666667 0.17604166666666665
0 0.78125 0.5651041666666666 0.10625 0.184375
0 0.7932291666666667 0.825 0.16979166666666667 0.16041666666666665
0 0.2375 0.6828125 0.19583333333333333 0.09895833333333333
0 0.334375 0.8380208333333333 0.16666666666666666 0.140625
0 0.5166666666666666 0.9109375 0.20416666666666666 0.134375
