1 0.7052083333333333 0.2760416666666667 0.11041666666666666 0.11666666666666667
1 0.41510416666666666 0.5166666666666666 0.10729166666666666 0.125
1 0.5380208333333333 0.7729166666666667 0.121875 0.125
0 0.8151041666666666 0.496875 0.14479166666666665 0.13125
0 0.6651041666666666 0.44895833333333335 0.11979166666666667 0.18541666666666667
0 0.7395833333333334 0.7973958333333333 0.15625 0.17604166666666665
0 0.5677083333333334 0.6260416666666666 0.17708333333333334 0.10625
0 0.5192708333333333 0.29583333333333334 0.171875 0.15625
0 0.290625 0.3151041666666667 0.21041666666666667 0.09270833333333334
0 0.26197916666666665 0.49166666666666664 0.209375 0.1
0 0.25677083333333334 0.6802083333333333 0.16979166666666667 0.11041666666666666
0 0.3572916666666667 0.8640625 0.20416666666666666 0.12395833333333334
