1 0.37083333333333335 0.42604166666666665 0.09583333333333333 0.11875
1 0.5354166666666667 0.434375 0.11666666666666667 0.0875
1 0.7984375 0.3255208333333333 0.103125 0.128125
1 0.6005208333333333 0.07135416666666666 0.06770833333333333 0.11562499999999999
0 0.29270833333333335 0.20572916666666666 0.13125 0.134375
0 0.18229166666666666 0.3625 0.12916666666666665 0.17083333333333334
0 0.1375 0.5614583333333333 0.16666666666666666 0.16666666666666666
0 0.45729166666666665 0.25416666666666665 0.1625 0.10833333333333334
0 0.30104166666666665 0.6255208333333333 0.1875 0.11354166666666667
0 0.5125 0.5572916666666666 0.18541666666666667 0.09583333333333333
0 0.6723958333333333 0.2765625 0.12395833333333334 0.165625
0 0.7302083333333333 0.5338541666666666 0.1625 0.134375
0 0.8276041666666667 0.73125 0.14479166666666665 0.1625
0 0.6916666666666667 0.7333333333333333 0.1375 0.18958333333333333
0 0.5442708333333334 0.7072916666666667 0.178125 0.12083333333333333
0 0.3619791666666667 0.8203125 0.184375 0.09479166666666666
0 0.5057291666666667 0.9151041666666666 0.184375 0.11145833333333333
