1 0.503125 0.46979166666666666 0.12083333333333333 0.08958333333333333
0 0.6369791666666667 0.11458333333333333 0.10729166666666666 0.15625
0 0.7869791666666667 0.26458333333333334 0.121875 0.12083333333333333
0 0.8901041666666667 0.484375 0.10104166666666667 0.16458333333333333
0 0.7651041666666667 0.4947916666666667 0.10520833333333333 0.17708333333333334
0 0.7177083333333333 0.6890625 0.18541666666666667 0.096875
0 0.5369791666666667 0.7130208333333333 0.16354166666666667 0.08645833333333333
0 0.5848958333333333 0.5796875 0.14895833333333333 0.121875
0 0.6526041666666667 0.42083333333333334 0.103125 0.16041666666666665
0 0.5552083333333333 0.23958333333333334 0.16041666666666665 0.09166666666666666
0 0.3390625 0.1734375 0.178125 0.08645833333333333
0 0.390625 0.371875 0.175 0.07916666666666666
0 0.14635416666666667 0.3359375 0.103125 0.17604166666666665
0 0.23333333333333334 0.4947916666666667 0.16458333333333333 0.10416666666666667
0 0.3145833333333333 0.615625 0.15625 0.11875
0 0.37395833333333334 0.8130208333333333 0.10625 0.190625
