0 0.21458333333333332 0.3130208333333333 0.17708333333333334 0.08020833333333333
0 0.5307291666666667 0.07916666666666666 0.165625 0.09791666666666667
0 0.4609375 0.2453125 0.16354166666666667 0.11979166666666667
0 0.7161458333333334 0.20572916666666666 0.09479166666666666 0.14479166666666665
0 0.8557291666666667 0.31354166666666666 0.13229166666666667 0.15416666666666667
0 0.7229166666666667 0.4109375 0.17708333333333334 0.109375
0 0.4984375 0.4140625 0.19479166666666667 0.09270833333333334
0 0.3333333333333333 0.5098958333333333 0.09791666666666667 0.19895833333333332
0 0.4979166666666667 0.6364583333333333 0.18333333333333332 0.1125
0 0.16354166666666667 0.7666666666666666 0.10625 0.18541666666666667
0 0.23177083333333334 0.8703124999999999 0.12604166666666666 0.203125
0 0.4713541666666667 0.8088541666666667 0.09895833333333333 0.18020833333333333
0 0.6432291666666666 0.7947916666666667 0.12604166666666666 0.17916666666666667
0 0.7567708333333333 0.8921875 0.12395833333333334 0.17395833333333333
0 0.7729166666666667 0.6447916666666667 0.14375 0.16875
1 0.14635416666666667 0.5359375 0.12395833333333334 0.11770833333333333
1 0.3338541666666667 0.19947916666666665 0.09479166666666666 0.11979166666666667
1 0.6557291666666667 0.5208333333333334 0.13020833333333334 0.06666666666666667
1 0.9328124999999999 0.5630208333333333 0.08854166666666667 0.128125
