1 0.39479166666666665 0.13020833333333334 0.125 0.07708333333333334
1 0.48593749999999997 0.2739583333333333 0.078125 0.09375
1 0.39427083333333335 0.7229166666666667 0.12604166666666666 0.09583333333333333
0 0.5916666666666667 0.07916666666666666 0.16666666666666666 0.09791666666666667
0 0.7661458333333333 0.22760416666666666 0.10104166666666667 0.159375
0 0.84375 0.39427083333333335 0.12916666666666665 0.134375
0 0.7942708333333334 0.5458333333333333 0.140625 0.1375
0 0.7416666666666667 0.7776041666666667 0.10416666666666667 0.184375
0 0.61875 0.5671875 0.17291666666666666 0.121875
0 0.5989583333333334 0.2109375 0.14791666666666667 0.08645833333333333
0 0.5723958333333333 0.36614583333333334 0.16145833333333334 0.08854166666666667
0 0.46197916666666666 0.5411458333333333 0.109375 0.18020833333333333
0 0.5625 0.7494791666666667 0.125 0.16145833333333334
0 0.4125 0.9192708333333334 0.13541666666666666 0.159375
0 0.2484375 0.8312499999999999 0.09895833333333333 0.18958333333333333
0 0.18333333333333332 0.6927083333333334 0.16666666666666666 0.13125
0 0.11302083333333333 0.5578125 0.09479166666666666 0.17395833333333333
0 0.2755208333333333 0.4578125 0.17395833333333333 0.09479166666666666
0 0.35052083333333334 0.321875 0.140625 0.15208333333333332
0 0.20781249999999998 0.2140625 0.18020833333333333 0.08645833333333333
0 0.11927083333333333 0.38125 0.19270833333333334 0.1125
