0 0.4166666666666667 0.10781249999999999 0.16875 0.14479166666666665
0 0.5776041666666667 0.24166666666666667 0.13020833333333334 0.175
0 0.8854166666666666 0.45208333333333334 0.11458333333333333 0.19375
0 0.7067708333333333 0.3963541666666667 0.13229166666666667 0.17604166666666665
0 0.6359375 0.5296875 0.20104166666666667 0.09895833333333333
0 0.5677083333333334 0.4223958333333333 0.13125 0.16770833333333332
0 0.6213541666666667 0.7072916666666667 0.12604166666666666 0.175
0 0.43072916666666666 0.6916666666666667 0.19270833333333334 0.11666666666666667
0 0.38177083333333334 0.86875 0.13229166666666667 0.2125
0 0.23958333333333334 0.775 0.14791666666666667 0.14375
0 0.2515625 0.5890625 0.228125 0.08854166666666667
0 0.3734375 0.29791666666666666 0.16770833333333332 0.13333333333333333
0 0.21875 0.2817708333333333 0.15625 0.13645833333333332
0 0.2703125 0.4223958333333333 0.196875 0.096875
1 0.4359375 0.5036458333333333 0.096875 0.103125
1 0.7557291666666667 0.5963541666666666 0.11770833333333333 0.090625
1 0.7098958333333333 0.19791666666666666 0.090625 0.11041666666666666
