0 0.41354166666666664 0.12395833333333334 0.1125 0.13541666666666666
0 0.7541666666666667 0.18072916666666666 0.1125 0.14479166666666665
0 0.7979166666666666 0.3723958333333333 0.14583333333333334 0.13854166666666667
0 0.7760416666666666 0.5098958333333333 0.125 0.134375
0 0.8192708333333333 0.6239583333333333 0.15729166666666666 0.10625
0 0.765625 0.8729166666666667 0.17083333333333334 0.12708333333333333
0 0.6291666666666667 0.6546875 0.09583333333333333 0.15520833333333334
0 0.5453125 0.7619791666666667 0.11354166666666667 0.16979166666666667
0 0.4692708333333333 0.90625 0.090625 0.1875
0 0.3489583333333333 0.6864583333333333 0.14583333333333334 0.14375
0 0.17291666666666666 0.8635416666666667 0.10625 0.18958333333333333
0 0.31875 0.5041666666666667 0.17291666666666666 0.1
0 0.4942708333333333 0.3953125 0.10729166666666666 0.13645833333333332
0 0.5765625 0.234375 0.109375 0.12708333333333333
0 0.3963541666666667 0.3385416666666667 0.13645833333333332 0.13125
0 0.16302083333333334 0.30104166666666665 0.11354166666666667 0.14375
0 0.13489583333333333 0.5333333333333333 0.11979166666666667 0.18125
1 0.3302083333333333 0.20520833333333333 0.12916666666666665 0.08333333333333333
1 0.5895833333333333 0.43906249999999997 0.07083333333333333 0.09270833333333334
1 0.490625 0.5895833333333333 0.09583333333333333 0.08333333333333333
