0 0.2786458333333333 0.14635416666666667 0.16145833333333334 0.15520833333333334
0 0.0953125 0.3645833333333333 0.13854166666666667 0.19375
0 0.528125 0.1578125 0.19166666666666665 0.10520833333333333
0 0.6875 0.14739583333333334 0.12708333333333333 0.20520833333333333
0 0.7322916666666667 0.3411458333333333 0.12083333333333333 0.18229166666666666
0 0.271875 0.36354166666666665 0.12291666666666666 0.19583333333333333
0 0.23489583333333333 0.55625 0.20104166666666667 0.12291666666666666
0 0.5088541666666666 0.5598958333333334 0.18645833333333334 0.12395833333333334
0 0.7213541666666666 0.528125 0.153125 0.15
0 0.8661458333333333 0.5338541666666666 0.103125 0.18229166666666666
0 0.8161458333333333 0.8088541666666667 0.128125 0.190625
0 0.5677083333333334 0.8723958333333334 0.10833333333333334 0.20104166666666667
0 0.3614583333333333 0.6807291666666666 0.11041666666666666 0.184375
0 0.16354166666666667 0.8041666666666667 0.10625 0.19791666666666666
0 0.37864583333333335 0.903125 0.21145833333333333 0.12083333333333333
1 0.3989583333333333 0.40781249999999997 0.08125 0.090625
1 0.5526041666666667 0.30104166666666665 0.08645833333333333 0.0875
1 0.65 0.7208333333333333 0.08333333333333333 0.1
1 0.8635416666666667 0.2890625 0.12083333333333333 0.084375
