0 0.2682291666666667 0.35 0.16770833333333332 0.15625
0 0.5026041666666666 0.22916666666666666 0.18645833333333334 0.10208333333333333
0 0.4401041666666667 0.10729166666666666 0.171875 0.15416666666666667
0 0.7609375 0.2046875 0.159375 0.12395833333333334
0 0.7677083333333333 0.39791666666666664 0.20625 0.09583333333333333
0 0.5177083333333333 0.45625 0.21041666666666667 0.08958333333333333
0 0.6494791666666666 0.6567708333333333 0.20104166666666667 0.10520833333333333
0 0.840625 0.8380208333333333 0.1125 0.209375
0 0.46510416666666665 0.8937499999999999 0.146875 0.1875
0 0.4171875 0.6171875 0.11354166666666667 0.171875
0 0.15416666666666667 0.7072916666666667 0.15 0.19791666666666666
1 0.29583333333333334 0.5625 0.08958333333333333 0.12916666666666665
0 0.6442708333333333 0.8583333333333333 0.121875 0.18958333333333333
1 0.20677083333333332 0.9234375 0.140625 0.10729166666666666
1 0.6515625 0.10729166666666666 0.11770833333333333 0.09583333333333333
