0 0.30416666666666664 0.19322916666666667 0.12083333333333333 0.184375
0 0.5145833333333333 0.15885416666666666 0.09166666666666666 0.23229166666666667
0 0.6661458333333333 0.29583333333333334 0.109375 0.1875
0 0.8520833333333333 0.19114583333333332 0.0875 0.21770833333333334
0 0.859375 0.5895833333333333 0.12083333333333333 0.16666666666666666
0 0.7807291666666667 0.5291666666666667 0.08229166666666667 0.16666666666666666
0 0.7067708333333333 0.7791666666666667 0.11562499999999999 0.17916666666666667
0 0.5026041666666666 0.7973958333333333 0.178125 0.08645833333333333
0 0.49635416666666665 0.6583333333333333 0.14270833333333333 0.125
0 0.3098958333333333 0.7572916666666667 0.12604166666666666 0.14583333333333334
0 0.14166666666666666 0.6145833333333334 0.18125 0.0875
0 0.16875 0.3963541666666667 0.125 0.16354166666666667
1 0.3953125 0.39947916666666666 0.103125 0.11562499999999999
1 0.3442708333333333 0.5833333333333334 0.09895833333333333 0.11666666666666667
1 0.5171875 0.4979166666666667 0.090625 0.11041666666666666
1 0.6447916666666667 0.5869791666666666 0.10208333333333333 0.090625
