0 0.4635416666666667 0.9229166666666666 0.15833333333333333 0.14583333333333334
0 0.7458333333333333 0.7338541666666667 0.1375 0.190625
0 0.7859375 0.578125 0.178125 0.0875
0 0.5541666666666667 0.6208333333333333 0.09166666666666666 0.19166666666666665
0 0.3729166666666667 0.6192708333333333 0.19791666666666666 0.109375
0 0.16354166666666667 0.7666666666666666 0.1375 0.18333333333333332
0 0.24739583333333334 0.48125 0.165625 0.09791666666666667
0 0.6432291666666666 0.43906249999999997 0.13229166666666667 0.13854166666666667
0 0.55 0.37083333333333335 0.13125 0.16666666666666666
0 0.8119791666666667 0.27291666666666664 0.190625 0.08125
0 0.6859375 0.09375 0.16770833333333332 0.1625
0 0.5567708333333333 0.10885416666666667 0.121875 0.18854166666666666
0 0.3515625 0.28541666666666665 0.18229166666666666 0.10208333333333333
0 0.19010416666666666 0.22239583333333332 0.10729166666666666 0.20104166666666667
