0 0.18072916666666666 0.2734375 0.09270833333333334 0.21145833333333333
0 0.3677083333333333 0.22083333333333333 0.17708333333333334 0.13333333333333333
0 0.5546875 0.12343749999999999 0.165625 0.11145833333333333
0 0.465625 0.3598958333333333 0.13333333333333333 0.18229166666666666
0 0.7463541666666667 0.3260416666666667 0.196875 0.10208333333333333
0 0.5869791666666666 0.4979166666666667 0.196875 0.10416666666666667
0 0.278125 0.4578125 0.18333333333333332 0.103125
0 0.421875 0.6833333333333333 0.18333333333333332 0.15
0 0.18489583333333334 0.69375 0.18020833333333333 0.13541666666666666
1 0.271875 0.9182291666666667 0.13541666666666666 0.11562499999999999
1 0.5776041666666667 0.7703125 0.12604166666666666 0.13854166666666667
1 0.7265625 0.6338541666666666 0.13229166666666667 0.159375
1 0.8973958333333333 0.46770833333333334 0.103125 0.14166666666666666
1 0.25625 0.06875 0.12083333333333333 0.08958333333333333
1 0.7270833333333333 0.08697916666666666 0.13125 0.08229166666666667
