0 0.17395833333333333 0.11041666666666666 0.10208333333333333 0.1875
0 0.3203125 0.2755208333333333 0.203125 0.09270833333333334
0 0.5140625 0.3140625 0.15729166666666666 0.12395833333333334
0 0.6270833333333333 0.1984375 0.17916666666666667 0.11770833333333333
0 0.8703124999999999 0.12447916666666667 0.14270833333333333 0.16979166666666667
0 0.8817708333333333 0.5182291666666666 0.16770833333333332 0.14479166666666665
0 0.6932291666666667 0.5005208333333333 0.18854166666666666 0.13020833333333334
0 0.6869791666666667 0.740625 0.171875 0.1625
0 0.5348958333333333 0.6453125 0.140625 0.17395833333333333
0 0.40260416666666665 0.475 0.10520833333333333 0.16666666666666666
0 0.32708333333333334 0.6083333333333333 0.16875 0.1125
0 0.23541666666666666 0.7588541666666666 0.175 0.14895833333333333
0 0.3104166666666667 0.9041666666666667 0.16666666666666666 0.14791666666666667
1 0.48125 0.85625 0.15 0.10625
1 0.228125 0.4895833333333333 0.12083333333333333 0.12291666666666666
1 0.7567708333333333 0.31979166666666664 0.13020833333333334 0.09166666666666666
1 0.37135416666666665 0.15208333333333332 0.13020833333333334 0.08333333333333333
