0 0.3140625 0.20208333333333334 0.090625 0.17708333333333334
0 0.471875 0.21302083333333333 0.1625 0.084375
0 0.7265625 0.22239583333333332 0.16145833333333334 0.09895833333333333
0 0.6541666666666667 0.3255208333333333 0.14375 0.13645833333333332
0 0.7401041666666667 0.5911458333333334 0.090625 0.165625
0 0.7385416666666667 0.8229166666666666 0.10625 0.16041666666666665
0 0.47812499999999997 0.6588541666666666 0.09166666666666666 0.13645833333333332
0 0.5734375 0.4739583333333333 0.08854166666666667 0.16875
0 0.3927083333333333 0.875 0.12083333333333333 0.17708333333333334
0 0.26875 0.7578125 0.1 0.18645833333333334
0 0.35052083333333334 0.5505208333333333 0.14270833333333333 0.16145833333333334
0 0.14427083333333332 0.5859375 0.103125 0.18229166666666666
0 0.4 0.34322916666666664 0.17708333333333334 0.096875
1 0.17083333333333334 0.37604166666666666 0.12708333333333333 0.0875
0 0.565625 0.7895833333333333 0.13958333333333334 0.14375
1 0.8020833333333334 0.4088541666666667 0.08541666666666667 0.10104166666666667
1 0.5791666666666666 0.14947916666666666 0.10416666666666667 0.10729166666666666
