0 0.41875 0.22708333333333333 0.08194444444444444 0.13125
0 0.7770833333333333 0.2875 0.14583333333333334 0.07708333333333334
0 0.7777777777777778 0.5 0.08055555555555556 0.13541666666666666
0 0.6006944444444444 0.38229166666666664 0.1486111111111111 0.07916666666666666
0 0.5729166666666667 0.5041666666666667 0.12361111111111112 0.08958333333333333
0 0.40972222222222227 0.4515625 0.13055555555555556 0.10520833333333333
0 0.31180555555555556 0.3520833333333333 0.14583333333333334 0.07708333333333334
0 0.5409722222222222 0.7703125 0.11805555555555557 0.11979166666666667
0 0.22222222222222224 0.6640625 0.1638888888888889 0.11145833333333333
1 0.3763888888888889 0.5911458333333334 0.08333333333333334 0.08229166666666667
1 0.6895833333333333 0.6385416666666667 0.07361111111111111 0.06458333333333333
1 0.6256944444444444 0.265625 0.08750000000000001 0.07708333333333334
