1 0.6286458333333333 0.265625 0.103125 0.0875
1 0.8010416666666667 0.721875 0.1 0.10208333333333333
1 0.5177083333333333 0.4953125 0.09375 0.10729166666666666
0 0.76875 0.24791666666666667 0.13541666666666666 0.15625
0 0.7895833333333333 0.45416666666666666 0.09375 0.18333333333333332
0 0.6177083333333333 0.60625 0.10625 0.17916666666666667
0 0.4895833333333333 0.784375 0.15 0.16041666666666665
0 0.38177083333333334 0.6463541666666667 0.165625 0.11145833333333333
0 0.24635416666666665 0.7661458333333333 0.21979166666666666 0.11979166666666667
0 0.18489583333333334 0.5604166666666667 0.184375 0.12083333333333333
0 0.41822916666666665 0.4005208333333333 0.171875 0.11145833333333333
0 0.21770833333333334 0.35520833333333335 0.19791666666666666 0.09166666666666666
0 0.29375 0.2046875 0.14791666666666667 0.12395833333333334
0 0.46822916666666664 0.20416666666666666 0.09270833333333334 0.19166666666666665
