0 0.3223958333333333 0.26197916666666665 0.14479166666666665 0.14895833333333333
0 0.45677083333333335 0.16666666666666666 0.11979166666666667 0.19791666666666666
0 0.6369791666666667 0.14375 0.134375 0.18958333333333333
0 0.7895833333333333 0.14791666666666667 0.16875 0.14166666666666666
0 0.809375 0.4583333333333333 0.1 0.20208333333333334
0 0.6234375 0.47291666666666665 0.14270833333333333 0.16666666666666666
0 0.6838541666666667 0.6760416666666667 0.146875 0.18125
0 0.60625 0.8895833333333333 0.17291666666666666 0.17916666666666667
0 0.20833333333333334 0.796875 0.14166666666666666 0.20625
0 0.2 0.5609375 0.20416666666666666 0.10729166666666666
0 0.38177083333333334 0.4869791666666667 0.11562499999999999 0.203125
1 0.5380208333333333 0.3385416666666667 0.128125 0.07916666666666666
1 0.48125 0.7 0.13958333333333334 0.125
1 0.9104166666666667 0.5927083333333333 0.10625 0.13333333333333333
