1 0.45677083333333335 0.2734375 0.10729166666666666 0.06770833333333333
1 0.284375 0.4713541666666667 0.11041666666666666 0.096875
1 0.47760416666666666 0.4770833333333333 0.08229166666666667 0.09375
1 0.6338541666666666 0.43072916666666666 0.090625 0.078125
1 0.8328125 0.3098958333333333 0.09270833333333334 0.06979166666666667
0 0.8890625 0.39947916666666666 0.134375 0.121875
0 0.8026041666666667 0.5270833333333333 0.17604166666666665 0.09375
0 0.7135416666666666 0.5973958333333333 0.12291666666666666 0.165625
0 0.6088541666666667 0.709375 0.08854166666666667 0.17916666666666667
0 0.4770833333333333 0.7515625 0.08125 0.203125
0 0.42291666666666666 0.9130208333333333 0.12291666666666666 0.17395833333333333
0 0.3078125 0.7390625 0.08854166666666667 0.196875
0 0.4609375 0.5817708333333333 0.165625 0.10520833333333333
0 0.7588541666666666 0.2359375 0.134375 0.11145833333333333
0 0.5942708333333333 0.26510416666666664 0.12604166666666666 0.15104166666666666
0 0.6401041666666667 0.12760416666666666 0.16354166666666667 0.09895833333333333
0 0.45625 0.1140625 0.09375 0.171875
0 0.2973958333333333 0.1609375 0.14895833333333333 0.134375
0 0.3546875 0.3598958333333333 0.18020833333333333 0.10520833333333333
0 0.15989583333333332 0.26197916666666665 0.16770833333333332 0.090625
0 0.12552083333333333 0.41822916666666665 0.16979166666666667 0.10104166666666667
0 0.12083333333333333 0.5869791666666666 0.18958333333333333 0.10520833333333333
0 0.18645833333333334 0.7708333333333334 0.11041666666666666 0.19583333333333333
