1 0.5619791666666667 0.12239583333333333 0.10104166666666667 0.090625
1 0.7052083333333333 0.5046875 0.11458333333333333 0.10104166666666667
1 0.3052083333333333 0.6427083333333333 0.10833333333333334 0.11666666666666667
0 0.875 0.346875 0.13333333333333333 0.14375
0 0.9088541666666666 0.5578125 0.15729166666666666 0.13645833333333332
0 0.6947916666666667 0.240625 0.12916666666666665 0.13541666666666666
0 0.6979166666666666 0.4041666666666667 0.14375 0.10625
0 0.6911458333333333 0.66875 0.15729166666666666 0.14375
0 0.5791666666666666 0.859375 0.1 0.18958333333333333
0 0.525 0.6125 0.17083333333333334 0.125
0 0.40989583333333335 0.8255208333333334 0.10104166666666667 0.18645833333333334
0 0.4192708333333333 0.4713541666666667 0.17604166666666665 0.078125
0 0.4692708333333333 0.3703125 0.16979166666666667 0.11354166666666667
0 0.5604166666666667 0.2515625 0.16666666666666666 0.09895833333333333
0 0.25729166666666664 0.22239583333333332 0.16875 0.08020833333333333
0 0.24687499999999998 0.4161458333333333 0.09791666666666667 0.159375
0 0.12291666666666666 0.65625 0.16875 0.08958333333333333
