0 0.3328125 0.26510416666666664 0.121875 0.16145833333333334
0 0.5354166666666667 0.19947916666666665 0.20416666666666666 0.09270833333333334
0 0.6963541666666666 0.2973958333333333 0.17604166666666665 0.10729166666666666
0 0.8286458333333333 0.3723958333333333 0.15729166666666666 0.15104166666666666
0 0.70625 0.5770833333333333 0.17291666666666666 0.11875
0 0.8375 0.7244791666666667 0.12916666666666665 0.165625
0 0.5536458333333333 0.5395833333333333 0.11770833333333333 0.16666666666666666
0 0.6203125 0.8520833333333333 0.18854166666666666 0.1
0 0.4671875 0.7838541666666666 0.20729166666666665 0.109375
0 0.33177083333333335 0.6776041666666667 0.196875 0.109375
0 0.17291666666666666 0.584375 0.2 0.09375
0 0.27291666666666664 0.42916666666666664 0.1375 0.15208333333333332
1 0.44895833333333335 0.45677083333333335 0.11458333333333333 0.11145833333333333
