0 0.6020833333333333 0.09375 0.11666666666666667 0.14166666666666666
0 0.821875 0.321875 0.13958333333333334 0.13333333333333333
0 0.8541666666666666 0.6770833333333334 0.13125 0.15
0 0.7203125 0.46822916666666664 0.16354166666666667 0.11354166666666667
0 0.6026041666666666 0.6223958333333334 0.08229166666666667 0.203125
0 0.66875 0.796875 0.10416666666666667 0.18125
0 0.42135416666666664 0.9125 0.165625 0.12291666666666666
0 0.10052083333333334 0.8838541666666666 0.09895833333333333 0.19479166666666667
0 0.1328125 0.659375 0.09895833333333333 0.16458333333333333
0 0.2625 0.76875 0.09583333333333333 0.19791666666666666
0 0.23854166666666665 0.5020833333333333 0.10833333333333334 0.13541666666666666
0 0.42864583333333334 0.525 0.178125 0.09583333333333333
0 0.37916666666666665 0.3442708333333333 0.0875 0.16979166666666667
0 0.48333333333333334 0.221875 0.18125 0.09791666666666667
1 0.58125 0.35833333333333334 0.10208333333333333 0.10833333333333334
1 0.7395833333333334 0.13958333333333334 0.08541666666666667 0.12708333333333333
1 0.4588541666666667 0.7208333333333333 0.10104166666666667 0.10833333333333334
