0 0.10260416666666666 0.31927083333333334 0.13229166666666667 0.184375
0 0.3536458333333333 0.1375 0.10729166666666666 0.20625
0 0.6479166666666667 0.09322916666666667 0.21041666666666667 0.11354166666666667
0 0.8572916666666667 0.20677083333333332 0.14583333333333334 0.21145833333333333
0 0.56875 0.32135416666666666 0.15625 0.16354166666666667
0 0.3854166666666667 0.3729166666666667 0.11041666666666666 0.18541666666666667
0 0.590625 0.571875 0.19166666666666665 0.12916666666666665
0 0.7020833333333333 0.7901041666666666 0.1625 0.14895833333333333
0 0.5458333333333333 0.853125 0.17708333333333334 0.14375
0 0.35833333333333334 0.8953125 0.12916666666666665 0.184375
0 0.18958333333333333 0.7994791666666666 0.13125 0.19270833333333334
0 0.3677083333333333 0.6213541666666667 0.16041666666666665 0.12604166666666666
1 0.2328125 0.496875 0.11145833333333333 0.09166666666666666
1 0.7427083333333333 0.40260416666666665 0.09791666666666667 0.08229166666666667
1 0.8567708333333334 0.42864583333333334 0.11979166666666667 0.11145833333333333
1 0.8869791666666667 0.6541666666666667 0.096875 0.11041666666666666
