1 0.6104166666666666 0.20989583333333334 0.13333333333333333 0.084375
1 0.20781249999999998 0.40989583333333335 0.103125 0.10104166666666667
1 0.3911458333333333 0.5734375 0.09479166666666666 0.134375
1 0.3848958333333333 0.8958333333333334 0.103125 0.1125
0 0.8364583333333333 0.3677083333333333 0.11458333333333333 0.19583333333333333
0 0.728125 0.51875 0.10208333333333333 0.19166666666666665
0 0.7614583333333333 0.7442708333333333 0.1125 0.209375
0 0.55 0.8156249999999999 0.1 0.19791666666666666
0 0.5583333333333333 0.4947916666666667 0.12708333333333333 0.18541666666666667
0 0.37447916666666664 0.3536458333333333 0.196875 0.12395833333333334
0 0.35885416666666664 0.13333333333333333 0.19479166666666667 0.14166666666666666
0 0.13385416666666666 0.5921875 0.18854166666666666 0.12604166666666666
0 0.1953125 0.8296875 0.128125 0.20729166666666665
