0 0.27760416666666665 0.24427083333333333 0.159375 0.171875
0 0.5078125 0.18072916666666666 0.15729166666666666 0.16770833333333332
0 0.6973958333333333 0.22552083333333334 0.20104166666666667 0.08229166666666667
0 0.8572916666666667 0.4197916666666667 0.13125 0.19583333333333333
0 0.7260416666666667 0.890625 0.1125 0.17916666666666667
0 0.3890625 0.9114583333333334 0.18854166666666666 0.1125
0 0.46510416666666665 0.628125 0.134375 0.16875
0 0.6088541666666667 0.41875 0.18229166666666666 0.12083333333333333
0 0.14947916666666666 0.47031249999999997 0.178125 0.14270833333333333
1 0.17135416666666667 0.7276041666666666 0.11770833333333333 0.11145833333333333
1 0.44687499999999997 0.39375 0.08125 0.14166666666666666
1 0.6270833333333333 0.6916666666666667 0.13125 0.12291666666666666
1 0.8442708333333333 0.6510416666666666 0.10520833333333333 0.12291666666666666
