1 0.8947916666666667 0.5822916666666667 0.10208333333333333 0.09375
1 0.734375 0.7057291666666666 0.12708333333333333 0.12395833333333334
1 0.4510416666666667 0.4927083333333333 0.11875 0.075
0 0.6104166666666666 0.08958333333333333 0.17708333333333334 0.11041666666666666
0 0.9171874999999999 0.3911458333333333 0.134375 0.13645833333333332
0 0.7661458333333333 0.3734375 0.09270833333333334 0.16979166666666667
1 0.7473958333333334 0.21614583333333334 0.14895833333333333 0.11562499999999999
0 0.5526041666666667 0.30052083333333335 0.17604166666666665 0.11145833333333333
0 0.6505208333333333 0.4510416666666667 0.10104166666666667 0.17708333333333334
0 0.5786458333333333 0.6020833333333333 0.12395833333333334 0.1625
0 0.4848958333333333 0.6947916666666667 0.14479166666666665 0.11458333333333333
0 0.565625 0.9088541666666666 0.17291666666666666 0.12604166666666666
0 0.37916666666666665 0.8828125 0.18125 0.090625
0 0.29583333333333334 0.6755208333333333 0.11875 0.15520833333333334
1 0.22708333333333333 0.4953125 0.13958333333333334 0.12604166666666666
0 0.371875 0.37395833333333334 0.13333333333333333 0.17291666666666666
0 0.28020833333333334 0.1671875 0.18125 0.12395833333333334
0 0.19791666666666666 0.34739583333333335 0.14166666666666666 0.16354166666666667
0 0.078125 0.5265625 0.1375 0.16979166666666667
0 0.090625 0.7182291666666667 0.17291666666666666 0.13854166666666667
0 0.18854166666666666 0.8651041666666667 0.12083333333333333 0.17604166666666665
