1 0.3078125 0.09427083333333333 0.10729166666666666 0.09270833333333334
1 0.840625 0.5083333333333333 0.10833333333333334 0.08125
1 0.7197916666666666 0.8489583333333334 0.11041666666666666 0.08958333333333333
1 0.39791666666666664 0.9265625 0.08958333333333333 0.09479166666666666
1 0.328125 0.5583333333333333 0.1 0.14166666666666666
0 0.5598958333333334 0.20364583333333333 0.18645833333333334 0.10104166666666667
0 0.7182291666666667 0.30625 0.16145833333333334 0.13125
0 0.6625 0.5989583333333334 0.10208333333333333 0.17291666666666666
0 0.4635416666666667 0.6838541666666667 0.19791666666666666 0.11979166666666667
0 0.3885416666666667 0.3484375 0.09791666666666667 0.18645833333333334
0 0.11614583333333334 0.32760416666666664 0.10729166666666666 0.18645833333333334
0 0.14583333333333334 0.7265625 0.09583333333333333 0.21979166666666666
