1 0.6588541666666666 0.23958333333333334 0.09479166666666666 0.11875
1 0.8765625 0.4223958333333333 0.109375 0.09479166666666666
1 0.47031249999999997 0.26458333333333334 0.11145833333333333 0.10416666666666667
1 0.47760416666666666 0.509375 0.109375 0.075
1 0.10208333333333333 0.5729166666666666 0.10416666666666667 0.12291666666666666
0 0.5838541666666667 0.09114583333333333 0.10729166666666666 0.159375
0 0.690625 0.4171875 0.17291666666666666 0.121875
0 0.7661458333333333 0.596875 0.196875 0.11041666666666666
0 0.8 0.7807291666666667 0.18333333333333332 0.159375
0 0.6270833333333333 0.8838541666666666 0.19791666666666666 0.11979166666666667
0 0.46041666666666664 0.6479166666666667 0.13958333333333334 0.11666666666666667
0 0.39010416666666664 0.8572916666666667 0.16354166666666667 0.17916666666666667
0 0.29375 0.734375 0.21666666666666667 0.09791666666666667
0 0.2947916666666667 0.5010416666666666 0.13125 0.16666666666666666
0 0.3692708333333333 0.19010416666666666 0.09479166666666666 0.19270833333333334
0 0.21145833333333333 0.3140625 0.14791666666666667 0.14270833333333333
