0 0.26666666666666666 0.159375 0.14791666666666667 0.13541666666666666
0 0.13333333333333333 0.3572916666666667 0.17708333333333334 0.12708333333333333
0 0.3296875 0.384375 0.09479166666666666 0.15625
0 0.4354166666666667 0.2140625 0.15833333333333333 0.12604166666666666
0 0.2203125 0.5 0.21562499999999998 0.09791666666666667
0 0.40989583333333335 0.5432291666666667 0.08854166666666667 0.16979166666666667
0 0.5239583333333333 0.6484375 0.19583333333333333 0.11979166666666667
0 0.5286458333333334 0.8484375 0.09479166666666666 0.196875
0 0.7171875 0.7145833333333333 0.203125 0.1
0 0.9140625 0.5921875 0.12395833333333334 0.15520833333333334
0 0.828125 0.28802083333333334 0.1375 0.159375
0 0.6265625 0.28489583333333335 0.165625 0.10104166666666667
0 0.5546875 0.42864583333333334 0.11354166666666667 0.16354166666666667
1 0.615625 0.16041666666666665 0.09166666666666666 0.08958333333333333
1 0.7619791666666667 0.4536458333333333 0.08645833333333333 0.121875
1 0.29635416666666664 0.7046875 0.14270833333333333 0.13645833333333332
