0 0.4713541666666667 0.10416666666666667 0.15104166666666666 0.16041666666666665
0 0.5817708333333333 0.203125 0.128125 0.14166666666666666
0 0.7901041666666666 0.20833333333333334 0.10729166666666666 0.19583333333333333
0 0.7588541666666666 0.4609375 0.146875 0.159375
0 0.7838541666666666 0.6494791666666666 0.11979166666666667 0.153125
0 0.7229166666666667 0.8375 0.19583333333333333 0.10625
0 0.5244791666666666 0.7703125 0.16145833333333334 0.121875
0 0.5619791666666667 0.5255208333333333 0.09895833333333333 0.18020833333333333
0 0.4588541666666667 0.38385416666666666 0.16354166666666667 0.11145833333333333
0 0.27447916666666666 0.22083333333333333 0.17604166666666665 0.14583333333333334
0 0.17864583333333334 0.5619791666666667 0.19270833333333334 0.11145833333333333
0 0.19479166666666667 0.8604166666666666 0.18958333333333333 0.17916666666666667
0 0.4015625 0.6432291666666666 0.140625 0.17395833333333333
1 0.3953125 0.9203125 0.12395833333333334 0.13229166666666667
1 0.90625 0.43072916666666666 0.12291666666666666 0.10520833333333333
1 0.08177083333333333 0.39010416666666664 0.11145833333333333 0.11354166666666667
