0 0.3203125 0.09739583333333333 0.121875 0.18229166666666666
0 0.49166666666666664 0.13541666666666666 0.13125 0.14583333333333334
0 0.7635416666666667 0.11770833333333333 0.175 0.11875
0 0.8604166666666666 0.3385416666666667 0.10416666666666667 0.17083333333333334
0 0.6671875 0.30052083333333335 0.103125 0.18854166666666666
0 0.7619791666666667 0.5307291666666667 0.109375 0.178125
0 0.48854166666666665 0.37135416666666665 0.125 0.18020833333333333
0 0.29270833333333335 0.3494791666666667 0.14166666666666666 0.18645833333333334
0 0.14427083333333332 0.50625 0.21145833333333333 0.09166666666666666
0 0.2583333333333333 0.6661458333333333 0.1375 0.19270833333333334
0 0.26458333333333334 0.8875 0.18333333333333332 0.14583333333333334
0 0.47552083333333334 0.9401041666666666 0.20104166666666667 0.09895833333333333
0 0.6776041666666667 0.8380208333333333 0.14270833333333333 0.21562499999999998
0 0.5125 0.6989583333333333 0.15625 0.13333333333333333
1 0.5916666666666667 0.5182291666666666 0.11875 0.10520833333333333
