1 0.23020833333333332 0.41562499999999997 0.09583333333333333 0.0875
1 0.5890625 0.14739583333333334 0.10729166666666666 0.09270833333333334
1 0.53125 0.9109375 0.10833333333333334 0.103125
0 0.7713541666666667 0.24947916666666667 0.10520833333333333 0.14895833333333333
0 0.7807291666666667 0.5755208333333334 0.16770833333333332 0.11562499999999999
0 0.8192708333333333 0.8255208333333334 0.08645833333333333 0.209375
0 0.628125 0.7479166666666667 0.19791666666666666 0.09375
0 0.6739583333333333 0.4239583333333333 0.175 0.09375
0 0.5520833333333334 0.55 0.13958333333333334 0.15208333333333332
0 0.5552083333333333 0.35052083333333334 0.09166666666666666 0.196875
0 0.4265625 0.1953125 0.15520833333333334 0.09895833333333333
0 0.4359375 0.41041666666666665 0.109375 0.18125
0 0.20625 0.26875 0.10625 0.16875
0 0.13802083333333334 0.5119791666666667 0.109375 0.140625
0 0.3223958333333333 0.5026041666666666 0.09479166666666666 0.17395833333333333
0 0.41510416666666666 0.7109375 0.13645833333333332 0.153125
0 0.20781249999999998 0.7125 0.171875 0.11041666666666666
0 0.29791666666666666 0.9041666666666667 0.13958333333333334 0.1625
