0 0.44166666666666665 0.13541666666666666 0.13125 0.1375
0 0.50625 0.2869791666666667 0.16041666666666665 0.128125
0 0.7234375 0.22239583333333332 0.16979166666666667 0.09270833333333334
0 0.2015625 0.4015625 0.13645833333333332 0.13229166666666667
0 0.3536458333333333 0.4041666666666667 0.11979166666666667 0.17083333333333334
0 0.6270833333333333 0.34270833333333334 0.14166666666666666 0.1375
0 0.20625 0.6395833333333333 0.16666666666666666 0.14583333333333334
0 0.5302083333333333 0.6036458333333333 0.12708333333333333 0.17395833333333333
0 0.6505208333333333 0.5119791666666667 0.09479166666666666 0.18854166666666666
0 0.42343749999999997 0.8510416666666667 0.09895833333333333 0.20625
0 0.7557291666666667 0.7552083333333334 0.16145833333333334 0.14375
0 0.8791666666666667 0.5729166666666666 0.15625 0.10416666666666667
1 0.8239583333333333 0.37864583333333335 0.12291666666666666 0.096875
