0 0.20364583333333333 0.23177083333333334 0.140625 0.14479166666666665
0 0.4203125 0.2989583333333333 0.09270833333333334 0.17708333333333334
0 0.5453125 0.2453125 0.10729166666666666 0.17395833333333333
0 0.71875 0.18697916666666667 0.09583333333333333 0.19270833333333334
0 0.7286458333333333 0.37604166666666666 0.14479166666666665 0.1375
0 0.8671875 0.49635416666666665 0.17395833333333333 0.08645833333333333
0 0.8348958333333333 0.7125 0.11770833333333333 0.20208333333333334
0 0.6552083333333333 0.7614583333333333 0.18333333333333332 0.11458333333333333
0 0.5578125 0.5609375 0.109375 0.18020833333333333
0 0.45416666666666666 0.5072916666666667 0.08333333333333333 0.16458333333333333
0 0.18697916666666667 0.49322916666666666 0.14895833333333333 0.14895833333333333
0 0.20260416666666667 0.7958333333333333 0.16979166666666667 0.13125
0 0.4666666666666667 0.8640625 0.19166666666666665 0.11770833333333333
1 0.6979166666666666 0.5994791666666667 0.09791666666666667 0.09270833333333334
1 0.3098958333333333 0.6171875 0.103125 0.10104166666666667
