0 0.15885416666666666 0.31875 0.159375 0.12916666666666665
0 0.3619791666666667 0.12083333333333333 0.10729166666666666 0.19166666666666665
0 0.5734375 0.08385416666666666 0.190625 0.10729166666666666
0 0.4578125 0.3182291666666667 0.09270833333333334 0.203125
0 0.7828125 0.3307291666666667 0.16770833333333332 0.08645833333333333
0 0.8604166666666666 0.4557291666666667 0.15416666666666667 0.121875
0 0.6838541666666667 0.5828125 0.10729166666666666 0.16145833333333334
0 0.7307291666666667 0.6916666666666667 0.16770833333333332 0.10208333333333333
0 0.5588541666666667 0.8078124999999999 0.15729166666666666 0.134375
0 0.4223958333333333 0.9338541666666667 0.165625 0.10729166666666666
0 0.40208333333333335 0.6505208333333333 0.175 0.11562499999999999
0 0.24322916666666666 0.6333333333333333 0.08645833333333333 0.16041666666666665
1 0.30416666666666664 0.47291666666666665 0.11875 0.08333333333333333
1 0.5005208333333333 0.5151041666666667 0.09270833333333334 0.08854166666666667
1 0.6453125 0.4317708333333333 0.09270833333333334 0.08020833333333333
1 0.6755208333333333 0.21822916666666667 0.10729166666666666 0.11145833333333333
1 0.3140625 0.775 0.09895833333333333 0.09375
