1 0.4083333333333333 0.14479166666666665 0.11875 0.08333333333333333
1 0.7942708333333334 0.36666666666666664 0.103125 0.11666666666666667
1 0.4380208333333333 0.6197916666666666 0.11562499999999999 0.0875
1 0.2760416666666667 0.890625 0.13125 0.09375
1 0.8041666666666667 0.7942708333333334 0.08541666666666667 0.10520833333333333
0 0.4166666666666667 0.3546875 0.10833333333333334 0.15520833333333334
0 0.2453125 0.328125 0.12395833333333334 0.175
0 0.2947916666666667 0.5411458333333333 0.2 0.109375
0 0.6947916666666667 0.16875 0.20208333333333334 0.10208333333333333
0 0.5890625 0.2557291666666667 0.16354166666666667 0.11770833333333333
0 0.5625 0.4578125 0.13541666666666666 0.17604166666666665
0 0.7078125 0.5979166666666667 0.178125 0.12083333333333333
0 0.9057291666666667 0.6244791666666667 0.10729166666666666 0.18645833333333334
0 0.6276041666666666 0.8328125 0.14479166666666665 0.153125
0 0.40989583333333335 0.7864583333333334 0.19895833333333332 0.10833333333333334
0 0.18541666666666667 0.6708333333333333 0.17916666666666667 0.12708333333333333
