1 0.4713541666666667 0.2833333333333333 0.11145833333333333 0.11666666666666667
1 0.8161458333333333 0.6640625 0.09479166666666666 0.11145833333333333
0 0.8526041666666666 0.38645833333333335 0.16145833333333334 0.125
0 0.7296875 0.4630208333333333 0.09270833333333334 0.18229166666666666
0 0.7072916666666667 0.2677083333333333 0.10625 0.15833333333333333
0 0.6072916666666667 0.15520833333333334 0.11666666666666667 0.14583333333333334
0 0.4609375 0.14375 0.17604166666666665 0.0875
0 0.25104166666666666 0.21458333333333332 0.13125 0.14791666666666667
0 0.3729166666666667 0.35104166666666664 0.13958333333333334 0.125
0 0.540625 0.459375 0.09166666666666666 0.18541666666666667
0 0.6166666666666667 0.6635416666666667 0.09166666666666666 0.17083333333333334
0 0.7026041666666667 0.8369791666666666 0.17604166666666665 0.15104166666666666
0 0.484375 0.8802083333333334 0.1375 0.17916666666666667
0 0.4557291666666667 0.7286458333333333 0.14895833333333333 0.12395833333333334
0 0.3609375 0.5677083333333334 0.178125 0.09375
0 0.26145833333333335 0.4276041666666667 0.1375 0.11770833333333333
0 0.12291666666666666 0.4348958333333333 0.14166666666666666 0.11562499999999999
0 0.190625 0.6333333333333333 0.09375 0.175
0 0.28072916666666664 0.7942708333333334 0.12604166666666666 0.17395833333333333
