0 0.2598958333333333 0.2140625 0.08854166666666667 0.21354166666666666
0 0.55 0.203125 0.14791666666666667 0.14375
0 0.228125 0.4458333333333333 0.16875 0.08541666666666667
0 0.10781249999999999 0.5328125 0.153125 0.12604166666666666
0 0.5463541666666667 0.4588541666666667 0.196875 0.08229166666666667
0 0.7427083333333333 0.35572916666666665 0.14583333333333334 0.14270833333333333
0 0.8979166666666667 0.31197916666666664 0.10208333333333333 0.17395833333333333
0 0.8223958333333333 0.6645833333333333 0.14895833333333333 0.1125
0 0.7020833333333333 0.8223958333333333 0.15208333333333332 0.11979166666666667
0 0.3885416666666667 0.6390625 0.16041666666666665 0.10520833333333333
0 0.49635416666666665 0.8911458333333333 0.10729166666666666 0.140625
0 0.296875 0.8614583333333333 0.14166666666666666 0.12291666666666666
1 0.40729166666666666 0.21302083333333333 0.09375 0.11145833333333333
1 0.7692708333333333 0.13020833333333334 0.15729166666666666 0.1
1 0.8395833333333333 0.4979166666666667 0.10416666666666667 0.08125
1 0.5770833333333333 0.6677083333333333 0.09583333333333333 0.07708333333333334
1 0.159375 0.73125 0.1 0.0875
