0 0.27760416666666665 0.14791666666666667 0.121875 0.16875
0 0.5583333333333333 0.10520833333333333 0.11875 0.17708333333333334
0 0.7354166666666666 0.20989583333333334 0.10625 0.15520833333333334
0 0.8072916666666666 0.3489583333333333 0.1 0.17708333333333334
0 0.8135416666666666 0.5359375 0.18125 0.10520833333333333
0 0.8088541666666667 0.7072916666666667 0.19270833333333334 0.09166666666666666
0 0.665625 0.6348958333333333 0.11875 0.16979166666666667
0 0.5604166666666667 0.7942708333333334 0.12916666666666665 0.18229166666666666
0 0.5270833333333333 0.5671875 0.10416666666666667 0.18645833333333334
0 0.6171875 0.38385416666666666 0.11979166666666667 0.15104166666666666
0 0.37395833333333334 0.5921875 0.1625 0.121875
0 0.4088541666666667 0.9046875 0.190625 0.10729166666666666
0 0.25677083333333334 0.7671875 0.153125 0.165625
0 0.390625 0.29010416666666666 0.11458333333333333 0.16979166666666667
0 0.13958333333333334 0.3536458333333333 0.1375 0.16145833333333334
0 0.1484375 0.5302083333333333 0.16770833333333332 0.11666666666666667
1 0.4734375 0.39739583333333334 0.090625 0.09270833333333334
