1 0.20208333333333334 0.32916666666666666 0.10833333333333334 0.07916666666666666
1 0.35104166666666664 0.546875 0.08958333333333333 0.08541666666666667
1 0.5109375 0.6302083333333334 0.11979166666666667 0.07708333333333334
1 0.6765625 0.575 0.08229166666666667 0.09166666666666666
0 0.26666666666666666 0.17864583333333334 0.15833333333333333 0.090625
0 0.4692708333333333 0.1203125 0.11354166666666667 0.159375
0 0.6041666666666666 0.15729166666666666 0.09375 0.15625
0 0.7223958333333333 0.3171875 0.140625 0.090625
0 0.8328125 0.4552083333333333 0.12395833333333334 0.11458333333333333
0 0.8510416666666667 0.7276041666666666 0.15 0.10729166666666666
0 0.6067708333333334 0.7671875 0.16354166666666667 0.096875
0 0.5447916666666667 0.4817708333333333 0.08125 0.15520833333333334
0 0.5604166666666667 0.32760416666666664 0.15 0.11562499999999999
0 0.42604166666666665 0.290625 0.14375 0.12916666666666665
0 0.42083333333333334 0.43697916666666664 0.15625 0.084375
0 0.18385416666666665 0.5942708333333333 0.13854166666666667 0.153125
0 0.37916666666666665 0.7026041666666667 0.09583333333333333 0.16979166666666667
0 0.4515625 0.8567708333333334 0.10104166666666667 0.16354166666666667
0 0.2682291666666667 0.8489583333333334 0.128125 0.17083333333333334
