0 0.66875 0.165625 0.08541666666666667 0.19375
0 0.69375 0.32708333333333334 0.19166666666666665 0.08958333333333333
0 0.5145833333333333 0.396875 0.18333333333333332 0.09375
0 0.6609375 0.6234375 0.10520833333333333 0.17395833333333333
0 0.5328125 0.16822916666666665 0.184375 0.090625
1 0.709375 0.45260416666666664 0.14583333333333334 0.09895833333333333
0 0.36354166666666665 0.2526041666666667 0.16875 0.09270833333333334
0 0.3364583333333333 0.4421875 0.11458333333333333 0.171875
0 0.18697916666666667 0.5135416666666667 0.190625 0.125
0 0.3333333333333333 0.6515625 0.17083333333333334 0.096875
0 0.3463541666666667 0.7822916666666666 0.21354166666666666 0.10416666666666667
0 0.12343749999999999 0.7869791666666667 0.15729166666666666 0.17395833333333333
1 0.25 0.19114583333333332 0.12916666666666665 0.10104166666666667
1 0.8567708333333334 0.23645833333333333 0.08229166666666667 0.15416666666666667
1 0.9036458333333334 0.4666666666666667 0.13645833333333332 0.0875
1 0.490625 0.534375 0.13541666666666666 0.08541666666666667
1 0.496875 0.7166666666666667 0.07708333333333334 0.08541666666666667
