0 0.390625 0.14739583333333334 0.15625 0.12604166666666666
1 0.4947916666666667 0.39479166666666665 0.07916666666666666 0.10625
0 0.2989583333333333 0.33697916666666666 0.14375 0.13229166666666667
0 0.20416666666666666 0.49322916666666666 0.17708333333333334 0.090625
0 0.3765625 0.5182291666666666 0.09895833333333333 0.16979166666666667
0 0.5864583333333333 0.19791666666666666 0.13125 0.15833333333333333
0 0.728125 0.29375 0.15833333333333333 0.10625
0 0.709375 0.43854166666666666 0.10208333333333333 0.15625
1 0.2640625 0.646875 0.13020833333333334 0.13333333333333333
0 0.5505208333333333 0.5770833333333333 0.109375 0.17708333333333334
0 0.7473958333333334 0.5963541666666666 0.18229166666666666 0.11770833333333333
0 0.7708333333333334 0.7713541666666667 0.1875 0.159375
0 0.6140625 0.8807291666666667 0.16770833333333332 0.153125
0 0.49322916666666666 0.7734375 0.09479166666666666 0.20729166666666665
0 0.38385416666666666 0.8666666666666667 0.09479166666666666 0.2
