1 0.4708333333333333 0.3572916666666667 0.1 0.1125
1 0.76875 0.4239583333333333 0.11666666666666667 0.08958333333333333
1 0.7895833333333333 0.6458333333333334 0.10208333333333333 0.11041666666666666
1 0.4979166666666667 0.8927083333333333 0.125 0.09375
0 0.7911458333333333 0.1921875 0.10104166666666667 0.196875
0 0.8984375 0.4145833333333333 0.10520833333333333 0.17708333333333334
0 0.6489583333333333 0.496875 0.13958333333333334 0.14791666666666667
0 0.6026041666666666 0.3046875 0.10520833333333333 0.15520833333333334
0 0.5104166666666666 0.11979166666666667 0.15416666666666667 0.15416666666666667
0 0.35520833333333335 0.20781249999999998 0.17708333333333334 0.11562499999999999
0 0.3234375 0.3234375 0.178125 0.10520833333333333
0 0.2604166666666667 0.46822916666666664 0.17291666666666666 0.090625
0 0.4770833333333333 0.5046875 0.0875 0.178125
0 0.2453125 0.6 0.15729166666666666 0.12708333333333333
0 0.36666666666666664 0.7041666666666666 0.13125 0.15625
0 0.49947916666666664 0.7119791666666666 0.11979166666666667 0.18854166666666666
0 0.6572916666666666 0.7645833333333333 0.09375 0.19583333333333333
0 0.19739583333333333 0.890625 0.18645833333333334 0.12083333333333333
