0 0.42343749999999997 0.13229166666666667 0.090625 0.17916666666666667
0 0.18489583333333334 0.23020833333333332 0.178125 0.10833333333333334
0 0.10885416666666667 0.6651041666666666 0.14270833333333333 0.16770833333333332
0 0.19739583333333333 0.8604166666666666 0.128125 0.1875
0 0.4458333333333333 0.8854166666666666 0.17708333333333334 0.13125
0 0.6338541666666666 0.7807291666666667 0.18854166666666666 0.13854166666666667
0 0.8213541666666666 0.5890625 0.08645833333333333 0.196875
0 0.6598958333333333 0.4114583333333333 0.165625 0.12916666666666665
0 0.7333333333333333 0.20989583333333334 0.10416666666666667 0.18020833333333333
0 0.4984375 0.31875 0.18229166666666666 0.08541666666666667
0 0.3536458333333333 0.39479166666666665 0.15104166666666666 0.14166666666666666
0 0.24010416666666667 0.5255208333333333 0.09895833333333333 0.18229166666666666
0 0.49114583333333334 0.5598958333333334 0.13229166666666667 0.165625
0 0.6463541666666667 0.5817708333333333 0.096875 0.165625
0 0.35572916666666665 0.7140625 0.15104166666666666 0.121875
