1 0.3598958333333333 0.2625 0.078125 0.0875
1 0.22760416666666666 0.8578125 0.128125 0.134375
1 0.6552083333333333 0.8765625 0.0875 0.10520833333333333
1 0.5348958333333333 0.7276041666666666 0.11354166666666667 0.10520833333333333
1 0.721875 0.16510416666666666 0.10625 0.09270833333333334
0 0.5578125 0.11979166666666667 0.16145833333333334 0.11875
0 0.8005208333333333 0.3223958333333333 0.128125 0.18854166666666666
0 0.8578125 0.5760416666666667 0.16979166666666667 0.1625
0 0.5265625 0.29375 0.153125 0.14791666666666667
0 0.6713541666666667 0.49322916666666666 0.15520833333333334 0.14270833333333333
0 0.6640625 0.6796875 0.16770833333333332 0.16354166666666667
0 0.4901041666666667 0.5421875 0.18020833333333333 0.134375
0 0.309375 0.4432291666666667 0.10416666666666667 0.21354166666666666
0 0.19791666666666666 0.32916666666666666 0.13333333333333333 0.15416666666666667
0 0.1625 0.5864583333333333 0.20625 0.10625
0 0.28229166666666666 0.6895833333333333 0.21666666666666667 0.1
0 0.35 0.896875 0.17291666666666666 0.18958333333333333
