0 0.14479166666666665 0.3 0.19375 0.14166666666666666
0 0.3015625 0.18125 0.10520833333333333 0.19166666666666665
0 0.565625 0.15520833333333334 0.14166666666666666 0.16875
0 0.7984375 0.359375 0.11562499999999999 0.1875
0 0.8 0.5322916666666666 0.17708333333333334 0.14166666666666666
0 0.6994791666666667 0.69375 0.19270833333333334 0.11458333333333333
0 0.6041666666666666 0.384375 0.14166666666666666 0.17708333333333334
0 0.41041666666666665 0.3848958333333333 0.17291666666666666 0.153125
0 0.2109375 0.4427083333333333 0.196875 0.09583333333333333
0 0.4119791666666667 0.6744791666666666 0.19895833333333332 0.12395833333333334
0 0.2421875 0.8161458333333333 0.21770833333333334 0.13854166666666667
1 0.14895833333333333 0.625 0.1125 0.13125
1 0.5864583333333333 0.5697916666666667 0.1125 0.11458333333333333
1 0.45208333333333334 0.9135416666666667 0.11666666666666667 0.12291666666666666
