0 0.3828125 0.11458333333333333 0.16354166666666667 0.125
0 0.68125 0.09895833333333333 0.17916666666666667 0.10208333333333333
0 0.8723958333333334 0.23333333333333334 0.19479166666666667 0.10416666666666667
0 0.8640625 0.484375 0.171875 0.14166666666666666
0 0.6885416666666666 0.3494791666666667 0.11875 0.19479166666666667
0 0.6682291666666667 0.8411458333333334 0.21145833333333333 0.11979166666666667
0 0.5083333333333333 0.66875 0.11875 0.21458333333333332
0 0.43124999999999997 0.5291666666666667 0.17708333333333334 0.1625
0 0.325 0.4088541666666667 0.18541666666666667 0.12395833333333334
0 0.11614583333333334 0.2552083333333333 0.11354166666666667 0.19791666666666666
0 0.11822916666666666 0.509375 0.18020833333333333 0.10416666666666667
0 0.29583333333333334 0.75 0.22916666666666666 0.10625
1 0.38958333333333334 0.8848958333333333 0.10833333333333334 0.11145833333333333
1 0.6963541666666666 0.6302083333333334 0.11979166666666667 0.11458333333333333
1 0.49322916666666666 0.3130208333333333 0.090625 0.11979166666666667
