0 0.60625 0.1609375 0.19583333333333333 0.09895833333333333
0 0.8078124999999999 0.22760416666666666 0.19895833333333332 0.09479166666666666
0 0.8640625 0.3640625 0.20104166666666667 0.09479166666666666
0 0.6489583333333333 0.39479166666666665 0.13333333333333333 0.16666666666666666
0 0.7953125 0.7010416666666667 0.13645833333333332 0.175
0 0.5447916666666667 0.8583333333333333 0.1625 0.175
0 0.4328125 0.6515625 0.13229166666666667 0.17395833333333333
0 0.40989583333333335 0.46875 0.21354166666666666 0.08333333333333333
0 0.21041666666666667 0.6463541666666667 0.1125 0.20729166666666665
0 0.29010416666666666 0.3692708333333333 0.159375 0.16770833333333332
0 0.3671875 0.13177083333333334 0.15104166666666666 0.16979166666666667
1 0.4848958333333333 0.3140625 0.10104166666666667 0.10104166666666667
1 0.8697916666666666 0.5151041666666667 0.11458333333333333 0.10729166666666666
1 0.5973958333333333 0.6005208333333333 0.12604166666666666 0.09479166666666666
1 0.278125 0.8859374999999999 0.1375 0.11145833333333333
