0 0.21927083333333333 0.08020833333333333 0.15104166666666666 0.12708333333333333
0 0.565625 0.11302083333333333 0.15 0.10104166666666667
0 0.43645833333333334 0.36875 0.175 0.09791666666666667
0 0.6489583333333333 0.3953125 0.12916666666666665 0.14479166666666665
0 0.7739583333333333 0.43697916666666664 0.15833333333333333 0.12604166666666666
0 0.8151041666666666 0.5802083333333333 0.14895833333333333 0.13541666666666666
0 0.7880208333333333 0.8244791666666667 0.128125 0.184375
0 0.4890625 0.9098958333333333 0.14270833333333333 0.16354166666666667
0 0.25625 0.8619791666666666 0.09166666666666666 0.19270833333333334
0 0.3515625 0.6421875 0.11562499999999999 0.13645833333333332
0 0.1765625 0.48072916666666665 0.184375 0.09479166666666666
0 0.17135416666666667 0.665625 0.165625 0.1125
1 0.17552083333333332 0.23229166666666667 0.09895833333333333 0.11458333333333333
1 0.3015625 0.20052083333333334 0.10729166666666666 0.06979166666666667
1 0.4630208333333333 0.22708333333333333 0.08854166666666667 0.06666666666666667
1 0.6890625 0.20520833333333333 0.090625 0.09583333333333333
1 0.15520833333333334 0.3692708333333333 0.125 0.10104166666666667
1 0.48385416666666664 0.7307291666666667 0.084375 0.11562499999999999
1 0.6598958333333333 0.6666666666666666 0.11145833333333333 0.09166666666666666
1 0.384375 0.4796875 0.10625 0.09270833333333334
1 0.5932291666666667 0.5140625 0.08645833333333333 0.09895833333333333
