1 0.40260416666666665 0.17239583333333333 0.08854166666666667 0.096875
1 0.6848958333333334 0.4161458333333333 0.109375 0.08229166666666667
1 0.6953125 0.7635416666666667 0.07395833333333333 0.1
0 0.6166666666666667 0.08333333333333333 0.12708333333333333 0.11666666666666667
0 0.7223958333333333 0.25729166666666664 0.15729166666666666 0.09791666666666667
0 0.5630208333333333 0.27291666666666664 0.14479166666666665 0.12083333333333333
0 0.5223958333333333 0.4192708333333333 0.096875 0.17395833333333333
0 0.40260416666666665 0.3546875 0.08854166666666667 0.14895833333333333
0 0.2713541666666667 0.15885416666666666 0.084375 0.159375
0 0.1875 0.484375 0.17916666666666667 0.1
0 0.42343749999999997 0.6104166666666666 0.15104166666666666 0.08958333333333333
0 0.6979166666666666 0.5786458333333333 0.10416666666666667 0.15520833333333334
0 0.553125 0.7005208333333334 0.10416666666666667 0.18229166666666666
0 0.4953125 0.9098958333333333 0.11979166666666667 0.16770833333333332
0 0.3536458333333333 0.7697916666666667 0.15520833333333334 0.15833333333333333
0 0.22343749999999998 0.7421875 0.11562499999999999 0.171875
