0 0.35885416666666664 0.403125 0.159375 0.14375
0 0.6380208333333334 0.15208333333333332 0.11354166666666667 0.16666666666666666
0 0.7875 0.3015625 0.10625 0.19479166666666667
0 0.8973958333333333 0.48593749999999997 0.15729166666666666 0.16770833333333332
0 0.6666666666666666 0.5911458333333334 0.09583333333333333 0.17604166666666665
0 0.4796875 0.5796875 0.13645833333333332 0.190625
0 0.5567708333333333 0.33489583333333334 0.103125 0.17395833333333333
0 0.509375 0.7322916666666667 0.21041666666666667 0.10833333333333334
0 0.44114583333333335 0.8588541666666667 0.19270833333333334 0.11145833333333333
0 0.2265625 0.8729166666666667 0.16979166666666667 0.17708333333333334
0 0.2328125 0.6057291666666667 0.15104166666666666 0.15520833333333334
1 0.6885416666666666 0.8296875 0.08958333333333333 0.109375
1 0.6744791666666666 0.4302083333333333 0.10104166666666667 0.10208333333333333
0 0.4265625 0.22395833333333334 0.13229166666666667 0.13541666666666666
1 0.48385416666666664 0.06666666666666667 0.096875 0.12708333333333333
