0 0.5515625 0.5927083333333333 0.17395833333333333 0.10416666666666667
0 0.9119791666666667 0.33489583333333334 0.10520833333333333 0.17604166666666665
0 0.8760416666666666 0.6171875 0.12708333333333333 0.21979166666666666
0 0.7421875 0.20989583333333334 0.12604166666666666 0.18020833333333333
0 0.5598958333333334 0.18489583333333334 0.17604166666666665 0.128125
0 0.6510416666666666 0.44114583333333335 0.17708333333333334 0.11770833333333333
0 0.4661458333333333 0.3390625 0.10104166666666667 0.20104166666666667
0 0.26145833333333335 0.17239583333333333 0.11875 0.203125
0 0.321875 0.346875 0.12708333333333333 0.18541666666666667
0 0.31979166666666664 0.534375 0.15 0.15208333333333332
0 0.13854166666666667 0.42604166666666665 0.18541666666666667 0.12083333333333333
0 0.19166666666666665 0.6588541666666666 0.12916666666666665 0.20104166666666667
0 0.3677083333333333 0.7588541666666666 0.09375 0.165625
0 0.675 0.8104166666666667 0.12916666666666665 0.19583333333333333
0 0.4432291666666667 0.9208333333333333 0.19895833333333332 0.11875
0 0.19739583333333333 0.8927083333333333 0.18229166666666666 0.15625
