1 0.5515625 0.3848958333333333 0.103125 0.07604166666666666
1 0.5989583333333334 0.5369791666666667 0.11666666666666667 0.08854166666666667
1 0.7317708333333334 0.8296875 0.10729166666666666 0.078125
1 0.1421875 0.7151041666666667 0.08645833333333333 0.10729166666666666
0 0.5223958333333333 0.15833333333333333 0.15729166666666666 0.1375
0 0.746875 0.30885416666666665 0.12083333333333333 0.165625
0 0.75 0.4953125 0.12916666666666665 0.14479166666666665
0 0.7791666666666667 0.6614583333333334 0.14166666666666666 0.13125
0 0.5708333333333333 0.6770833333333334 0.17708333333333334 0.08125
0 0.48802083333333335 0.8781249999999999 0.15729166666666666 0.12916666666666665
0 0.3020833333333333 0.84375 0.09166666666666666 0.15833333333333333
0 0.24635416666666665 0.6098958333333333 0.11770833333333333 0.184375
0 0.35052083333333334 0.53125 0.09895833333333333 0.14791666666666667
0 0.46249999999999997 0.46197916666666666 0.11458333333333333 0.15729166666666666
0 0.2552083333333333 0.2864583333333333 0.10208333333333333 0.18958333333333333
0 0.16197916666666667 0.41302083333333334 0.08854166666666667 0.19270833333333334
