1 0.671875 0.1015625 0.08333333333333333 0.08229166666666667
1 0.58125 0.35520833333333335 0.11666666666666667 0.08333333333333333
1 0.76875 0.5390625 0.1 0.10104166666666667
1 0.5875 0.49635416666666665 0.12708333333333333 0.08229166666666667
1 0.2708333333333333 0.6401041666666667 0.13958333333333334 0.103125
0 0.48385416666666664 0.12395833333333334 0.17395833333333333 0.12083333333333333
0 0.31354166666666666 0.12239583333333333 0.15416666666666667 0.10729166666666666
0 0.25364583333333335 0.2661458333333333 0.14270833333333333 0.13020833333333334
0 0.421875 0.3130208333333333 0.09791666666666667 0.18854166666666666
0 0.3265625 0.48593749999999997 0.096875 0.15729166666666666
0 0.46822916666666664 0.5380208333333333 0.18854166666666666 0.13229166666666667
0 0.12083333333333333 0.5697916666666667 0.19375 0.1
0 0.2546875 0.8395833333333333 0.10520833333333333 0.19375
0 0.459375 0.8817708333333333 0.19791666666666666 0.10729166666666666
0 0.5359375 0.6958333333333333 0.178125 0.125
0 0.6619791666666667 0.7177083333333333 0.11562499999999999 0.19791666666666666
0 0.8885416666666667 0.6677083333333333 0.10625 0.17916666666666667
0 0.715625 0.3723958333333333 0.10208333333333333 0.18229166666666666
0 0.7557291666666667 0.19947916666666665 0.103125 0.171875
