1 0.35572916666666665 0.21875 0.096875 0.125
1 0.46249999999999997 0.29791666666666666 0.10833333333333334 0.0875
1 0.6244791666666667 0.6286458333333333 0.08229166666666667 0.09479166666666666
1 0.6625 0.46197916666666666 0.07708333333333334 0.084375
1 0.7427083333333333 0.328125 0.07916666666666666 0.1375
1 0.3807291666666667 0.5630208333333333 0.11354166666666667 0.10104166666666667
0 0.6041666666666666 0.18541666666666667 0.18333333333333332 0.12291666666666666
0 0.7963541666666667 0.53125 0.128125 0.14375
0 0.5604166666666667 0.4041666666666667 0.11875 0.15208333333333332
0 0.5984375 0.809375 0.09479166666666666 0.19166666666666665
0 0.4817708333333333 0.6390625 0.08854166666666667 0.171875
0 0.38697916666666665 0.8572916666666667 0.16979166666666667 0.14583333333333334
0 0.22395833333333334 0.7052083333333333 0.13333333333333333 0.17083333333333334
0 0.1875 0.53125 0.12708333333333333 0.15416666666666667
0 0.303125 0.38958333333333334 0.125 0.15416666666666667
0 0.1484375 0.378125 0.13854166666666667 0.1625
