1 0.48072916666666665 0.4901041666666667 0.08645833333333333 0.11354166666666667
1 0.30416666666666664 0.5947916666666666 0.12291666666666666 0.10625
1 0.60625 0.8583333333333333 0.10625 0.14375
0 0.7526041666666666 0.18645833333333334 0.11770833333333333 0.16875
0 0.709375 0.3723958333333333 0.17291666666666666 0.103125
0 0.7640625 0.47812499999999997 0.184375 0.09791666666666667
0 0.8859374999999999 0.6234375 0.140625 0.146875
0 0.721875 0.5932291666666667 0.15416666666666667 0.096875
0 0.7505208333333333 0.8130208333333333 0.178125 0.13854166666666667
0 0.5682291666666667 0.284375 0.18645833333333334 0.12291666666666666
0 0.44895833333333335 0.109375 0.14166666666666666 0.16875
0 0.34270833333333334 0.2765625 0.10833333333333334 0.19270833333333334
0 0.1953125 0.20260416666666667 0.10729166666666666 0.190625
0 0.18489583333333334 0.4505208333333333 0.18020833333333333 0.14895833333333333
0 0.17395833333333333 0.6989583333333333 0.15208333333333332 0.18541666666666667
0 0.3598958333333333 0.8359375 0.128125 0.19479166666666667
0 0.49166666666666664 0.715625 0.16458333333333333 0.13541666666666666
0 0.559375 0.5958333333333333 0.10208333333333333 0.15416666666666667
