1 0.3944444444444445 0.425 0.07777777777777778 0.05416666666666667
1 0.5965277777777778 0.48020833333333335 0.08472222222222223 0.08125
1 0.8958333333333334 0.5932291666666667 0.13055555555555556 0.07604166666666666
0 0.6520833333333333 0.21510416666666665 0.1486111111111111 0.084375
0 0.8 0.43333333333333335 0.09444444444444444 0.1125
0 0.6243055555555556 0.359375 0.16527777777777777 0.08125
0 0.48680555555555555 0.2734375 0.09583333333333334 0.134375
0 0.40069444444444446 0.20260416666666667 0.14305555555555557 0.096875
0 0.17708333333333334 0.4479166666666667 0.12083333333333333 0.11666666666666667
0 0.32916666666666666 0.5260416666666666 0.15555555555555556 0.08958333333333333
0 0.3138888888888889 0.7135416666666666 0.18888888888888888 0.08333333333333333
0 0.5486111111111112 0.6536458333333334 0.1 0.153125
0 0.6527777777777778 0.60625 0.15833333333333333 0.08958333333333333
