1 0.22864583333333333 0.6255208333333333 0.11770833333333333 0.10729166666666666
1 0.5114583333333333 0.375 0.08125 0.10833333333333334
1 0.6536458333333334 0.6515625 0.11145833333333333 0.09479166666666666
1 0.6265625 0.8958333333333334 0.12395833333333334 0.13125
0 0.4114583333333333 0.09635416666666667 0.08541666666666667 0.17395833333333333
0 0.5385416666666667 0.11197916666666667 0.16875 0.12604166666666666
0 0.65625 0.23489583333333333 0.17916666666666667 0.11145833333333333
0 0.4171875 0.2703125 0.11770833333333333 0.14479166666666665
0 0.2578125 0.3625 0.10104166666666667 0.20416666666666666
0 0.3619791666666667 0.5130208333333334 0.11562499999999999 0.171875
0 0.5390625 0.5671875 0.11145833333333333 0.178125
0 0.6385416666666667 0.4473958333333333 0.07708333333333334 0.16354166666666667
0 0.8671875 0.38385416666666666 0.11770833333333333 0.15729166666666666
0 0.7817708333333333 0.5302083333333333 0.18645833333333334 0.09375
0 0.8182291666666667 0.7291666666666666 0.11979166666666667 0.16666666666666666
0 0.6072916666666667 0.7723958333333333 0.17916666666666667 0.109375
0 0.42291666666666666 0.8432291666666667 0.09166666666666666 0.196875
