0 0.3958333333333333 0.121875 0.18541666666666667 0.08541666666666667
0 0.6911458333333333 0.20052083333333334 0.18020833333333333 0.09895833333333333
0 0.7677083333333333 0.4197916666666667 0.16458333333333333 0.09166666666666666
0 0.8723958333333334 0.6302083333333334 0.15729166666666666 0.125
0 0.534375 0.28489583333333335 0.12916666666666665 0.13645833333333332
0 0.2598958333333333 0.3171875 0.10729166666666666 0.16354166666666667
0 0.3734375 0.43906249999999997 0.14479166666666665 0.15520833333333334
0 0.19166666666666665 0.5927083333333333 0.12708333333333333 0.175
0 0.18072916666666666 0.8312499999999999 0.13645833333333332 0.1625
0 0.3859375 0.8817708333333333 0.18229166666666666 0.11145833333333333
0 0.6140625 0.9229166666666666 0.165625 0.14375
0 0.7177083333333333 0.7458333333333333 0.17916666666666667 0.10833333333333334
0 0.559375 0.7020833333333333 0.11666666666666667 0.18541666666666667
0 0.6083333333333333 0.5145833333333333 0.16041666666666665 0.09791666666666667
1 0.4322916666666667 0.6484375 0.09583333333333333 0.11770833333333333
