0 0.13229166666666667 0.2677083333333333 0.12291666666666666 0.16875
0 0.44687499999999997 0.34322916666666664 0.17291666666666666 0.121875
0 0.3 0.396875 0.17291666666666666 0.11875
0 0.2515625 0.5385416666666667 0.20520833333333333 0.12083333333333333
0 0.4322916666666667 0.6135416666666667 0.10625 0.18541666666666667
0 0.15364583333333334 0.7182291666666667 0.18645833333333334 0.13229166666666667
0 0.3359375 0.85625 0.159375 0.18125
0 0.6755208333333333 0.9088541666666666 0.13854166666666667 0.18020833333333333
0 0.66875 0.6203125 0.15416666666666667 0.18020833333333333
0 0.8510416666666667 0.4890625 0.17916666666666667 0.121875
0 0.7984375 0.32916666666666666 0.21770833333333334 0.08958333333333333
0 0.8333333333333334 0.17291666666666666 0.19583333333333333 0.10208333333333333
0 0.6244791666666667 0.23645833333333333 0.18854166666666666 0.10625
0 0.6302083333333334 0.0859375 0.17916666666666667 0.12395833333333334
1 0.4036458333333333 0.16041666666666665 0.11979166666666667 0.10208333333333333
1 0.5875 0.47812499999999997 0.1 0.09375
