0 0.1765625 0.21197916666666666 0.15104166666666666 0.159375
0 0.12395833333333334 0.4890625 0.15 0.146875
0 0.3026041666666667 0.3953125 0.121875 0.17395833333333333
0 0.42552083333333335 0.38385416666666666 0.08854166666666667 0.18854166666666666
0 0.5645833333333333 0.1765625 0.09791666666666667 0.19895833333333332
0 0.8432291666666667 0.2484375 0.128125 0.19479166666666667
0 0.8947916666666667 0.4770833333333333 0.20208333333333334 0.12708333333333333
0 0.6286458333333333 0.35520833333333335 0.09895833333333333 0.17708333333333334
0 0.6822916666666666 0.565625 0.17708333333333334 0.1375
0 0.8223958333333333 0.7630208333333334 0.18020833333333333 0.15520833333333334
0 0.6546875 0.8 0.153125 0.15
0 0.5307291666666667 0.6604166666666667 0.128125 0.1875
0 0.3927083333333333 0.5895833333333333 0.10625 0.17708333333333334
0 0.2604166666666667 0.7265625 0.12708333333333333 0.21979166666666666
1 0.3921875 0.8302083333333333 0.11354166666666667 0.14583333333333334
1 0.07395833333333333 0.7208333333333333 0.09375 0.1125
1 0.5005208333333333 0.45260416666666664 0.09895833333333333 0.090625
1 0.396875 0.22447916666666667 0.09375 0.103125
1 0.7078125 0.1890625 0.13854166666666667 0.11145833333333333
