0 0.3015625 0.24479166666666666 0.178125 0.08541666666666667
0 0.5151041666666667 0.18489583333333334 0.14895833333333333 0.10729166666666666
0 0.6921875 0.16302083333333334 0.153125 0.109375
0 0.7713541666666667 0.2791666666666667 0.159375 0.08541666666666667
0 0.8296875 0.4640625 0.103125 0.16770833333333332
0 0.5411458333333333 0.3463541666666667 0.18229166666666666 0.08020833333333333
0 0.6182291666666666 0.4864583333333333 0.16979166666666667 0.12916666666666665
0 0.671875 0.6291666666666667 0.16666666666666666 0.10625
0 0.5848958333333333 0.9177083333333333 0.19895833333333332 0.12291666666666666
0 0.4354166666666667 0.8005208333333333 0.12708333333333333 0.18020833333333333
0 0.35625 0.6369791666666667 0.11875 0.15104166666666666
0 0.4578125 0.4734375 0.09479166666666666 0.17604166666666665
0 0.2911458333333333 0.39166666666666666 0.184375 0.11875
0 0.15885416666666666 0.578125 0.153125 0.14583333333333334
0 0.1171875 0.725 0.16770833333333332 0.15833333333333333
0 0.2916666666666667 0.7859375 0.10416666666666667 0.18854166666666666
1 0.6276041666666666 0.7536458333333333 0.121875 0.08854166666666667
