0 0.13055555555555556 0.5692708333333333 0.14444444444444446 0.134375
0 0.3111111111111111 0.5765625 0.14166666666666666 0.13229166666666667
0 0.4138888888888889 0.6833333333333333 0.19166666666666668 0.08958333333333333
0 0.5756944444444445 0.6052083333333333 0.17916666666666667 0.09375
0 0.7506944444444444 0.6994791666666667 0.1125 0.153125
0 0.24305555555555555 0.828125 0.15833333333333333 0.12291666666666666
0 0.3479166666666667 0.4302083333333333 0.18194444444444446 0.075
0 0.5805555555555556 0.39947916666666666 0.16944444444444445 0.06770833333333333
0 0.7895833333333334 0.40729166666666666 0.12916666666666668 0.12083333333333333
0 0.5777777777777778 0.20625 0.17222222222222222 0.09583333333333333
0 0.46319444444444446 0.31979166666666664 0.17916666666666667 0.07083333333333333
0 0.3229166666666667 0.2609375 0.1125 0.13645833333333332
1 0.6916666666666667 0.2864583333333333 0.10833333333333334 0.07083333333333333
1 0.48958333333333337 0.4895833333333333 0.09027777777777778 0.07708333333333334
1 0.5368055555555555 0.8286458333333333 0.09583333333333334 0.08854166666666667
1 0.15694444444444444 0.38125 0.075 0.04791666666666666
