0 0.48854166666666665 0.09166666666666666 0.1 0.16041666666666665
0 0.7067708333333333 0.15625 0.103125 0.16458333333333333
0 0.8036458333333333 0.38697916666666665 0.11145833333333333 0.159375
0 0.7463541666666667 0.6161458333333333 0.13229166666666667 0.178125
0 0.603125 0.5234375 0.12291666666666666 0.16145833333333334
0 0.5822916666666667 0.7869791666666667 0.20625 0.090625
0 0.39427083333333335 0.6802083333333333 0.109375 0.18333333333333332
0 0.5859375 0.31614583333333335 0.13854166666666667 0.15104166666666666
0 0.4583333333333333 0.2911458333333333 0.10416666666666667 0.171875
0 0.2916666666666667 0.22760416666666666 0.09583333333333333 0.19479166666666667
0 0.1359375 0.33489583333333334 0.18229166666666666 0.09895833333333333
0 0.12864583333333332 0.5161458333333333 0.184375 0.12604166666666666
0 0.2140625 0.6338541666666666 0.16770833333333332 0.134375
0 0.14166666666666666 0.8947916666666667 0.11875 0.17708333333333334
1 0.365625 0.8927083333333333 0.12083333333333333 0.09791666666666667
0 0.42083333333333334 0.45416666666666666 0.15 0.11666666666666667
1 0.275 0.41041666666666665 0.10833333333333334 0.10208333333333333
