0 0.36302083333333335 0.1203125 0.11562499999999999 0.18854166666666666
0 0.21458333333333332 0.2973958333333333 0.15416666666666667 0.14895833333333333
0 0.390625 0.3421875 0.15625 0.14895833333333333
0 0.5260416666666666 0.2328125 0.0875 0.18229166666666666
0 0.7567708333333333 0.346875 0.11770833333333333 0.15833333333333333
0 0.13802083333333334 0.6026041666666666 0.15729166666666666 0.20520833333333333
0 0.43124999999999997 0.5151041666666667 0.19375 0.09270833333333334
0 0.8885416666666667 0.5739583333333333 0.1625 0.12708333333333333
0 0.6671875 0.7375 0.10520833333333333 0.19375
0 0.2484375 0.875 0.20104166666666667 0.125
1 0.35104166666666664 0.6494791666666666 0.09166666666666666 0.13229166666666667
1 0.55 0.3848958333333333 0.1 0.09270833333333334
1 0.6838541666666667 0.2671875 0.10104166666666667 0.08020833333333333
1 0.6046875 0.5447916666666667 0.09479166666666666 0.13125
1 0.5692708333333333 0.8421875 0.09895833333333333 0.121875
