1 0.4979166666666667 0.26875 0.08125 0.11041666666666666
1 0.8161458333333333 0.3489583333333333 0.090625 0.07916666666666666
1 0.6734375 0.6723958333333333 0.11562499999999999 0.10520833333333333
0 0.64375 0.10260416666666666 0.17708333333333334 0.090625
0 0.4479166666666667 0.09635416666666667 0.15833333333333333 0.09895833333333333
0 0.6520833333333333 0.23541666666666666 0.16458333333333333 0.10208333333333333
0 0.6109375 0.33697916666666666 0.15520833333333334 0.146875
0 0.7739583333333333 0.471875 0.1875 0.09375
0 0.8333333333333334 0.6598958333333333 0.14583333333333334 0.18854166666666666
0 0.7104166666666667 0.8744791666666667 0.1875 0.103125
0 0.6041666666666666 0.5369791666666667 0.16458333333333333 0.128125
0 0.5708333333333333 0.825 0.11875 0.17708333333333334
0 0.490625 0.6703125 0.13541666666666666 0.165625
0 0.42135416666666664 0.4739583333333333 0.13854166666666667 0.11875
0 0.3932291666666667 0.8526041666666666 0.13854166666666667 0.178125
0 0.3458333333333333 0.6416666666666666 0.09375 0.18958333333333333
0 0.26510416666666664 0.44479166666666664 0.11145833333333333 0.17291666666666666
0 0.3989583333333333 0.24322916666666666 0.13333333333333333 0.153125
0 0.21197916666666666 0.29583333333333334 0.11562499999999999 0.16666666666666666
0 0.14791666666666667 0.6411458333333333 0.20416666666666666 0.11770833333333333
0 0.153125 0.8520833333333333 0.1875 0.1125
