1 0.3755208333333333 0.48385416666666664 0.103125 0.10520833333333333
0 0.4666666666666667 0.5734375 0.12083333333333333 0.11354166666666667
0 0.4421875 0.11354166666666667 0.15729166666666666 0.10625
0 0.6416666666666666 0.13958333333333334 0.15208333333333332 0.13333333333333333
0 0.75625 0.38229166666666664 0.19791666666666666 0.09375
0 0.4734375 0.2630208333333333 0.15520833333333334 0.08645833333333333
0 0.5869791666666666 0.4114583333333333 0.17604166666666665 0.1375
0 0.8244791666666667 0.6166666666666667 0.190625 0.09791666666666667
0 0.5994791666666667 0.6046875 0.12395833333333334 0.153125
0 0.5692708333333333 0.8786458333333333 0.18854166666666666 0.13020833333333334
0 0.42083333333333334 0.7135416666666666 0.19791666666666666 0.10833333333333334
0 0.2791666666666667 0.796875 0.18541666666666667 0.11458333333333333
0 0.21145833333333333 0.5645833333333333 0.19583333333333333 0.07083333333333333
0 0.20364583333333333 0.35572916666666665 0.10104166666666667 0.165625
0 0.31979166666666664 0.27291666666666664 0.125 0.16875
