1 0.4671875 0.3078125 0.08229166666666667 0.11354166666666667
1 0.3958333333333333 0.32708333333333334 0.07916666666666666 0.10833333333333334
1 0.7604166666666666 0.5307291666666667 0.0875 0.11979166666666667
1 0.7125 0.6651041666666666 0.09166666666666666 0.11145833333333333
1 0.7328125 0.1015625 0.13229166666666667 0.09895833333333333
0 0.8234374999999999 0.2484375 0.184375 0.084375
0 0.8885416666666667 0.46458333333333335 0.09791666666666667 0.16041666666666665
0 0.865625 0.6802083333333333 0.15208333333333332 0.09583333333333333
0 0.6703125 0.4791666666666667 0.11562499999999999 0.17916666666666667
0 0.6416666666666666 0.2859375 0.175 0.09479166666666666
0 0.5520833333333334 0.12708333333333333 0.15833333333333333 0.10833333333333334
0 0.325 0.15 0.11458333333333333 0.16458333333333333
0 0.1109375 0.35885416666666664 0.10520833333333333 0.16145833333333334
0 0.31145833333333334 0.4583333333333333 0.18541666666666667 0.09583333333333333
0 0.5119791666666667 0.5708333333333333 0.096875 0.175
0 0.5052083333333334 0.7520833333333333 0.13541666666666666 0.18333333333333332
0 0.35 0.7390625 0.14583333333333334 0.17604166666666665
0 0.35572916666666665 0.5828125 0.153125 0.11979166666666667
0 0.11979166666666667 0.6947916666666667 0.17083333333333334 0.13125
