0 0.6744791666666666 0.1453125 0.09270833333333334 0.159375
0 0.4947916666666667 0.1546875 0.15833333333333333 0.13020833333333334
0 0.4765625 0.34322916666666664 0.14479166666666665 0.140625
0 0.3072916666666667 0.2359375 0.125 0.165625
0 0.20781249999999998 0.365625 0.153125 0.13541666666666666
0 0.24322916666666666 0.55 0.178125 0.12916666666666665
0 0.6161458333333333 0.4708333333333333 0.153125 0.10833333333333334
0 0.8781249999999999 0.40208333333333335 0.16458333333333333 0.10625
0 0.7072916666666667 0.6557291666666667 0.13125 0.184375
0 0.6182291666666666 0.7677083333333333 0.11979166666666667 0.19583333333333333
0 0.46875 0.8473958333333333 0.13333333333333333 0.190625
0 0.2557291666666667 0.8041666666666667 0.184375 0.17083333333333334
1 0.7026041666666667 0.28854166666666664 0.08854166666666667 0.10625
1 0.4359375 0.5885416666666666 0.11979166666666667 0.13541666666666666
1 0.3098958333333333 0.8932291666666666 0.10104166666666667 0.11145833333333333
1 0.11822916666666666 0.7005208333333334 0.134375 0.140625
1 0.8239583333333333 0.5276041666666667 0.08958333333333333 0.10729166666666666
