1 0.3572916666666667 0.125 0.1125 0.10416666666666667
1 0.3338541666666667 0.5541666666666667 0.084375 0.11458333333333333
1 0.18072916666666666 0.7713541666666667 0.13854166666666667 0.09895833333333333
1 0.5994791666666667 0.7255208333333333 0.13854166666666667 0.096875
1 0.9036458333333334 0.3989583333333333 0.11354166666666667 0.0875
1 0.6713541666666667 0.23333333333333334 0.11770833333333333 0.075
0 0.4630208333333333 0.228125 0.159375 0.12916666666666665
0 0.27760416666666665 0.2703125 0.103125 0.17604166666666665
0 0.4635416666666667 0.3614583333333333 0.16875 0.13541666666666666
0 0.5322916666666666 0.48125 0.20208333333333334 0.1125
0 0.6864583333333333 0.41510416666666666 0.18125 0.11145833333333333
0 0.45625 0.5973958333333333 0.175 0.096875
0 0.3770833333333333 0.7583333333333333 0.19791666666666666 0.11458333333333333
0 0.16197916666666667 0.5895833333333333 0.15729166666666666 0.15833333333333333
0 0.25416666666666665 0.43072916666666666 0.16458333333333333 0.121875
0 0.14375 0.8942708333333333 0.18958333333333333 0.11354166666666667
