0 0.3203125 0.19114583333333332 0.178125 0.103125
0 0.18125 0.2760416666666667 0.14583333333333334 0.1625
0 0.14479166666666665 0.5395833333333333 0.19166666666666665 0.10416666666666667
0 0.39739583333333334 0.47552083333333334 0.19895833333333332 0.12395833333333334
0 0.24010416666666667 0.7557291666666667 0.203125 0.15104166666666666
0 0.49635416666666665 0.7770833333333333 0.17604166666666665 0.18541666666666667
0 0.5989583333333334 0.9114583333333334 0.17291666666666666 0.17083333333333334
0 0.7322916666666667 0.7421875 0.1625 0.18854166666666666
0 0.6442708333333333 0.4984375 0.19479166666666667 0.10729166666666666
0 0.8848958333333333 0.6067708333333334 0.121875 0.20104166666666667
0 0.8588541666666667 0.4270833333333333 0.190625 0.07916666666666666
0 0.7447916666666666 0.3026041666666667 0.1 0.18229166666666666
0 0.678125 0.1171875 0.12708333333333333 0.18645833333333334
0 0.4927083333333333 0.08125 0.20208333333333334 0.12291666666666666
0 0.5276041666666667 0.28020833333333334 0.121875 0.18125
1 0.4614583333333333 0.5854166666666667 0.11875 0.09791666666666667
