1 0.4822916666666667 0.2328125 0.09166666666666666 0.09895833333333333
1 0.6708333333333333 0.5869791666666666 0.09791666666666667 0.13229166666666667
1 0.5671875 0.6875 0.109375 0.11041666666666666
1 0.6953125 0.8182291666666667 0.103125 0.12395833333333334
0 0.6604166666666667 0.18229166666666666 0.15625 0.15208333333333332
0 0.3546875 0.25625 0.10729166666666666 0.19166666666666665
0 0.2635416666666667 0.46041666666666664 0.21041666666666667 0.11458333333333333
0 0.5916666666666667 0.37916666666666665 0.21041666666666667 0.1125
0 0.865625 0.4140625 0.09791666666666667 0.196875
0 0.8598958333333333 0.7098958333333333 0.11562499999999999 0.203125
0 0.409375 0.6802083333333333 0.11041666666666666 0.22083333333333333
0 0.42083333333333334 0.9114583333333334 0.17916666666666667 0.175
0 0.271875 0.7796875 0.17083333333333334 0.17395833333333333
