0 0.1640625 0.3338541666666667 0.11562499999999999 0.209375
0 0.14010416666666667 0.5869791666666666 0.13645833333333332 0.16770833333333332
0 0.37395833333333334 0.1765625 0.18125 0.140625
0 0.4973958333333333 0.2921875 0.18854166666666666 0.11770833333333333
0 0.6734375 0.19166666666666665 0.165625 0.125
0 0.3442708333333333 0.45260416666666664 0.17604166666666665 0.14895833333333333
0 0.24270833333333333 0.7614583333333333 0.15 0.20833333333333334
0 0.3229166666666667 0.9494791666666667 0.17083333333333334 0.09895833333333333
0 0.6848958333333334 0.8541666666666666 0.140625 0.16041666666666665
0 0.8447916666666666 0.603125 0.15833333333333333 0.17916666666666667
0 0.5354166666666667 0.5067708333333333 0.20625 0.10104166666666667
0 0.7401041666666667 0.4510416666666667 0.171875 0.15833333333333333
0 0.84375 0.2796875 0.15833333333333333 0.15520833333333334
0 0.5208333333333334 0.6984375 0.21041666666666667 0.11354166666666667
1 0.4671875 0.8739583333333333 0.13854166666666667 0.12083333333333333
