0 0.6703125 0.11562499999999999 0.11770833333333333 0.1375
0 0.4296875 0.1328125 0.146875 0.153125
0 0.23124999999999998 0.18645833333333334 0.09166666666666666 0.15208333333333332
0 0.18541666666666667 0.3484375 0.17916666666666667 0.078125
0 0.4276041666666667 0.3255208333333333 0.121875 0.140625
0 0.7145833333333333 0.28229166666666666 0.17916666666666667 0.09166666666666666
0 0.5947916666666666 0.4479166666666667 0.11666666666666667 0.1625
0 0.8822916666666667 0.6083333333333333 0.18125 0.09583333333333333
0 0.48593749999999997 0.6171875 0.18229166666666666 0.109375
0 0.7421875 0.7239583333333334 0.09270833333333334 0.16458333333333333
0 0.546875 0.8135416666666666 0.12083333333333333 0.16875
0 0.3067708333333333 0.7552083333333334 0.18229166666666666 0.11875
0 0.10833333333333334 0.6567708333333333 0.125 0.18020833333333333
0 0.19114583333333332 0.46770833333333334 0.178125 0.11458333333333333
1 0.2989583333333333 0.9270833333333334 0.12708333333333333 0.12083333333333333
1 0.31666666666666665 0.5109375 0.07916666666666666 0.08854166666666667
1 0.7401041666666667 0.4479166666666667 0.08229166666666667 0.09375
1 0.5614583333333333 0.11979166666666667 0.07916666666666666 0.12708333333333333
