1 0.378125 0.3338541666666667 0.10833333333333334 0.11770833333333333
1 0.5130208333333334 0.06354166666666666 0.10520833333333333 0.09583333333333333
1 0.59375 0.6208333333333333 0.11458333333333333 0.13541666666666666
1 0.46197916666666666 0.5979166666666667 0.09895833333333333 0.08958333333333333
0 0.19635416666666666 0.7848958333333333 0.15520833333333334 0.16979166666666667
0 0.1546875 0.1125 0.11145833333333333 0.21458333333333332
0 0.321875 0.14739583333333334 0.17083333333333334 0.16145833333333334
0 0.16302083333333334 0.4161458333333333 0.11145833333333333 0.20104166666666667
0 0.6010416666666667 0.2453125 0.11875 0.184375
0 0.7692708333333333 0.17395833333333333 0.11354166666666667 0.19791666666666666
0 0.721875 0.5140625 0.20208333333333334 0.09270833333333334
0 0.7760416666666666 0.8192708333333333 0.17291666666666666 0.140625
0 0.471875 0.9067708333333333 0.18125 0.16979166666666667
0 0.35520833333333335 0.771875 0.10625 0.175
0 0.4640625 0.45677083333333335 0.19895833333333332 0.11770833333333333
0 0.1984375 0.5765625 0.21770833333333334 0.10520833333333333
