1 0.40260416666666665 0.4458333333333333 0.13229166666666667 0.09583333333333333
0 0.48020833333333335 0.184375 0.09166666666666666 0.17083333333333334
0 0.3578125 0.2520833333333333 0.13020833333333334 0.15208333333333332
0 0.20260416666666667 0.31197916666666664 0.128125 0.16770833333333332
0 0.08072916666666667 0.5161458333333333 0.13645833333333332 0.196875
0 0.221875 0.5666666666666667 0.17916666666666667 0.11458333333333333
0 0.40208333333333335 0.5973958333333333 0.16041666666666665 0.121875
0 0.58125 0.34270833333333334 0.11041666666666666 0.14375
0 0.7963541666666667 0.23229166666666667 0.146875 0.15
0 0.8322916666666667 0.4088541666666667 0.18125 0.109375
0 0.9005208333333333 0.6109375 0.11770833333333333 0.178125
0 0.69375 0.5432291666666667 0.14583333333333334 0.15104166666666666
0 0.7177083333333333 0.75625 0.17291666666666666 0.15
0 0.490625 0.8307291666666666 0.11666666666666667 0.19270833333333334
0 0.365625 0.7375 0.16875 0.09583333333333333
0 0.1515625 0.7895833333333333 0.11770833333333333 0.17916666666666667
