1 0.6703125 0.3125 0.06770833333333333 0.09583333333333333
1 0.8921875 0.6270833333333333 0.11562499999999999 0.10625
1 0.6369791666666667 0.9135416666666667 0.09479166666666666 0.10833333333333334
1 0.4354166666666667 0.8817708333333333 0.0875 0.103125
0 0.8619791666666666 0.3697916666666667 0.13854166666666667 0.13333333333333333
0 0.5098958333333333 0.19791666666666666 0.11770833333333333 0.15625
0 0.7348958333333333 0.5505208333333333 0.103125 0.159375
0 0.7145833333333333 0.7291666666666666 0.18125 0.10625
0 0.6088541666666667 0.5223958333333333 0.09270833333333334 0.16979166666666667
0 0.5088541666666666 0.3723958333333333 0.13854166666666667 0.15520833333333334
0 0.46458333333333335 0.5796875 0.09166666666666666 0.171875
0 0.5166666666666666 0.7682291666666666 0.1125 0.18645833333333334
0 0.37395833333333334 0.7432291666666666 0.13958333333333334 0.12395833333333334
0 0.22864583333333333 0.8265625 0.171875 0.146875
0 0.15572916666666667 0.6333333333333333 0.11979166666666667 0.175
0 0.30052083333333335 0.5520833333333334 0.09270833333333334 0.16458333333333333
0 0.35 0.36614583333333334 0.09166666666666666 0.18020833333333333
0 0.15364583333333334 0.35104166666666664 0.18020833333333333 0.09791666666666667
