0 0.5901041666666667 0.11979166666666667 0.11354166666666667 0.1625
0 0.3953125 0.1828125 0.140625 0.16770833333333332
0 0.45416666666666666 0.3463541666666667 0.1875 0.10520833333333333
0 0.665625 0.28072916666666664 0.11666666666666667 0.165625
0 0.8427083333333333 0.24739583333333334 0.16875 0.14479166666666665
0 0.7447916666666666 0.440625 0.19166666666666665 0.11458333333333333
0 0.7984375 0.6916666666666667 0.21354166666666666 0.0875
0 0.8286458333333333 0.8598958333333333 0.16770833333333332 0.11979166666666667
0 0.5557291666666666 0.6671875 0.196875 0.09895833333333333
0 0.39375 0.8140625 0.13958333333333334 0.18229166666666666
0 0.20208333333333334 0.8744791666666667 0.19791666666666666 0.128125
0 0.17135416666666667 0.6307291666666667 0.171875 0.171875
0 0.5369791666666667 0.48020833333333335 0.128125 0.18958333333333333
1 0.38958333333333334 0.5703125 0.13125 0.11145833333333333
