1 0.5052083333333334 0.4 0.1125 0.0875
1 0.6588541666666666 0.5640625 0.10729166666666666 0.12395833333333334
1 0.6375 0.8651041666666667 0.11666666666666667 0.09895833333333333
0 0.8786458333333333 0.5015625 0.153125 0.103125
0 0.68125 0.4036458333333333 0.175 0.10729166666666666
0 0.6140625 0.24583333333333332 0.134375 0.125
0 0.4786458333333333 0.14583333333333334 0.09270833333333334 0.16041666666666665
0 0.32760416666666664 0.26197916666666665 0.08229166666666667 0.184375
0 0.20260416666666667 0.44687499999999997 0.165625 0.08541666666666667
0 0.390625 0.49374999999999997 0.11458333333333333 0.15
0 0.5072916666666667 0.628125 0.11666666666666667 0.15833333333333333
0 0.7494791666666667 0.7338541666666667 0.146875 0.15104166666666666
0 0.41822916666666665 0.8781249999999999 0.109375 0.18333333333333332
0 0.26666666666666666 0.7713541666666667 0.1375 0.16354166666666667
0 0.1640625 0.6020833333333333 0.16145833333333334 0.09375
