0 0.3875 0.1890625 0.14722222222222223 0.146875
0 0.2111111111111111 0.27708333333333335 0.16666666666666669 0.12083333333333333
0 0.6513888888888889 0.22239583333333332 0.10555555555555556 0.16354166666666667
0 0.7958333333333334 0.490625 0.17777777777777778 0.12708333333333333
0 0.6131944444444445 0.5666666666666667 0.18472222222222223 0.10833333333333334
0 0.7270833333333334 0.7364583333333333 0.1875 0.11458333333333333
0 0.24444444444444446 0.5197916666666667 0.16944444444444445 0.1125
0 0.4375 0.371875 0.1277777777777778 0.10625
0 0.46805555555555556 0.6901041666666666 0.11111111111111112 0.190625
1 0.3701388888888889 0.5276041666666667 0.1375 0.11770833333333333
1 0.6256944444444444 0.440625 0.13472222222222222 0.08541666666666667
1 0.7708333333333334 0.340625 0.14722222222222223 0.08541666666666667
1 0.5458333333333334 0.2994791666666667 0.10833333333333334 0.09895833333333333
