1 0.5973958333333333 0.5041666666666667 0.10729166666666666 0.09375
0 0.29635416666666664 0.1984375 0.128125 0.17395833333333333
0 0.21614583333333334 0.43906249999999997 0.128125 0.171875
0 0.49374999999999997 0.22239583333333332 0.16458333333333333 0.078125
0 0.621875 0.1890625 0.13541666666666666 0.165625
0 0.3953125 0.41041666666666665 0.15729166666666666 0.12708333333333333
0 0.390625 0.5515625 0.15833333333333333 0.134375
0 0.17083333333333334 0.6703125 0.19583333333333333 0.11354166666666667
0 0.2994791666666667 0.8609375 0.15729166666666666 0.13854166666666667
0 0.5229166666666667 0.7 0.14583333333333334 0.16458333333333333
0 0.6744791666666666 0.7390625 0.14270833333333333 0.16979166666666667
0 0.7635416666666667 0.5354166666666667 0.16041666666666665 0.12916666666666665
0 0.6390625 0.3671875 0.11770833333333333 0.159375
0 0.8197916666666667 0.2942708333333333 0.15 0.140625
