1 0.48333333333333334 0.5354166666666667 0.08958333333333333 0.09791666666666667
1 0.5640625 0.690625 0.09270833333333334 0.14791666666666667
1 0.7682291666666666 0.7041666666666666 0.09895833333333333 0.11041666666666666
1 0.8447916666666666 0.4302083333333333 0.14375 0.09791666666666667
0 0.36302083333333335 0.18072916666666666 0.11145833333333333 0.165625
0 0.5213541666666667 0.14375 0.17604166666666665 0.12708333333333333
0 0.6494791666666666 0.2604166666666667 0.19895833333333332 0.09791666666666667
0 0.6203125 0.44635416666666666 0.171875 0.103125
0 0.7729166666666667 0.5463541666666667 0.2125 0.10104166666666667
0 0.5354166666666667 0.9005208333333333 0.18125 0.13020833333333334
0 0.26666666666666666 0.7057291666666666 0.20833333333333334 0.13020833333333334
0 0.40625 0.4348958333333333 0.1625 0.140625
0 0.19635416666666666 0.384375 0.16145833333333334 0.13958333333333334
0 0.10520833333333333 0.646875 0.09583333333333333 0.21875
