1 0.6401041666666667 0.1015625 0.11770833333333333 0.128125
1 0.4921875 0.39375 0.165625 0.10833333333333334
0 0.7380208333333333 0.24583333333333332 0.18020833333333333 0.11458333333333333
0 0.703125 0.4203125 0.14166666666666666 0.19895833333333332
0 0.7239583333333334 0.6411458333333333 0.19791666666666666 0.10729166666666666
0 0.9114583333333334 0.6875 0.11041666666666666 0.20833333333333334
0 0.5375 0.6765625 0.13958333333333334 0.18020833333333333
0 0.5640625 0.8937499999999999 0.21354166666666666 0.1375
0 0.38177083333333334 0.7411458333333333 0.178125 0.15520833333333334
0 0.4265625 0.53125 0.18645833333333334 0.11041666666666666
0 0.20260416666666667 0.5921875 0.17604166666666665 0.16770833333333332
0 0.19427083333333334 0.8578125 0.171875 0.15104166666666666
0 0.4036458333333333 0.12708333333333333 0.10729166666666666 0.16875
0 0.18958333333333333 0.4036458333333333 0.13541666666666666 0.17604166666666665
