0 0.20416666666666666 0.253125 0.15833333333333333 0.19166666666666665
0 0.2796875 0.47291666666666665 0.13854166666666667 0.15
0 0.4432291666666667 0.3067708333333333 0.13645833333333332 0.14479166666666665
0 0.6322916666666667 0.25885416666666666 0.17916666666666667 0.096875
0 0.8005208333333333 0.12239583333333333 0.20104166666666667 0.12395833333333334
0 0.8552083333333333 0.5578125 0.14791666666666667 0.16770833333333332
0 0.6489583333333333 0.7848958333333333 0.20416666666666666 0.096875
0 0.2953125 0.9046875 0.18020833333333333 0.13854166666666667
0 0.41562499999999997 0.7453125 0.18541666666666667 0.11145833333333333
0 0.546875 0.5979166666666667 0.15416666666666667 0.15208333333333332
0 0.18489583333333334 0.6692708333333334 0.203125 0.10104166666666667
1 0.4432291666666667 0.4796875 0.08645833333333333 0.090625
1 0.75625 0.43645833333333334 0.0875 0.07916666666666666
1 0.8703124999999999 0.28072916666666664 0.134375 0.09479166666666666
1 0.8348958333333333 0.6864583333333333 0.090625 0.06041666666666667
