0 0.3567708333333333 0.07395833333333333 0.178125 0.10208333333333333
0 0.5546875 0.13958333333333334 0.109375 0.16458333333333333
0 0.7458333333333333 0.1015625 0.09791666666666667 0.171875
0 0.9057291666666667 0.44895833333333335 0.109375 0.16458333333333333
0 0.7552083333333334 0.6322916666666667 0.17291666666666666 0.1
0 0.6963541666666666 0.8203125 0.16770833333333332 0.11770833333333333
0 0.6072916666666667 0.4635416666666667 0.17708333333333334 0.10208333333333333
0 0.34322916666666664 0.27447916666666666 0.11354166666666667 0.14479166666666665
0 0.35260416666666666 0.48125 0.18229166666666666 0.11875
0 0.20572916666666666 0.4614583333333333 0.084375 0.17916666666666667
0 0.30885416666666665 0.7885416666666667 0.16979166666666667 0.15416666666666667
0 0.48854166666666665 0.9015624999999999 0.17916666666666667 0.13854166666666667
0 0.43854166666666666 0.703125 0.16875 0.09791666666666667
0 0.740625 0.2989583333333333 0.13958333333333334 0.12291666666666666
1 0.5526041666666667 0.6192708333333333 0.103125 0.13020833333333334
1 0.5140625 0.3234375 0.12395833333333334 0.11770833333333333
