0 0.14722222222222223 0.24687499999999998 0.11111111111111112 0.14375
0 0.3027777777777778 0.13385416666666666 0.19722222222222224 0.08020833333333333
0 0.49375 0.17135416666666667 0.1763888888888889 0.10729166666666666
0 0.5888888888888889 0.26145833333333335 0.16111111111111112 0.10416666666666667
0 0.7388888888888889 0.30104166666666665 0.16944444444444445 0.11666666666666667
0 0.6472222222222223 0.38958333333333334 0.14444444444444446 0.10416666666666667
0 0.9180555555555556 0.49322916666666666 0.1388888888888889 0.140625
0 0.7347222222222223 0.6317708333333333 0.19722222222222224 0.08229166666666667
0 0.6756944444444445 0.5354166666666667 0.18472222222222223 0.0625
0 0.41805555555555557 0.365625 0.18888888888888888 0.1125
0 0.4256944444444445 0.5489583333333333 0.2013888888888889 0.08541666666666667
0 0.5006944444444444 0.6947916666666667 0.1625 0.13125
0 0.2513888888888889 0.5546875 0.15833333333333333 0.096875
0 0.2152777777777778 0.7197916666666666 0.10833333333333334 0.16875
1 0.5381944444444444 0.47760416666666666 0.13194444444444445 0.084375
1 0.3770833333333333 0.4578125 0.13472222222222222 0.090625
1 0.3159722222222222 0.26458333333333334 0.09305555555555556 0.07708333333333334
