0 0.23958333333333334 0.2359375 0.15625 0.10104166666666667
0 0.4786458333333333 0.121875 0.14270833333333333 0.11041666666666666
0 0.7385416666666667 0.159375 0.08958333333333333 0.15
0 0.6645833333333333 0.2109375 0.0875 0.16354166666666667
0 0.7671875 0.3723958333333333 0.13854166666666667 0.128125
0 0.8796875 0.4901041666666667 0.15729166666666666 0.11979166666666667
0 0.9005208333333333 0.6895833333333333 0.09270833333333334 0.16875
0 0.7510416666666666 0.665625 0.16875 0.1125
0 0.6557291666666667 0.8223958333333333 0.17604166666666665 0.13645833333333332
0 0.5364583333333334 0.76875 0.09791666666666667 0.175
0 0.6703125 0.5755208333333334 0.13854166666666667 0.11354166666666667
0 0.6182291666666666 0.46249999999999997 0.11145833333333333 0.15833333333333333
0 0.44375 0.43854166666666666 0.10625 0.16041666666666665
0 0.4552083333333333 0.5744791666666667 0.16458333333333333 0.08645833333333333
0 0.3177083333333333 0.6604166666666667 0.15208333333333332 0.0875
0 0.346875 0.8036458333333333 0.10416666666666667 0.18645833333333334
0 0.159375 0.8041666666666667 0.13958333333333334 0.14791666666666667
0 0.11666666666666667 0.5729166666666666 0.14375 0.12083333333333333
0 0.2739583333333333 0.41354166666666664 0.18333333333333332 0.10833333333333334
1 0.2895833333333333 0.5416666666666666 0.13541666666666666 0.11666666666666667
1 0.428125 0.2552083333333333 0.09583333333333333 0.12708333333333333
1 0.5692708333333333 0.3052083333333333 0.103125 0.12083333333333333
