0 0.24739583333333334 0.12604166666666666 0.12604166666666666 0.15208333333333332
0 0.34479166666666666 0.3 0.18125 0.12083333333333333
0 0.4661458333333333 0.13072916666666667 0.134375 0.12395833333333334
0 0.5510416666666667 0.23906249999999998 0.11666666666666667 0.14895833333333333
0 0.7546875 0.196875 0.159375 0.10833333333333334
0 0.8208333333333333 0.5182291666666666 0.08541666666666667 0.16979166666666667
0 0.8296875 0.7765625 0.18854166666666666 0.134375
0 0.609375 0.6703125 0.17708333333333334 0.13645833333333332
0 0.6744791666666666 0.4822916666666667 0.08645833333333333 0.15416666666666667
0 0.4671875 0.4661458333333333 0.08854166666666667 0.17395833333333333
0 0.334375 0.490625 0.10625 0.16458333333333333
0 0.27708333333333335 0.6338541666666666 0.15 0.14479166666666665
0 0.41562499999999997 0.7505208333333333 0.09375 0.19895833333333332
1 0.5348958333333333 0.8734375 0.11145833333333333 0.09895833333333333
1 0.6875 0.3651041666666667 0.13125 0.07604166666666666
1 0.209375 0.8546874999999999 0.13541666666666666 0.16145833333333334
1 0.20416666666666666 0.4239583333333333 0.12916666666666665 0.0875
