0 0.17083333333333334 0.31979166666666664 0.10208333333333333 0.18333333333333332
0 0.28802083333333334 0.21614583333333334 0.109375 0.20729166666666665
0 0.475 0.14583333333333334 0.13541666666666666 0.17916666666666667
0 0.3260416666666667 0.49114583333333334 0.18125 0.096875
0 0.15989583333333332 0.6447916666666667 0.10729166666666666 0.2
0 0.24114583333333334 0.8953125 0.12395833333333334 0.19270833333333334
0 0.7666666666666666 0.8375 0.19375 0.10833333333333334
0 0.8182291666666667 0.65 0.20104166666666667 0.10833333333333334
0 0.7072916666666667 0.4380208333333333 0.10208333333333333 0.20104166666666667
0 0.7791666666666667 0.22447916666666667 0.15208333333333332 0.16979166666666667
1 0.6255208333333333 0.178125 0.08229166666666667 0.10625
1 0.534375 0.3234375 0.08333333333333333 0.08645833333333333
0 0.540625 0.8463541666666666 0.16875 0.196875
1 0.3651041666666667 0.7375 0.11145833333333333 0.11666666666666667
1 0.5364583333333334 0.5807291666666666 0.11041666666666666 0.11770833333333333
1 0.8984375 0.434375 0.10104166666666667 0.07083333333333333
