0 0.29635416666666664 0.2609375 0.184375 0.09479166666666666
0 0.5625 0.09583333333333333 0.16666666666666666 0.1
0 0.6640625 0.3145833333333333 0.14895833333333333 0.12708333333333333
0 0.5270833333333333 0.36614583333333334 0.09583333333333333 0.13645833333333332
0 0.6708333333333333 0.5307291666666667 0.17916666666666667 0.09479166666666666
0 0.6963541666666666 0.8260416666666667 0.103125 0.18333333333333332
0 0.5380208333333333 0.7765625 0.17395833333333333 0.109375
0 0.31145833333333334 0.8395833333333333 0.1125 0.1875
0 0.19479166666666667 0.6135416666666667 0.15 0.10416666666666667
0 0.3536458333333333 0.5130208333333334 0.153125 0.14270833333333333
1 0.13697916666666665 0.3958333333333333 0.09270833333333334 0.07083333333333333
1 0.4375 0.18645833333333334 0.10416666666666667 0.09166666666666666
1 0.8453125 0.3411458333333333 0.071875 0.08645833333333333
