0 0.3046875 0.23854166666666665 0.16770833333333332 0.11041666666666666
0 0.5083333333333333 0.20416666666666666 0.16041666666666665 0.1125
0 0.5807291666666666 0.3104166666666667 0.13020833333333334 0.1375
0 0.7578125 0.2973958333333333 0.171875 0.08645833333333333
0 0.828125 0.44895833333333335 0.13958333333333334 0.15
0 0.6291666666666667 0.5 0.17708333333333334 0.11875
0 0.7494791666666667 0.6567708333333333 0.184375 0.10104166666666667
0 0.7979166666666666 0.8291666666666666 0.19583333333333333 0.13125
0 0.5526041666666667 0.9072916666666666 0.17604166666666665 0.12291666666666666
0 0.39479166666666665 0.7677083333333333 0.10208333333333333 0.175
0 0.3734375 0.5557291666666666 0.165625 0.12395833333333334
0 0.11927083333333333 0.5145833333333333 0.14270833333333333 0.14791666666666667
0 0.21822916666666667 0.784375 0.10729166666666666 0.2
1 0.6104166666666666 0.73125 0.12708333333333333 0.09375
1 0.37135416666666665 0.3859375 0.11562499999999999 0.10729166666666666
1 0.6692708333333334 0.175 0.08854166666666667 0.1
