0 0.29375 0.14583333333333334 0.15 0.10416666666666667
0 0.5052083333333334 0.08385416666666666 0.12916666666666665 0.11770833333333333
0 0.70625 0.09322916666666667 0.11875 0.159375
0 0.7875 0.2947916666666667 0.15833333333333333 0.125
0 0.5541666666666667 0.25729166666666664 0.2 0.09375
0 0.765625 0.4927083333333333 0.15833333333333333 0.12708333333333333
0 0.6161458333333333 0.4630208333333333 0.13854166666666667 0.09895833333333333
0 0.7244791666666667 0.6828125 0.16979166666666667 0.10104166666666667
0 0.6635416666666667 0.8895833333333333 0.13958333333333334 0.2
0 0.3171875 0.46510416666666665 0.146875 0.13229166666666667
0 0.140625 0.4192708333333333 0.13958333333333334 0.146875
0 0.14427083333333332 0.6421875 0.16145833333333334 0.11562499999999999
0 0.2598958333333333 0.8703124999999999 0.121875 0.18229166666666666
0 0.49114583333333334 0.8473958333333333 0.14479166666666665 0.17604166666666665
0 0.4822916666666667 0.6484375 0.11875 0.16770833333333332
1 0.35625 0.6463541666666667 0.08541666666666667 0.11354166666666667
1 0.27291666666666664 0.32916666666666666 0.0875 0.09375
1 0.4864583333333333 0.40572916666666664 0.09583333333333333 0.134375
