0 0.40208333333333335 0.13072916666666667 0.15 0.153125
0 0.5640625 0.12083333333333333 0.09270833333333334 0.16041666666666665
0 0.7328125 0.30572916666666666 0.16979166666666667 0.11562499999999999
0 0.7760416666666666 0.47604166666666664 0.13125 0.16458333333333333
0 0.6916666666666667 0.6348958333333333 0.15625 0.11979166666666667
0 0.7859375 0.8135416666666666 0.14270833333333333 0.17083333333333334
0 0.44635416666666666 0.5942708333333333 0.13229166666666667 0.171875
0 0.36822916666666666 0.3536458333333333 0.09270833333333334 0.221875
0 0.24687499999999998 0.48385416666666664 0.09791666666666667 0.209375
0 0.20833333333333334 0.7229166666666667 0.20625 0.1125
0 0.39427083333333335 0.8869791666666667 0.16354166666666667 0.15520833333333334
1 0.5630208333333333 0.8307291666666666 0.121875 0.103125
1 0.5744791666666667 0.5078125 0.13020833333333334 0.103125
1 0.5520833333333334 0.3609375 0.11041666666666666 0.12395833333333334
