1 0.4666666666666667 0.10572916666666667 0.12083333333333333 0.10520833333333333
1 0.796875 0.3234375 0.11666666666666667 0.078125
1 0.853125 0.6296875 0.09791666666666667 0.10729166666666666
1 0.28489583333333335 0.3989583333333333 0.13229166666666667 0.11875
0 0.3927083333333333 0.25104166666666666 0.12083333333333333 0.1375
0 0.565625 0.28072916666666664 0.17708333333333334 0.11770833333333333
0 0.6682291666666667 0.4036458333333333 0.15729166666666666 0.11979166666666667
0 0.6723958333333333 0.6114583333333333 0.14895833333333333 0.14375
0 0.5729166666666666 0.81875 0.18125 0.15416666666666667
0 0.4578125 0.5947916666666666 0.184375 0.11458333333333333
0 0.2984375 0.7234375 0.21979166666666666 0.11979166666666667
0 0.13177083333333334 0.5390625 0.140625 0.18645833333333334
0 0.18958333333333333 0.2328125 0.10416666666666667 0.18645833333333334
