0 0.44635416666666666 0.1890625 0.09479166666666666 0.190625
0 0.584375 0.15572916666666667 0.15208333333333332 0.103125
0 0.6088541666666667 0.34375 0.17395833333333333 0.1
0 0.8510416666666667 0.6473958333333333 0.20416666666666666 0.13229166666666667
0 0.6057291666666667 0.7166666666666667 0.08854166666666667 0.2125
0 0.4869791666666667 0.5197916666666667 0.13020833333333334 0.17916666666666667
0 0.3703125 0.7182291666666667 0.15520833333333334 0.18645833333333334
1 0.528125 0.8604166666666666 0.08541666666666667 0.14583333333333334
1 0.7401041666666667 0.45 0.109375 0.13333333333333333
1 0.2598958333333333 0.4302083333333333 0.128125 0.09166666666666666
0 0.2375 0.23645833333333333 0.15 0.10208333333333333
1 0.096875 0.553125 0.12708333333333333 0.13125
1 0.18802083333333333 0.7895833333333333 0.10104166666666667 0.13958333333333334
