0 0.22239583333333332 0.328125 0.09895833333333333 0.22708333333333333
0 0.41041666666666665 0.22239583333333332 0.09791666666666667 0.21354166666666666
0 0.6671875 0.29010416666666666 0.203125 0.103125
0 0.9098958333333333 0.3619791666666667 0.18020833333333333 0.12604166666666666
0 0.7453125 0.5328125 0.09270833333333334 0.20104166666666667
0 0.6645833333333333 0.7723958333333333 0.19583333333333333 0.13645833333333332
0 0.5307291666666667 0.44427083333333334 0.21770833333333334 0.084375
0 0.23541666666666666 0.5651041666666666 0.16458333333333333 0.159375
0 0.36666666666666664 0.7395833333333334 0.17708333333333334 0.17291666666666666
0 0.13020833333333334 0.7572916666666667 0.12916666666666665 0.1875
1 0.4375 0.9203125 0.12708333333333333 0.09895833333333333
1 0.5380208333333333 0.5921875 0.140625 0.09895833333333333
1 0.3223958333333333 0.4265625 0.07395833333333333 0.103125
1 0.5552083333333333 0.071875 0.10208333333333333 0.10416666666666667
1 0.8046875 0.16770833333333332 0.09479166666666666 0.13541666666666666
