1 0.6067708333333334 0.28229166666666666 0.078125 0.09166666666666666
1 0.8796875 0.221875 0.13229166666666667 0.08125
1 0.8125 0.528125 0.10833333333333334 0.09166666666666666
1 0.5645833333333333 0.65625 0.0875 0.1125
0 0.675 0.16510416666666666 0.18541666666666667 0.10104166666666667
0 0.49114583333333334 0.11822916666666666 0.10729166666666666 0.18020833333333333
0 0.3333333333333333 0.16927083333333334 0.1375 0.153125
0 0.4302083333333333 0.37604166666666666 0.13333333333333333 0.15416666666666667
0 0.23020833333333332 0.43072916666666666 0.08958333333333333 0.165625
0 0.18385416666666665 0.7421875 0.18854166666666666 0.09479166666666666
0 0.4197916666666667 0.7020833333333333 0.10416666666666667 0.2
0 0.409375 0.9098958333333333 0.17083333333333334 0.11145833333333333
0 0.7822916666666666 0.8838541666666666 0.19791666666666666 0.134375
0 0.6791666666666667 0.7901041666666666 0.16458333333333333 0.11770833333333333
0 0.8692708333333333 0.6203125 0.14479166666666665 0.14479166666666665
0 0.5932291666666667 0.48020833333333335 0.103125 0.17708333333333334
0 0.7984375 0.4010416666666667 0.134375 0.125
