1 0.3520833333333333 0.2203125 0.09791666666666667 0.11145833333333333
0 0.228125 0.14427083333333332 0.11041666666666666 0.15104166666666666
0 0.5588541666666667 0.18489583333333334 0.16979166666666667 0.09895833333333333
0 0.8307291666666666 0.25729166666666664 0.09270833333333334 0.16875
0 0.8203125 0.4458333333333333 0.128125 0.13541666666666666
0 0.659375 0.3380208333333333 0.15 0.14895833333333333
0 0.6723958333333333 0.6182291666666666 0.090625 0.19270833333333334
0 0.5145833333333333 0.44427083333333334 0.09375 0.178125
0 0.5057291666666667 0.6791666666666667 0.11145833333333333 0.17291666666666666
0 0.5083333333333333 0.859375 0.1375 0.13958333333333334
0 0.4041666666666667 0.434375 0.09583333333333333 0.16666666666666666
0 0.2682291666666667 0.41770833333333335 0.09895833333333333 0.17708333333333334
0 0.12916666666666665 0.46041666666666664 0.14166666666666666 0.11458333333333333
0 0.18072916666666666 0.634375 0.171875 0.11041666666666666
0 0.2526041666666667 0.8583333333333333 0.16354166666666667 0.15
