1 0.4661458333333333 0.41562499999999997 0.096875 0.10208333333333333
0 0.5317708333333333 0.12604166666666666 0.11770833333333333 0.13958333333333334
0 0.3104166666666667 0.5072916666666667 0.12291666666666666 0.13958333333333334
0 0.23489583333333333 0.2484375 0.103125 0.18645833333333334
0 0.4588541666666667 0.23385416666666667 0.134375 0.14270833333333333
0 0.64375 0.34791666666666665 0.17916666666666667 0.0875
0 0.8557291666666667 0.28489583333333335 0.09895833333333333 0.184375
0 0.8244791666666667 0.6348958333333333 0.09270833333333334 0.17395833333333333
0 0.6776041666666667 0.49374999999999997 0.14479166666666665 0.12916666666666665
0 0.63125 0.7692708333333333 0.17083333333333334 0.109375
0 0.4895833333333333 0.6078125 0.18958333333333333 0.11979166666666667
0 0.5177083333333333 0.8807291666666667 0.11875 0.196875
0 0.32395833333333335 0.7692708333333333 0.10208333333333333 0.190625
0 0.20729166666666665 0.6322916666666667 0.10208333333333333 0.19166666666666665
