1 0.3302083333333333 0.4828125 0.10208333333333333 0.11145833333333333
1 0.471875 0.7703125 0.10416666666666667 0.140625
1 0.15520833333333334 0.8244791666666667 0.11666666666666667 0.10520833333333333
0 0.2734375 0.0984375 0.18854166666666666 0.11145833333333333
0 0.24635416666666665 0.2625 0.15104166666666666 0.14791666666666667
0 0.16822916666666665 0.4557291666666667 0.184375 0.13229166666666667
0 0.20989583333333334 0.7 0.19479166666666667 0.10833333333333334
0 0.43906249999999997 0.2734375 0.08645833333333333 0.196875
0 0.5260416666666666 0.090625 0.21041666666666667 0.09166666666666666
0 0.6875 0.1984375 0.18333333333333332 0.09895833333333333
0 0.6203125 0.37864583333333335 0.096875 0.20104166666666667
0 0.49947916666666664 0.603125 0.14479166666666665 0.17916666666666667
0 0.6953125 0.7067708333333333 0.17604166666666665 0.134375
0 0.36875 0.9041666666666667 0.21041666666666667 0.12916666666666665
0 0.828125 0.275 0.11875 0.18958333333333333
0 0.834375 0.5052083333333334 0.19791666666666666 0.10833333333333334
