0 0.5411458333333333 0.10260416666666666 0.08854166666666667 0.17604166666666665
0 0.7328125 0.07864583333333333 0.18020833333333333 0.09270833333333334
0 0.7979166666666666 0.2630208333333333 0.125 0.153125
0 0.6177083333333333 0.39739583333333334 0.17708333333333334 0.090625
0 0.6619791666666667 0.5682291666666667 0.16145833333333334 0.12395833333333334
0 0.5651041666666666 0.8869791666666667 0.13229166666666667 0.178125
0 0.4114583333333333 0.6765625 0.125 0.16770833333333332
0 0.3723958333333333 0.5052083333333334 0.09895833333333333 0.1625
0 0.38125 0.14375 0.13541666666666666 0.12291666666666666
0 0.2765625 0.23333333333333334 0.109375 0.15625
0 0.19895833333333332 0.3651041666666667 0.12291666666666666 0.159375
0 0.11562499999999999 0.453125 0.11041666666666666 0.13125
0 0.125 0.6973958333333333 0.11041666666666666 0.17395833333333333
0 0.19114583333333332 0.8520833333333333 0.13229166666666667 0.17083333333333334
1 0.23541666666666666 0.565625 0.1125 0.11875
1 0.3828125 0.8885416666666667 0.11979166666666667 0.1
1 0.5260416666666666 0.5182291666666666 0.09791666666666667 0.08854166666666667
1 0.4036458333333333 0.3411458333333333 0.109375 0.12395833333333334
1 0.5421875 0.28020833333333334 0.109375 0.09375
1 0.8135416666666666 0.4484375 0.11666666666666667 0.08645833333333333
