0 0.2375 0.21562499999999998 0.09166666666666666 0.20416666666666666
0 0.42291666666666666 0.14166666666666666 0.09166666666666666 0.16666666666666666
0 0.5229166666666667 0.21197916666666666 0.11041666666666666 0.16354166666666667
0 0.8494791666666667 0.18645833333333334 0.140625 0.1375
0 0.8885416666666667 0.42343749999999997 0.1375 0.13020833333333334
0 0.6901041666666666 0.8171875 0.13229166666666667 0.209375
0 0.5713541666666666 0.6109375 0.17395833333333333 0.121875
0 0.3380208333333333 0.6385416666666667 0.11979166666666667 0.20416666666666666
0 0.17395833333333333 0.5473958333333333 0.10625 0.190625
0 0.2171875 0.8671875 0.08854166666666667 0.184375
1 0.4223958333333333 0.921875 0.121875 0.08541666666666667
1 0.42864583333333334 0.4484375 0.08020833333333333 0.10104166666666667
1 0.6104166666666666 0.4197916666666667 0.13541666666666666 0.09791666666666667
1 0.6557291666666667 0.3151041666666667 0.096875 0.13229166666666667
1 0.7583333333333333 0.5901041666666667 0.08125 0.11145833333333333
