1 0.6239583333333333 0.465625 0.09791666666666667 0.09583333333333333
0 0.46197916666666666 0.1875 0.10729166666666666 0.14791666666666667
0 0.26510416666666664 0.3026041666666667 0.13854166666666667 0.16145833333333334
0 0.31614583333333335 0.44114583333333335 0.12604166666666666 0.146875
0 0.4666666666666667 0.5145833333333333 0.16875 0.10416666666666667
0 0.5328125 0.3802083333333333 0.16770833333333332 0.11041666666666666
0 0.5989583333333334 0.25729166666666664 0.17916666666666667 0.07916666666666666
0 0.7791666666666667 0.3234375 0.17083333333333334 0.08645833333333333
0 0.8557291666666667 0.45 0.17395833333333333 0.11458333333333333
0 0.728125 0.5973958333333333 0.12916666666666665 0.12604166666666666
0 0.7604166666666666 0.7411458333333333 0.15416666666666667 0.09479166666666666
0 0.5546875 0.8010416666666667 0.10104166666666667 0.18541666666666667
0 0.45729166666666665 0.63125 0.1625 0.13125
0 0.45625 0.8265625 0.13958333333333334 0.17395833333333333
0 0.3015625 0.7432291666666666 0.10104166666666667 0.18854166666666666
0 0.19322916666666667 0.6223958333333334 0.10729166666666666 0.178125
