1 0.31666666666666665 0.29791666666666666 0.10416666666666667 0.11041666666666666
1 0.5692708333333333 0.48333333333333334 0.11354166666666667 0.09791666666666667
1 0.8869791666666667 0.6520833333333333 0.12604166666666666 0.12083333333333333
1 0.3645833333333333 0.6203125 0.11458333333333333 0.096875
0 0.3223958333333333 0.10208333333333333 0.140625 0.12916666666666665
0 0.159375 0.30416666666666664 0.125 0.15416666666666667
0 0.2833333333333333 0.471875 0.08958333333333333 0.16666666666666666
0 0.5489583333333333 0.19791666666666666 0.18541666666666667 0.09583333333333333
0 0.7322916666666667 0.2598958333333333 0.10208333333333333 0.17604166666666665
0 0.7625 0.49947916666666664 0.1375 0.13229166666666667
0 0.48802083333333335 0.3416666666666667 0.19479166666666667 0.08541666666666667
0 0.5572916666666666 0.6338541666666666 0.18125 0.121875
0 0.678125 0.8692708333333333 0.17708333333333334 0.12604166666666666
0 0.4515625 0.8182291666666667 0.184375 0.12604166666666666
0 0.1671875 0.8052083333333333 0.134375 0.18125
0 0.15416666666666667 0.615625 0.175 0.1375
