0 0.22239583333333332 0.17864583333333334 0.11770833333333333 0.21770833333333334
0 0.4734375 0.16354166666666667 0.11979166666666667 0.23124999999999998
0 0.7401041666666667 0.1125 0.21770833333333334 0.10833333333333334
0 0.703125 0.43385416666666665 0.17708333333333334 0.15104166666666666
0 0.5244791666666666 0.528125 0.16979166666666667 0.15416666666666667
0 0.6359375 0.6833333333333333 0.10520833333333333 0.19375
0 0.4791666666666667 0.7921875 0.19583333333333333 0.134375
0 0.34791666666666665 0.6395833333333333 0.19791666666666666 0.15
0 0.30625 0.8822916666666667 0.15416666666666667 0.18958333333333333
0 0.1171875 0.7317708333333334 0.13229166666666667 0.20520833333333333
0 0.18072916666666666 0.45 0.134375 0.21041666666666667
0 0.35833333333333334 0.3796875 0.16458333333333333 0.16145833333333334
1 0.6052083333333333 0.2994791666666667 0.10625 0.103125
1 0.8708333333333333 0.2677083333333333 0.15 0.10625
1 0.8182291666666667 0.5802083333333333 0.14895833333333333 0.125
