1 0.521875 0.6802083333333333 0.12291666666666666 0.12083333333333333
0 0.3619791666666667 0.2630208333333333 0.16354166666666667 0.096875
0 0.5677083333333334 0.16614583333333333 0.09791666666666667 0.16979166666666667
0 0.6942708333333333 0.27760416666666665 0.16979166666666667 0.109375
0 0.7604166666666666 0.4125 0.175 0.09166666666666666
0 0.8494791666666667 0.5177083333333333 0.159375 0.09791666666666667
0 0.8755208333333333 0.7973958333333333 0.18229166666666666 0.109375
0 0.7151041666666667 0.6145833333333334 0.18229166666666666 0.09791666666666667
0 0.6432291666666666 0.765625 0.17395833333333333 0.11875
0 0.5119791666666667 0.8578125 0.12604166666666666 0.17604166666666665
0 0.3338541666666667 0.7088541666666667 0.146875 0.15104166666666666
0 0.2630208333333333 0.8546874999999999 0.09479166666666666 0.21354166666666666
0 0.3807291666666667 0.4770833333333333 0.16770833333333332 0.11458333333333333
0 0.5234375 0.39427083333333335 0.10520833333333333 0.16354166666666667
0 0.14010416666666667 0.4609375 0.12395833333333334 0.178125
0 0.11302083333333333 0.675 0.18020833333333333 0.10833333333333334
