1 0.36822916666666666 0.15833333333333333 0.09895833333333333 0.08333333333333333
1 0.6921875 0.10625 0.12604166666666666 0.08958333333333333
1 0.9229166666666666 0.2484375 0.10833333333333334 0.11145833333333333
1 0.5666666666666667 0.5432291666666667 0.07916666666666666 0.078125
1 0.6390625 0.7145833333333333 0.09270833333333334 0.08958333333333333
1 0.7286458333333333 0.8692708333333333 0.06979166666666667 0.09479166666666666
1 0.259375 0.90625 0.0875 0.10416666666666667
0 0.5046875 0.1703125 0.13020833333333334 0.16145833333333334
0 0.7026041666666667 0.28020833333333334 0.19479166666666667 0.11041666666666666
0 0.828125 0.4359375 0.19583333333333333 0.10729166666666666
0 0.771875 0.5822916666666667 0.15 0.09166666666666666
0 0.4796875 0.39947916666666666 0.184375 0.128125
0 0.22083333333333333 0.32447916666666665 0.19791666666666666 0.109375
0 0.2760416666666667 0.5380208333333333 0.19166666666666665 0.10104166666666667
0 0.4276041666666667 0.8348958333333333 0.20104166666666667 0.146875
0 0.12864583333333332 0.6828125 0.14270833333333333 0.203125
