0 0.21927083333333333 0.32135416666666666 0.15729166666666666 0.10104166666666667
0 0.15 0.4895833333333333 0.17708333333333334 0.11666666666666667
0 0.17447916666666666 0.7973958333333333 0.15104166666666666 0.15104166666666666
0 0.4375 0.7067708333333333 0.11458333333333333 0.165625
0 0.7864583333333334 0.6552083333333333 0.15625 0.11041666666666666
0 0.6375 0.5895833333333333 0.09166666666666666 0.16875
0 0.7244791666666667 0.4953125 0.16979166666666667 0.10520833333333333
0 0.44375 0.5328125 0.11875 0.16354166666666667
0 0.48802083333333335 0.38125 0.178125 0.08125
0 0.55 0.18802083333333333 0.09375 0.18854166666666666
0 0.7640625 0.14166666666666666 0.15520833333333334 0.1
0 0.7046875 0.290625 0.18645833333333334 0.08333333333333333
1 0.34791666666666665 0.21875 0.12291666666666666 0.09375
1 0.2583333333333333 0.6708333333333333 0.08541666666666667 0.0875
1 0.5729166666666666 0.8796875 0.13541666666666666 0.096875
1 0.8244791666666667 0.37447916666666664 0.11562499999999999 0.09479166666666666
