0 0.3463541666666667 0.178125 0.16979166666666667 0.09166666666666666
0 0.5614583333333333 0.10729166666666666 0.13541666666666666 0.14166666666666666
0 0.8536458333333333 0.39375 0.090625 0.17291666666666666
0 0.85 0.603125 0.175 0.12708333333333333
0 0.6729166666666666 0.41041666666666665 0.14791666666666667 0.14583333333333334
0 0.5375 0.4921875 0.13125 0.15729166666666666
0 0.5140625 0.6802083333333333 0.184375 0.09791666666666667
0 0.44427083333333334 0.8510416666666667 0.184375 0.1
0 0.15572916666666667 0.7369791666666666 0.18020833333333333 0.11979166666666667
0 0.3677083333333333 0.5348958333333333 0.12916666666666665 0.134375
0 0.3458333333333333 0.346875 0.17916666666666667 0.1125
0 0.17708333333333334 0.3765625 0.11458333333333333 0.159375
1 0.26666666666666666 0.5755208333333334 0.10833333333333334 0.07604166666666666
1 0.7 0.6432291666666666 0.10625 0.121875
1 0.5395833333333333 0.2609375 0.09791666666666667 0.10729166666666666
1 0.7098958333333333 0.278125 0.06979166666666667 0.12708333333333333
