0 0.15 0.275 0.16666666666666669 0.09166666666666666
0 0.23402777777777778 0.3890625 0.1375 0.153125
0 0.36944444444444446 0.4432291666666667 0.1638888888888889 0.109375
0 0.4444444444444445 0.18541666666666667 0.12222222222222223 0.12291666666666666
0 0.4826388888888889 0.3052083333333333 0.11527777777777778 0.13333333333333333
0 0.8298611111111112 0.32395833333333335 0.20972222222222223 0.10833333333333334
0 0.6854166666666667 0.5052083333333334 0.17916666666666667 0.10416666666666667
0 0.7284722222222223 0.6567708333333333 0.16805555555555557 0.146875
0 0.5465277777777778 0.5463541666666667 0.15694444444444444 0.12604166666666666
0 0.3013888888888889 0.7078125 0.19166666666666668 0.13645833333333332
1 0.4715277777777778 0.7458333333333333 0.10694444444444445 0.09791666666666667
1 0.19791666666666669 0.5557291666666666 0.12361111111111112 0.09479166666666666
1 0.4201388888888889 0.5682291666666667 0.07916666666666666 0.06770833333333333
1 0.6013888888888889 0.3734375 0.13333333333333333 0.051041666666666666
1 0.6993055555555556 0.21770833333333334 0.09583333333333334 0.08333333333333333
1 0.31875000000000003 0.184375 0.09861111111111112 0.06875
