0 0.2557291666666667 0.315625 0.20729166666666665 0.1
0 0.44114583333333335 0.340625 0.09479166666666666 0.20625
0 0.5463541666666667 0.40260416666666665 0.11354166666666667 0.19270833333333334
0 0.6755208333333333 0.21510416666666665 0.159375 0.16145833333333334
0 0.7296875 0.4921875 0.134375 0.18645833333333334
0 0.9239583333333333 0.35625 0.09166666666666666 0.21666666666666667
0 0.6104166666666666 0.7526041666666666 0.12291666666666666 0.15729166666666666
0 0.4739583333333333 0.6526041666666667 0.13958333333333334 0.15729166666666666
0 0.4515625 0.8744791666666667 0.16979166666666667 0.18229166666666666
0 0.15833333333333333 0.6229166666666667 0.175 0.16041666666666665
1 0.42291666666666666 0.17135416666666667 0.07916666666666666 0.09895833333333333
1 0.34375 0.5395833333333333 0.125 0.10416666666666667
1 0.8494791666666667 0.6791666666666667 0.08854166666666667 0.09166666666666666
1 0.159375 0.8609375 0.10833333333333334 0.109375
