1 0.2864583333333333 0.3104166666666667 0.08958333333333333 0.08958333333333333
1 0.7385416666666667 0.2421875 0.11875 0.07395833333333333
1 0.86875 0.6401041666666667 0.09375 0.11562499999999999
0 0.378125 0.8338541666666667 0.1125 0.159375
1 0.7328125 0.7614583333333333 0.084375 0.09791666666666667
1 0.10572916666666667 0.65625 0.128125 0.10208333333333333
0 0.6692708333333334 0.34479166666666666 0.153125 0.10833333333333334
0 0.8635416666666667 0.35572916666666665 0.1875 0.09895833333333333
0 0.7838541666666666 0.5046875 0.165625 0.13020833333333334
0 0.5515625 0.21458333333333332 0.09895833333333333 0.12916666666666665
0 0.340625 0.14427083333333332 0.10833333333333334 0.15729166666666666
0 0.46770833333333334 0.4473958333333333 0.0875 0.153125
0 0.609375 0.6739583333333333 0.0875 0.17083333333333334
0 0.5484375 0.9229166666666666 0.18020833333333333 0.10416666666666667
0 0.22343749999999998 0.48802083333333335 0.18020833333333333 0.103125
0 0.3848958333333333 0.6479166666666667 0.17395833333333333 0.125
