1 0.5354166666666667 0.1953125 0.0875 0.11979166666666667
1 0.5239583333333333 0.5786458333333333 0.11458333333333333 0.121875
1 0.41302083333333334 0.8473958333333333 0.11770833333333333 0.121875
1 0.13177083333333334 0.771875 0.084375 0.125
0 0.3265625 0.2 0.16354166666666667 0.08958333333333333
0 0.30572916666666666 0.3229166666666667 0.178125 0.07916666666666666
0 0.7255208333333333 0.20625 0.18645833333333334 0.12708333333333333
0 0.8380208333333333 0.3989583333333333 0.153125 0.15208333333333332
0 0.8395833333333333 0.6380208333333334 0.1 0.17395833333333333
0 0.6510416666666666 0.4515625 0.17916666666666667 0.096875
0 0.4942708333333333 0.3859375 0.10729166666666666 0.184375
0 0.6911458333333333 0.6848958333333334 0.103125 0.18645833333333334
0 0.53125 0.7697916666666667 0.12916666666666665 0.1625
0 0.353125 0.6755208333333333 0.17916666666666667 0.096875
0 0.33229166666666665 0.4822916666666667 0.1875 0.08958333333333333
0 0.12447916666666667 0.5005208333333333 0.146875 0.15520833333333334
