1 0.5510416666666667 0.5182291666666666 0.09166666666666666 0.10729166666666666
0 0.8041666666666667 0.625 0.18541666666666667 0.13125
0 0.7276041666666666 0.41354166666666664 0.18229166666666666 0.10833333333333334
0 0.6234375 0.28072916666666664 0.165625 0.07604166666666666
0 0.48802083333333335 0.190625 0.15520833333333334 0.0875
0 0.3208333333333333 0.13177083333333334 0.08125 0.16145833333333334
0 0.3536458333333333 0.3140625 0.15104166666666666 0.128125
0 0.15885416666666666 0.36822916666666666 0.16145833333333334 0.159375
0 0.41041666666666665 0.47604166666666664 0.14166666666666666 0.13958333333333334
0 0.19583333333333333 0.6098958333333333 0.18541666666666667 0.10520833333333333
0 0.3671875 0.7322916666666667 0.178125 0.14375
0 0.5515625 0.8572916666666667 0.19895833333333332 0.11666666666666667
0 0.7630208333333334 0.8390624999999999 0.16354166666666667 0.14270833333333333
0 0.6197916666666666 0.653125 0.1875 0.1
