1 0.6385416666666667 0.8671875 0.09166666666666666 0.134375
1 0.4276041666666667 0.6458333333333334 0.103125 0.11875
1 0.6020833333333333 0.32395833333333335 0.09166666666666666 0.10625
1 0.8125 0.22083333333333333 0.13333333333333333 0.075
0 0.890625 0.2989583333333333 0.19166666666666665 0.10208333333333333
0 0.8203125 0.46197916666666666 0.11145833333333333 0.16770833333333332
0 0.8109375 0.7432291666666666 0.16145833333333334 0.15729166666666666
0 0.6645833333333333 0.6552083333333333 0.1875 0.1
0 0.6161458333333333 0.5078125 0.12395833333333334 0.19895833333333332
0 0.43333333333333335 0.4578125 0.2 0.09270833333333334
0 0.6307291666666667 0.17604166666666665 0.16770833333333332 0.12083333333333333
0 0.340625 0.12708333333333333 0.11666666666666667 0.18125
0 0.26197916666666665 0.2916666666666667 0.121875 0.18125
0 0.16041666666666665 0.4822916666666667 0.18125 0.10416666666666667
0 0.21302083333333333 0.65 0.21145833333333333 0.10625
0 0.40208333333333335 0.8213541666666666 0.21458333333333332 0.121875
