0 0.4640625 0.11770833333333333 0.08645833333333333 0.1625
0 0.5098958333333333 0.32395833333333335 0.171875 0.10416666666666667
0 0.7234375 0.3072916666666667 0.09895833333333333 0.17708333333333334
0 0.740625 0.8770833333333333 0.13333333333333333 0.17083333333333334
0 0.5526041666666667 0.775 0.171875 0.12083333333333333
0 0.5390625 0.5770833333333333 0.178125 0.10833333333333334
0 0.24479166666666666 0.7791666666666667 0.16875 0.12291666666666666
0 0.2682291666666667 0.43697916666666664 0.13020833333333334 0.13645833333333332
0 0.11458333333333333 0.384375 0.13125 0.15416666666666667
1 0.3026041666666667 0.23645833333333333 0.08854166666666667 0.12291666666666666
1 0.6588541666666666 0.14322916666666666 0.084375 0.10520833333333333
1 0.7817708333333333 0.4864583333333333 0.09479166666666666 0.10833333333333334
1 0.6182291666666666 0.4161458333333333 0.11979166666666667 0.07395833333333333
1 0.4083333333333333 0.4828125 0.1 0.08229166666666667
1 0.2635416666666667 0.6307291666666667 0.1125 0.07604166666666666
1 0.3364583333333333 0.8958333333333334 0.0875 0.11875
1 0.7083333333333334 0.6484375 0.10416666666666667 0.11145833333333333
