0 0.4 0.07760416666666667 0.1625 0.11354166666666667
0 0.209375 0.321875 0.19375 0.09375
0 0.18072916666666666 0.5260416666666666 0.17604166666666665 0.11666666666666667
1 0.3854166666666667 0.225 0.14166666666666666 0.13125
0 0.6567708333333333 0.35520833333333335 0.18020833333333333 0.08333333333333333
0 0.8291666666666666 0.4734375 0.18125 0.11145833333333333
0 0.5546875 0.6432291666666666 0.18229166666666666 0.11770833333333333
0 0.3234375 0.8385416666666666 0.11770833333333333 0.19583333333333333
1 0.6348958333333333 0.778125 0.08645833333333333 0.1
1 0.8645833333333334 0.6119791666666666 0.12083333333333333 0.10104166666666667
1 0.634375 0.515625 0.10208333333333333 0.0875
1 0.3989583333333333 0.5427083333333333 0.10416666666666667 0.14791666666666667
1 0.45260416666666664 0.41562499999999997 0.09479166666666666 0.07708333333333334
1 0.5708333333333333 0.221875 0.0875 0.10208333333333333
1 0.7911458333333333 0.10208333333333333 0.09895833333333333 0.09791666666666667
