0 0.6319444444444444 0.140625 0.17500000000000002 0.1
0 0.8541666666666667 0.2755208333333333 0.15555555555555556 0.11145833333333333
0 0.8013888888888889 0.5609375 0.2 0.09895833333333333
0 0.5875 0.6026041666666666 0.14722222222222223 0.15104166666666666
0 0.56875 0.4734375 0.19305555555555556 0.08854166666666667
0 0.4652777777777778 0.8036458333333333 0.15555555555555556 0.16354166666666667
0 0.1513888888888889 0.7088541666666667 0.20555555555555557 0.08645833333333333
0 0.28125 0.5927083333333333 0.22083333333333335 0.09375
0 0.16944444444444445 0.4015625 0.20277777777777778 0.084375
0 0.20277777777777778 0.29583333333333334 0.20277777777777778 0.075
0 0.4305555555555556 0.35885416666666664 0.14722222222222223 0.12395833333333334
1 0.6062500000000001 0.3171875 0.09305555555555556 0.096875
1 0.8131944444444444 0.4510416666666667 0.14027777777777778 0.06875
1 0.3652777777777778 0.47291666666666665 0.11944444444444445 0.07291666666666667
1 0.45069444444444445 0.1421875 0.09861111111111112 0.06770833333333333
