0 0.4947916666666667 0.121875 0.14583333333333334 0.15625
0 0.6619791666666667 0.3020833333333333 0.11354166666666667 0.17708333333333334
0 0.8697916666666666 0.32760416666666664 0.175 0.14479166666666665
0 0.7890625 0.4875 0.17604166666666665 0.15625
0 0.690625 0.8046875 0.2375 0.11770833333333333
0 0.4734375 0.7302083333333333 0.17395833333333333 0.15208333333333332
0 0.4822916666666667 0.565625 0.19583333333333333 0.09791666666666667
0 0.30885416666666665 0.4817708333333333 0.20520833333333333 0.10104166666666667
0 0.3260416666666667 0.23541666666666666 0.21666666666666667 0.1
0 0.10416666666666667 0.3364583333333333 0.18958333333333333 0.12916666666666665
0 0.20104166666666667 0.8401041666666667 0.21041666666666667 0.13229166666666667
1 0.1390625 0.6296875 0.140625 0.11354166666666667
1 0.4786458333333333 0.38645833333333335 0.10729166666666666 0.08125
