1 0.3 0.3578125 0.10416666666666667 0.09895833333333333
1 0.5755208333333334 0.3359375 0.09895833333333333 0.090625
1 0.359375 0.6078125 0.11875 0.09895833333333333
1 0.9072916666666666 0.7130208333333333 0.11666666666666667 0.09895833333333333
0 0.2739583333333333 0.14375 0.20416666666666666 0.13125
0 0.6192708333333333 0.16458333333333333 0.14895833333333333 0.16666666666666666
0 0.8213541666666666 0.2947916666666667 0.20104166666666667 0.13541666666666666
0 0.7734375 0.5276041666666667 0.171875 0.17604166666666665
0 0.5765625 0.6723958333333333 0.109375 0.21770833333333334
0 0.5583333333333333 0.8776041666666666 0.19583333333333333 0.17604166666666665
0 0.3026041666666667 0.7307291666666667 0.21770833333333334 0.11979166666666667
0 0.13177083333333334 0.5098958333333333 0.21562499999999998 0.13020833333333334
0 0.5338541666666666 0.4515625 0.18854166666666666 0.10729166666666666
