0 0.16302083333333334 0.15677083333333333 0.146875 0.15520833333333334
0 0.37083333333333335 0.078125 0.13125 0.1375
0 0.5848958333333333 0.11145833333333333 0.09270833333333334 0.18125
0 0.5765625 0.2875 0.12604166666666666 0.15625
0 0.7885416666666667 0.3255208333333333 0.12916666666666665 0.15729166666666666
0 0.8276041666666667 0.6166666666666667 0.184375 0.13958333333333334
0 0.6703125 0.8046875 0.18229166666666666 0.121875
0 0.5270833333333333 0.6979166666666666 0.19166666666666665 0.11666666666666667
0 0.3286458333333333 0.8864583333333333 0.103125 0.19583333333333333
0 0.41354166666666664 0.5807291666666666 0.17291666666666666 0.10520833333333333
0 0.17604166666666665 0.5786458333333333 0.18333333333333332 0.09895833333333333
0 0.16875 0.365625 0.1125 0.15416666666666667
0 0.428125 0.2755208333333333 0.1625 0.08854166666666667
0 0.6359375 0.47291666666666665 0.153125 0.13541666666666666
1 0.40729166666666666 0.16145833333333334 0.10416666666666667 0.06875
1 0.34791666666666665 0.4161458333333333 0.1375 0.09479166666666666
1 0.21510416666666665 0.7828125 0.09270833333333334 0.11770833333333333
