1 0.5046875 0.1125 0.11562499999999999 0.09791666666666667
1 0.46979166666666666 0.29583333333333334 0.09375 0.11041666666666666
1 0.5661458333333333 0.45729166666666665 0.11562499999999999 0.13333333333333333
1 0.5895833333333333 0.6505208333333333 0.09791666666666667 0.128125
1 0.453125 0.5869791666666666 0.11666666666666667 0.13229166666666667
0 0.9125 0.2760416666666667 0.13333333333333333 0.19375
0 0.8057291666666666 0.4484375 0.128125 0.190625
0 0.678125 0.19895833333333332 0.14583333333333334 0.18125
0 0.7536458333333333 0.690625 0.14270833333333333 0.20416666666666666
0 0.6375 0.8875 0.17708333333333334 0.16458333333333333
0 0.4302083333333333 0.7947916666666667 0.17916666666666667 0.09791666666666667
0 0.21562499999999998 0.7192708333333333 0.22916666666666666 0.13854166666666667
0 0.21197916666666666 0.5541666666666667 0.10729166666666666 0.19583333333333333
0 0.34375 0.33489583333333334 0.12291666666666666 0.18020833333333333
0 0.2942708333333333 0.11145833333333333 0.13229166666666667 0.18333333333333332
0 0.16145833333333334 0.3520833333333333 0.10833333333333334 0.18333333333333332
