1 0.5895833333333333 0.7203125 0.1125 0.140625
0 0.5229166666666667 0.14114583333333333 0.15625 0.184375
0 0.6890625 0.290625 0.13229166666666667 0.15416666666666667
0 0.8083333333333333 0.3723958333333333 0.16666666666666666 0.128125
0 0.8937499999999999 0.6734375 0.17291666666666666 0.14270833333333333
0 0.7682291666666666 0.6239583333333333 0.18229166666666666 0.14583333333333334
0 0.6885416666666666 0.5072916666666667 0.15625 0.14583333333333334
0 0.5119791666666667 0.5421875 0.09895833333333333 0.18645833333333334
1 0.4552083333333333 0.38229166666666664 0.13958333333333334 0.11666666666666667
0 0.3302083333333333 0.24895833333333334 0.15208333333333332 0.17708333333333334
0 0.13541666666666666 0.346875 0.14375 0.16875
0 0.10833333333333334 0.5677083333333334 0.20833333333333334 0.09791666666666667
0 0.30885416666666665 0.665625 0.19895833333333332 0.12083333333333333
0 0.421875 0.8317708333333333 0.125 0.21979166666666666
0 0.6765625 0.890625 0.22604166666666667 0.11041666666666666
