1 0.5682291666666667 0.48802083333333335 0.08020833333333333 0.10729166666666666
1 0.634375 0.7729166666666667 0.09166666666666666 0.09583333333333333
0 0.7125 0.2869791666666667 0.13125 0.08854166666666667
0 0.7390625 0.48593749999999997 0.159375 0.08645833333333333
0 0.7526041666666666 0.6619791666666667 0.096875 0.18020833333333333
0 0.5473958333333333 0.6552083333333333 0.11979166666666667 0.13958333333333334
0 0.40625 0.9135416666666667 0.15416666666666667 0.09791666666666667
0 0.40781249999999997 0.7583333333333333 0.16354166666666667 0.09166666666666666
0 0.33697916666666666 0.6171875 0.14270833333333333 0.084375
0 0.3619791666666667 0.5135416666666667 0.146875 0.1
0 0.3776041666666667 0.3833333333333333 0.08645833333333333 0.13333333333333333
0 0.525 0.328125 0.10625 0.10833333333333334
0 0.5114583333333333 0.184375 0.1125 0.13125
0 0.3140625 0.23072916666666665 0.07604166666666666 0.171875
0 0.16927083333333334 0.3333333333333333 0.146875 0.1
0 0.18385416666666665 0.6421875 0.07604166666666666 0.16979166666666667
