0 0.75625 0.23385416666666667 0.14027777777777778 0.06979166666666667
0 0.56875 0.265625 0.1513888888888889 0.08541666666666667
0 0.7715277777777778 0.4140625 0.10694444444444445 0.134375
0 0.5263888888888889 0.4317708333333333 0.11111111111111112 0.12604166666666666
0 0.6145833333333334 0.5822916666666667 0.09583333333333334 0.1375
0 0.6680555555555556 0.7359375 0.09722222222222222 0.15729166666666666
0 0.5055555555555555 0.6010416666666667 0.11944444444444445 0.13333333333333333
0 0.3770833333333333 0.7234375 0.10972222222222222 0.140625
0 0.20694444444444446 0.7588541666666666 0.11111111111111112 0.15520833333333334
0 0.14583333333333334 0.6119791666666666 0.19444444444444445 0.07395833333333333
0 0.2326388888888889 0.4953125 0.1736111111111111 0.06770833333333333
0 0.32430555555555557 0.4265625 0.1902777777777778 0.071875
1 0.4340277777777778 0.3104166666666667 0.08472222222222223 0.0875
1 0.7368055555555556 0.6114583333333333 0.07916666666666666 0.07083333333333333
1 0.5222222222222223 0.7458333333333333 0.11944444444444445 0.0625
