0 0.5046875 0.14895833333333333 0.159375 0.10208333333333333
0 0.7182291666666667 0.3015625 0.14895833333333333 0.12604166666666666
0 0.3052083333333333 0.38645833333333335 0.16666666666666666 0.11041666666666666
0 0.43906249999999997 0.47812499999999997 0.14895833333333333 0.13958333333333334
1 0.209375 0.26666666666666666 0.1375 0.11875
0 0.20677083333333332 0.5453125 0.18229166666666666 0.08229166666666667
0 0.14635416666666667 0.7 0.16145833333333334 0.13541666666666666
0 0.271875 0.9161458333333333 0.17291666666666666 0.12604166666666666
0 0.4927083333333333 0.8875 0.11666666666666667 0.1875
0 0.5369791666666667 0.6713541666666667 0.096875 0.190625
0 0.6395833333333333 0.48385416666666664 0.16041666666666665 0.121875
0 0.8276041666666667 0.4973958333333333 0.14895833333333333 0.159375
1 0.7942708333333334 0.659375 0.09895833333333333 0.13125
1 0.6520833333333333 0.8286458333333333 0.12916666666666665 0.10104166666666667
1 0.35625 0.6505208333333333 0.08541666666666667 0.10729166666666666
1 0.5442708333333334 0.35 0.11770833333333333 0.10833333333333334
