1 0.28611111111111115 0.3171875 0.125 0.084375
1 0.545138888888889 0.5421875 0.1125 0.06979166666666667
1 0.8881944444444445 0.3880208333333333 0.09583333333333334 0.09479166666666666
0 0.6027777777777777 0.1859375 0.16666666666666669 0.11979166666666667
0 0.6472222222222223 0.36302083333333335 0.1 0.14479166666666665
0 0.6965277777777779 0.4630208333333333 0.1763888888888889 0.11354166666666667
0 0.6986111111111112 0.6208333333333333 0.19444444444444445 0.08125
0 0.5569444444444445 0.7604166666666666 0.21944444444444444 0.0875
0 0.4291666666666667 0.6614583333333334 0.16111111111111112 0.13541666666666666
0 0.4104166666666667 0.44427083333333334 0.1486111111111111 0.134375
0 0.4743055555555556 0.3255208333333333 0.10972222222222222 0.15729166666666666
0 0.21666666666666667 0.4161458333333333 0.18888888888888888 0.12604166666666666
0 0.12013888888888889 0.5067708333333333 0.2013888888888889 0.08645833333333333
0 0.19375 0.7182291666666667 0.14305555555555557 0.13854166666666667
