0 0.36614583333333334 0.07447916666666667 0.19270833333333334 0.090625
0 0.48333333333333334 0.20104166666666667 0.16458333333333333 0.15416666666666667
0 0.6958333333333333 0.18541666666666667 0.13333333333333333 0.17291666666666666
0 0.8567708333333334 0.32916666666666666 0.146875 0.14791666666666667
0 0.7010416666666667 0.39947916666666666 0.15833333333333333 0.14270833333333333
0 0.8994791666666666 0.5723958333333333 0.11354166666666667 0.203125
0 0.76875 0.7869791666666667 0.15208333333333332 0.15104166666666666
0 0.6338541666666666 0.6416666666666666 0.14895833333333333 0.15833333333333333
0 0.3640625 0.7494791666666667 0.17604166666666665 0.14895833333333333
0 0.3729166666666667 0.4401041666666667 0.18125 0.09479166666666666
0 0.24583333333333332 0.2171875 0.19791666666666666 0.084375
0 0.09583333333333333 0.5786458333333333 0.11458333333333333 0.18020833333333333
0 0.16822916666666665 0.9109375 0.19895833333333332 0.11770833333333333
1 0.5854166666666667 0.8739583333333333 0.13541666666666666 0.12291666666666666
1 0.5296875 0.35520833333333335 0.109375 0.11666666666666667
