0 0.484375 0.10677083333333333 0.12708333333333333 0.14895833333333333
0 0.6229166666666667 0.20208333333333334 0.09166666666666666 0.15416666666666667
0 0.7536458333333333 0.4348958333333333 0.109375 0.16354166666666667
0 0.8307291666666666 0.7651041666666667 0.18020833333333333 0.09270833333333334
0 0.5885416666666666 0.8364583333333333 0.14375 0.14791666666666667
0 0.53125 0.6421875 0.16041666666666665 0.121875
0 0.5385416666666667 0.3697916666666667 0.14791666666666667 0.13333333333333333
0 0.33177083333333335 0.5442708333333334 0.121875 0.16770833333333332
0 0.2484375 0.2 0.13645833333333332 0.12916666666666665
0 0.128125 0.4890625 0.2 0.090625
0 0.3182291666666667 0.7489583333333333 0.18645833333333334 0.1125
0 0.2630208333333333 0.9093749999999999 0.18229166666666666 0.1375
1 0.8375 0.8953125 0.1125 0.096875
1 0.8052083333333333 0.6223958333333334 0.13125 0.078125
1 0.6791666666666667 0.6869791666666667 0.11458333333333333 0.078125
1 0.5552083333333333 0.49166666666666664 0.11875 0.0875
0 0.746875 0.2359375 0.09375 0.146875
1 0.34791666666666665 0.340625 0.10625 0.08125
