1 0.38697916666666665 0.26666666666666666 0.12604166666666666 0.10625
1 0.5713541666666666 0.2598958333333333 0.10520833333333333 0.10729166666666666
1 0.5880208333333333 0.7447916666666666 0.09895833333333333 0.10416666666666667
1 0.3958333333333333 0.5609375 0.12916666666666665 0.103125
1 0.20729166666666665 0.7963541666666667 0.15208333333333332 0.11979166666666667
0 0.46197916666666666 0.1046875 0.13020833333333334 0.19895833333333332
0 0.8619791666666666 0.35 0.15104166666666666 0.14166666666666666
0 0.8953125 0.7380208333333333 0.17604166666666665 0.165625
0 0.7223958333333333 0.41354166666666664 0.18645833333333334 0.15208333333333332
0 0.6859375 0.6119791666666666 0.19479166666666667 0.14270833333333333
0 0.5494791666666666 0.4192708333333333 0.12395833333333334 0.190625
0 0.33125 0.4322916666666667 0.1375 0.16458333333333333
0 0.19010416666666666 0.284375 0.171875 0.15
0 0.18541666666666667 0.571875 0.11875 0.20416666666666666
0 0.37604166666666666 0.85 0.14375 0.22916666666666666
0 0.4505208333333333 0.6567708333333333 0.18854166666666666 0.103125
