1 0.42291666666666666 0.171875 0.11041666666666666 0.0875
1 0.6098958333333333 0.2625 0.096875 0.11041666666666666
1 0.7265625 0.37135416666666665 0.090625 0.13020833333333334
1 0.47604166666666664 0.5630208333333333 0.09166666666666666 0.11979166666666667
1 0.071875 0.4375 0.12083333333333333 0.12291666666666666
0 0.20364583333333333 0.17291666666666666 0.165625 0.15833333333333333
0 0.20781249999999998 0.3375 0.178125 0.09166666666666666
0 0.6177083333333333 0.10052083333333334 0.18958333333333333 0.13020833333333334
0 0.871875 0.2583333333333333 0.16666666666666666 0.14583333333333334
0 0.8770833333333333 0.5473958333333333 0.15416666666666667 0.16770833333333332
0 0.6041666666666666 0.5 0.175 0.11458333333333333
0 0.6911458333333333 0.6973958333333333 0.12604166666666666 0.19270833333333334
0 0.5479166666666666 0.8619791666666666 0.09791666666666667 0.209375
0 0.42552083333333335 0.35520833333333335 0.16354166666666667 0.11666666666666667
0 0.3182291666666667 0.4875 0.21562499999999998 0.12708333333333333
0 0.15729166666666666 0.671875 0.20416666666666666 0.10625
0 0.23854166666666665 0.8427083333333333 0.22291666666666665 0.1375
