1 0.1921875 0.24375 0.09895833333333333 0.1125
1 0.36875 0.23958333333333334 0.09166666666666666 0.10208333333333333
1 0.7098958333333333 0.3953125 0.09479166666666666 0.08020833333333333
1 0.5151041666666667 0.3734375 0.12395833333333334 0.09479166666666666
1 0.1734375 0.73125 0.103125 0.12708333333333333
0 0.35052083333333334 0.08802083333333333 0.128125 0.14479166666666665
0 0.5208333333333334 0.11927083333333333 0.175 0.103125
0 0.6192708333333333 0.25885416666666666 0.17395833333333333 0.128125
0 0.8619791666666666 0.45989583333333334 0.184375 0.08645833333333333
0 0.7682291666666666 0.6869791666666667 0.190625 0.11979166666666667
0 0.6770833333333334 0.8682291666666666 0.2125 0.153125
0 0.6046875 0.5380208333333333 0.165625 0.13229166666666667
0 0.425 0.6927083333333334 0.16458333333333333 0.09583333333333333
0 0.38697916666666665 0.9036458333333334 0.17604166666666665 0.13645833333333332
0 0.28229166666666666 0.4 0.13958333333333334 0.13541666666666666
0 0.2635416666666667 0.5494791666666666 0.20208333333333334 0.10729166666666666
0 0.0890625 0.4744791666666667 0.11145833333333333 0.17395833333333333
