1 0.228125 0.4 0.11666666666666667 0.08333333333333333
1 0.2755208333333333 0.4864583333333333 0.096875 0.08541666666666667
1 0.6109375 0.5677083333333334 0.08854166666666667 0.09583333333333333
0 0.4640625 0.20260416666666667 0.190625 0.09479166666666666
0 0.6947916666666667 0.31979166666666664 0.18333333333333332 0.13125
0 0.56875 0.396875 0.09791666666666667 0.17291666666666666
0 0.8416666666666667 0.6661458333333333 0.1625 0.165625
1 0.6182291666666666 0.765625 0.11979166666666667 0.15
0 0.48072916666666665 0.6088541666666667 0.15729166666666666 0.140625
0 0.45208333333333334 0.86875 0.12916666666666665 0.19166666666666665
0 0.240625 0.7479166666666667 0.19583333333333333 0.11666666666666667
0 0.16666666666666666 0.5828125 0.19166666666666665 0.14479166666666665
0 0.3848958333333333 0.4401041666666667 0.12395833333333334 0.18854166666666666
0 0.18645833333333334 0.29010416666666666 0.20416666666666666 0.109375
