1 0.6052083333333333 0.2453125 0.10416666666666667 0.09895833333333333
1 0.5083333333333333 0.6375 0.125 0.0875
1 0.7286458333333333 0.8901041666666667 0.11562499999999999 0.090625
1 0.1109375 0.6796875 0.13020833333333334 0.09895833333333333
0 0.44687499999999997 0.24010416666666667 0.08958333333333333 0.178125
0 0.19427083333333334 0.39739583333333334 0.171875 0.103125
0 0.3723958333333333 0.4375 0.09895833333333333 0.17708333333333334
0 0.5640625 0.41041666666666665 0.11979166666666667 0.1625
0 0.7255208333333333 0.3729166666666667 0.11145833333333333 0.15625
0 0.8328125 0.2677083333333333 0.171875 0.11041666666666666
0 0.8020833333333334 0.5145833333333333 0.17083333333333334 0.10416666666666667
0 0.8078124999999999 0.7572916666666667 0.18020833333333333 0.15208333333333332
0 0.6578125 0.6786458333333333 0.11354166666666667 0.16145833333333334
0 0.5515625 0.8859374999999999 0.15729166666666666 0.11770833333333333
0 0.34010416666666665 0.8494791666666667 0.17395833333333333 0.11145833333333333
0 0.346875 0.6463541666666667 0.09166666666666666 0.178125
