0 0.3416666666666667 0.2713541666666667 0.17291666666666666 0.090625
0 0.34375 0.41770833333333335 0.13958333333333334 0.15416666666666667
0 0.32135416666666666 0.5833333333333334 0.184375 0.10208333333333333
0 0.1390625 0.7833333333333333 0.10729166666666666 0.19166666666666665
0 0.33697916666666666 0.8020833333333334 0.103125 0.19791666666666666
0 0.4828125 0.8348958333333333 0.090625 0.16979166666666667
0 0.6453125 0.7036458333333333 0.209375 0.10729166666666666
0 0.6765625 0.5489583333333333 0.11979166666666667 0.15833333333333333
0 0.8276041666666667 0.5338541666666666 0.13020833333333334 0.153125
0 0.8088541666666667 0.3677083333333333 0.14895833333333333 0.13333333333333333
1 0.5760416666666667 0.3130208333333333 0.11666666666666667 0.128125
1 0.7588541666666666 0.2484375 0.103125 0.078125
1 0.5453125 0.14947916666666666 0.11145833333333333 0.07604166666666666
