0 0.43124999999999997 0.09947916666666666 0.19583333333333333 0.13229166666666667
0 0.2296875 0.171875 0.10729166666666666 0.20833333333333334
0 0.39375 0.42552083333333335 0.1875 0.109375
0 0.5463541666666667 0.28072916666666664 0.18229166666666666 0.11354166666666667
0 0.7536458333333333 0.16666666666666666 0.17395833333333333 0.13125
0 0.665625 0.3833333333333333 0.10833333333333334 0.18541666666666667
0 0.8619791666666666 0.475 0.14895833333333333 0.17708333333333334
0 0.5635416666666666 0.6526041666666667 0.10625 0.17604166666666665
0 0.40208333333333335 0.6067708333333334 0.14166666666666666 0.16354166666666667
0 0.5083333333333333 0.8635416666666667 0.19583333333333333 0.13125
0 0.20833333333333334 0.7776041666666667 0.22916666666666666 0.12604166666666666
0 0.12916666666666665 0.525 0.12291666666666666 0.20416666666666666
1 0.8635416666666667 0.2942708333333333 0.1375 0.11770833333333333
1 0.6932291666666667 0.56875 0.09479166666666666 0.1125
1 0.31979166666666664 0.32916666666666666 0.09166666666666666 0.1125
