0 0.28229166666666666 0.2109375 0.15625 0.146875
0 0.5432291666666667 0.19322916666666667 0.121875 0.14270833333333333
0 0.6328125 0.35260416666666666 0.203125 0.11354166666666667
0 0.7932291666666667 0.41822916666666665 0.19479166666666667 0.103125
0 0.7692708333333333 0.6140625 0.15104166666666666 0.19895833333333332
0 0.5875 0.4984375 0.16041666666666665 0.140625
0 0.8161458333333333 0.7994791666666666 0.11562499999999999 0.209375
0 0.5890625 0.8140625 0.16979166666666667 0.16770833333333332
0 0.3875 0.7104166666666667 0.20208333333333334 0.13125
0 0.26927083333333335 0.4161458333333333 0.15104166666666666 0.13854166666666667
0 0.38645833333333335 0.5505208333333333 0.1625 0.171875
0 0.15520833333333334 0.5265625 0.13333333333333333 0.16354166666666667
0 0.12916666666666665 0.7145833333333333 0.225 0.125
0 0.17447916666666666 0.8916666666666666 0.19479166666666667 0.1375
1 0.3875 0.3697916666666667 0.11666666666666667 0.08125
1 0.75 0.06770833333333333 0.125 0.0875
1 0.8046875 0.2833333333333333 0.08854166666666667 0.125
1 0.42343749999999997 0.9166666666666666 0.11145833333333333 0.15
