1 0.7666666666666667 0.44947916666666665 0.1388888888888889 0.078125
1 0.8812500000000001 0.3911458333333333 0.12361111111111112 0.08229166666666667
1 0.21041666666666667 0.73125 0.10972222222222222 0.11458333333333333
0 0.6972222222222223 0.5942708333333333 0.15 0.128125
0 0.8013888888888889 0.20416666666666666 0.14166666666666666 0.125
0 0.6944444444444444 0.10052083333333334 0.18333333333333335 0.078125
0 0.5243055555555556 0.20572916666666666 0.12361111111111112 0.12395833333333334
0 0.6534722222222222 0.34375 0.16527777777777777 0.09375
0 0.3701388888888889 0.19270833333333334 0.11527777777777778 0.14375
0 0.40902777777777777 0.4223958333333333 0.14305555555555557 0.134375
0 0.5583333333333333 0.5166666666666666 0.19166666666666668 0.11041666666666666
0 0.2743055555555556 0.35104166666666664 0.10694444444444445 0.15625
0 0.29444444444444445 0.5328125 0.17222222222222222 0.13020833333333334
0 0.4340277777777778 0.6880208333333333 0.20972222222222223 0.090625
0 0.8548611111111112 0.6932291666666667 0.22361111111111112 0.10104166666666667
0 0.6659722222222223 0.8104166666666667 0.14305555555555557 0.16666666666666666
0 0.4548611111111111 0.8161458333333333 0.2263888888888889 0.109375
