0 0.4041666666666667 0.13125 0.15833333333333333 0.10625
0 0.19375 0.3296875 0.19305555555555556 0.121875
0 0.39861111111111114 0.378125 0.11111111111111112 0.15416666666666667
0 0.5638888888888889 0.4239583333333333 0.20833333333333334 0.09166666666666666
0 0.7173611111111111 0.5260416666666666 0.18194444444444446 0.1
0 0.8555555555555556 0.6291666666666667 0.19444444444444445 0.0875
0 0.4666666666666667 0.7145833333333333 0.17777777777777778 0.10833333333333334
0 0.3340277777777778 0.7802083333333333 0.23472222222222222 0.07708333333333334
0 0.28125 0.6458333333333334 0.1375 0.12708333333333333
0 0.13333333333333333 0.5223958333333333 0.18055555555555555 0.11562499999999999
1 0.3090277777777778 0.49374999999999997 0.14027777777777778 0.09583333333333333
1 0.5798611111111112 0.3171875 0.11805555555555557 0.08854166666666667
1 0.5520833333333334 0.5791666666666666 0.09305555555555556 0.08541666666666667
