1 0.46510416666666665 0.44635416666666666 0.09895833333333333 0.13645833333333332
0 0.8541666666666666 0.5776041666666667 0.125 0.165625
0 0.6541666666666667 0.8348958333333333 0.11666666666666667 0.21145833333333333
0 0.6067708333333334 0.1515625 0.15104166666666666 0.16770833333333332
0 0.6994791666666667 0.3380208333333333 0.18020833333333333 0.090625
0 0.6619791666666667 0.5552083333333333 0.11354166666666667 0.18958333333333333
0 0.46822916666666664 0.6984375 0.09895833333333333 0.22395833333333334
0 0.3885416666666667 0.896875 0.21458333333333332 0.13958333333333334
0 0.209375 0.7197916666666666 0.14166666666666666 0.19375
0 0.23489583333333333 0.5161458333333333 0.20729166666666665 0.12604166666666666
0 0.38697916666666665 0.28854166666666664 0.13229166666666667 0.15
0 0.3104166666666667 0.08697916666666666 0.20416666666666666 0.11562499999999999
0 0.10625 0.36354166666666665 0.13541666666666666 0.17083333333333334
