1 0.24166666666666667 0.1484375 0.10416666666666667 0.06979166666666667
1 0.5786458333333333 0.1671875 0.08645833333333333 0.09479166666666666
1 0.8109375 0.39375 0.08854166666666667 0.09166666666666666
1 0.4640625 0.3984375 0.08645833333333333 0.09895833333333333
1 0.6239583333333333 0.9177083333333333 0.09375 0.08958333333333333
1 0.39427083333333335 0.8760416666666666 0.096875 0.1375
1 0.16302083333333334 0.6385416666666667 0.11562499999999999 0.09375
1 0.8494791666666667 0.5994791666666667 0.128125 0.11562499999999999
0 0.834375 0.7744791666666666 0.10208333333333333 0.196875
0 0.6109375 0.7114583333333333 0.159375 0.13958333333333334
0 0.4328125 0.6604166666666667 0.17395833333333333 0.12708333333333333
0 0.6239583333333333 0.49895833333333334 0.17708333333333334 0.12291666666666666
0 0.6010416666666667 0.3458333333333333 0.16041666666666665 0.1
0 0.6869791666666667 0.20364583333333333 0.11770833333333333 0.171875
0 0.4864583333333333 0.07708333333333334 0.16666666666666666 0.09583333333333333
0 0.3625 0.2890625 0.17083333333333334 0.090625
0 0.3333333333333333 0.5067708333333333 0.13125 0.16354166666666667
0 0.19583333333333333 0.31614583333333335 0.09166666666666666 0.165625
