0 0.37395833333333334 0.08802083333333333 0.14166666666666666 0.15104166666666666
0 0.20208333333333334 0.24635416666666665 0.17083333333333334 0.128125
0 0.3265625 0.31197916666666664 0.14479166666666665 0.15520833333333334
0 0.1609375 0.4317708333333333 0.11562499999999999 0.17604166666666665
0 0.6828125 0.19895833333333332 0.19479166666666667 0.075
0 0.8125 0.4786458333333333 0.14375 0.13854166666666667
0 0.884375 0.8380208333333333 0.10833333333333334 0.234375
0 0.56875 0.7828125 0.2 0.10104166666666667
0 0.3776041666666667 0.6109375 0.096875 0.190625
0 0.29375 0.8578125 0.18541666666666667 0.11145833333333333
0 0.5552083333333333 0.3765625 0.11875 0.16354166666666667
1 0.825 0.27291666666666664 0.10625 0.12083333333333333
1 0.5223958333333333 0.18489583333333334 0.084375 0.11770833333333333
1 0.6703125 0.5640625 0.13645833333333332 0.109375
1 0.4171875 0.45989583333333334 0.11979166666666667 0.10520833333333333
1 0.20260416666666667 0.6375 0.10104166666666667 0.11458333333333333
