0 0.359375 0.15260416666666665 0.14375 0.13020833333333334
0 0.4953125 0.2109375 0.084375 0.184375
0 0.6296875 0.2953125 0.090625 0.19270833333333334
0 0.8005208333333333 0.31354166666666666 0.14479166666666665 0.13541666666666666
0 0.734375 0.4890625 0.12083333333333333 0.14479166666666665
0 0.6880208333333333 0.7083333333333334 0.18020833333333333 0.09166666666666666
0 0.459375 0.6864583333333333 0.10208333333333333 0.19583333333333333
0 0.5015625 0.4427083333333333 0.16770833333333332 0.12916666666666665
0 0.37864583333333335 0.3765625 0.09270833333333334 0.17604166666666665
0 0.190625 0.28229166666666666 0.125 0.1625
0 0.10781249999999999 0.5010416666666666 0.15520833333333334 0.11875
0 0.15625 0.7447916666666666 0.09791666666666667 0.19166666666666665
0 0.3296875 0.8567708333333334 0.16354166666666667 0.14270833333333333
1 0.5822916666666667 0.915625 0.08958333333333333 0.12291666666666666
1 0.9026041666666667 0.5359375 0.121875 0.12604166666666666
1 0.6338541666666666 0.1125 0.103125 0.10625
1 0.2859375 0.54375 0.11354166666666667 0.0875
