0 0.25677083333333334 0.07239583333333333 0.171875 0.096875
0 0.5317708333333333 0.14114583333333333 0.12604166666666666 0.15104166666666666
0 0.7697916666666667 0.13333333333333333 0.175 0.09583333333333333
0 0.6463541666666667 0.27760416666666665 0.11770833333333333 0.14270833333333333
0 0.8520833333333333 0.5796875 0.10416666666666667 0.184375
0 0.8083333333333333 0.7260416666666667 0.1375 0.16666666666666666
0 0.7265625 0.8848958333333333 0.15520833333333334 0.10104166666666667
0 0.4984375 0.7307291666666667 0.15520833333333334 0.096875
0 0.4765625 0.9145833333333333 0.17395833333333333 0.1125
0 0.596875 0.5765625 0.125 0.14895833333333333
0 0.47604166666666664 0.3729166666666667 0.15208333333333332 0.125
0 0.2296875 0.2947916666666667 0.18020833333333333 0.10833333333333334
0 0.3067708333333333 0.4536458333333333 0.16354166666666667 0.084375
0 0.19947916666666665 0.5973958333333333 0.14895833333333333 0.121875
0 0.18854166666666666 0.8036458333333333 0.16666666666666666 0.11770833333333333
1 0.42135416666666664 0.5786458333333333 0.09479166666666666 0.084375
1 0.39166666666666666 0.1984375 0.12083333333333333 0.096875
1 0.7859375 0.35052083333333334 0.084375 0.103125
