0 0.6203125 0.09010416666666667 0.18229166666666666 0.08645833333333333
0 0.8088541666666667 0.22343749999999998 0.11770833333333333 0.159375
0 0.603125 0.31666666666666665 0.0875 0.16041666666666665
0 0.7651041666666667 0.3770833333333333 0.14895833333333333 0.0875
0 0.42343749999999997 0.15260416666666665 0.10520833333333333 0.165625
0 0.19270833333333334 0.48385416666666664 0.1875 0.10104166666666667
0 0.428125 0.5260416666666666 0.1875 0.08541666666666667
1 0.2708333333333333 0.30052083333333335 0.11458333333333333 0.15104166666666666
0 0.6677083333333333 0.8807291666666667 0.11458333333333333 0.178125
0 0.471875 0.8015625 0.10625 0.190625
0 0.2989583333333333 0.8817708333333333 0.1375 0.19479166666666667
1 0.8229166666666666 0.6739583333333333 0.14375 0.10625
1 0.6484375 0.5098958333333333 0.11354166666666667 0.12604166666666666
1 0.4427083333333333 0.3515625 0.09166666666666666 0.096875
1 0.24322916666666666 0.7119791666666666 0.08854166666666667 0.11770833333333333
