0 0.3223958333333333 0.13229166666666667 0.12604166666666666 0.15416666666666667
0 0.46197916666666666 0.146875 0.10729166666666666 0.17291666666666666
0 0.615625 0.2526041666666667 0.15833333333333333 0.12604166666666666
0 0.7270833333333333 0.16354166666666667 0.12708333333333333 0.16458333333333333
0 0.8291666666666666 0.55 0.18958333333333333 0.10208333333333333
0 0.8421875 0.7609375 0.18645833333333334 0.12604166666666666
0 0.6640625 0.5411458333333333 0.09270833333333334 0.209375
0 0.3927083333333333 0.471875 0.1 0.16666666666666666
0 0.4125 0.6942708333333333 0.15 0.15104166666666666
0 0.3338541666666667 0.8817708333333333 0.159375 0.17395833333333333
0 0.1953125 0.5208333333333334 0.184375 0.12291666666666666
0 0.29010416666666666 0.32916666666666666 0.11145833333333333 0.17083333333333334
1 0.5223958333333333 0.43072916666666666 0.11562499999999999 0.11562499999999999
1 0.521875 0.5880208333333333 0.10208333333333333 0.10104166666666667
1 0.5854166666666667 0.8359375 0.10833333333333334 0.11979166666666667
1 0.8192708333333333 0.3484375 0.09270833333333334 0.090625
