0 0.3703125 0.2786458333333333 0.18020833333333333 0.12604166666666666
0 0.5171875 0.1484375 0.17395833333333333 0.08854166666666667
0 0.7953125 0.30052083333333335 0.13020833333333334 0.12395833333333334
0 0.7447916666666666 0.42916666666666664 0.15 0.13333333333333333
0 0.5895833333333333 0.35 0.175 0.07916666666666666
0 0.6463541666666667 0.584375 0.18854166666666666 0.09791666666666667
0 0.4927083333333333 0.45625 0.15416666666666667 0.12083333333333333
0 0.325 0.5447916666666667 0.125 0.15833333333333333
0 0.18177083333333333 0.5276041666666667 0.184375 0.08020833333333333
0 0.134375 0.7244791666666667 0.1625 0.146875
0 0.3796875 0.759375 0.096875 0.18333333333333332
0 0.534375 0.7916666666666666 0.15833333333333333 0.11875
0 0.303125 0.8723958333333334 0.15208333333333332 0.153125
1 0.6901041666666666 0.8364583333333333 0.11562499999999999 0.08541666666666667
1 0.4322916666666667 0.6015625 0.075 0.11562499999999999
1 0.8682291666666666 0.65625 0.11979166666666667 0.12708333333333333
1 0.3078125 0.3911458333333333 0.10104166666666667 0.090625
1 0.6979166666666666 0.17447916666666666 0.075 0.11770833333333333
