1 0.43680555555555556 0.13229166666666667 0.12083333333333333 0.10625
1 0.45625000000000004 0.6838541666666667 0.11805555555555557 0.10729166666666666
1 0.7527777777777778 0.23072916666666665 0.16666666666666669 0.09895833333333333
0 0.6347222222222223 0.13489583333333333 0.10277777777777779 0.15520833333333334
0 0.7916666666666667 0.4192708333333333 0.22222222222222224 0.08645833333333333
0 0.8791666666666667 0.6 0.15 0.13541666666666666
0 0.6715277777777778 0.5510416666666667 0.2263888888888889 0.08333333333333333
0 0.7305555555555556 0.721875 0.11388888888888889 0.18541666666666667
0 0.5222222222222223 0.29635416666666664 0.23055555555555557 0.07604166666666666
0 0.2569444444444445 0.234375 0.18055555555555555 0.14375
0 0.14097222222222222 0.4010416666666667 0.14027777777777778 0.16875
0 0.44722222222222224 0.43645833333333334 0.2111111111111111 0.09375
0 0.37986111111111115 0.5427083333333333 0.1486111111111111 0.15416666666666667
0 0.2125 0.6369791666666667 0.2 0.12604166666666666
0 0.26458333333333334 0.7859375 0.2625 0.103125
0 0.5729166666666667 0.7880208333333333 0.2263888888888889 0.09270833333333334
