0 0.121875 0.16197916666666667 0.14375 0.090625
0 0.3677083333333333 0.16822916666666665 0.1 0.16770833333333332
0 0.4265625 0.28229166666666666 0.09479166666666666 0.15416666666666667
0 0.5572916666666666 0.16197916666666667 0.1875 0.084375
0 0.6838541666666667 0.39947916666666666 0.16354166666666667 0.11145833333333333
0 0.8630208333333333 0.7322916666666667 0.178125 0.12708333333333333
0 0.5536458333333333 0.6552083333333333 0.128125 0.14583333333333334
0 0.5296875 0.4744791666666667 0.08645833333333333 0.16354166666666667
0 0.35885416666666664 0.48802083333333335 0.13229166666666667 0.128125
0 0.18697916666666667 0.390625 0.15729166666666666 0.09375
0 0.14166666666666666 0.5557291666666666 0.17291666666666666 0.11979166666666667
0 0.1640625 0.7630208333333334 0.16354166666666667 0.10729166666666666
0 0.4276041666666667 0.865625 0.18854166666666666 0.09791666666666667
1 0.20572916666666666 0.28541666666666665 0.11979166666666667 0.09375
1 0.5588541666666667 0.3145833333333333 0.10729166666666666 0.10416666666666667
1 0.7416666666666667 0.5760416666666667 0.075 0.1
1 0.7984375 0.9145833333333333 0.096875 0.07916666666666666
1 0.5755208333333334 0.775 0.08229166666666667 0.08958333333333333
1 0.3416666666666667 0.7020833333333333 0.08958333333333333 0.12916666666666665
