1 0.5557291666666666 0.33958333333333335 0.07604166666666666 0.125
1 0.8895833333333333 0.5083333333333333 0.12708333333333333 0.1
1 0.7630208333333334 0.7052083333333333 0.08020833333333333 0.11875
1 0.4317708333333333 0.9171874999999999 0.13229166666666667 0.10729166666666666
0 0.6213541666666667 0.7640625 0.09479166666666666 0.18020833333333333
0 0.6864583333333333 0.4979166666666667 0.07291666666666667 0.18541666666666667
0 0.7916666666666666 0.23854166666666665 0.15416666666666667 0.15
0 0.6260416666666666 0.18958333333333333 0.0875 0.16458333333333333
0 0.48593749999999997 0.10052083333333334 0.159375 0.103125
0 0.2947916666666667 0.2125 0.08958333333333333 0.15833333333333333
0 0.3578125 0.45260416666666664 0.14895833333333333 0.10729166666666666
0 0.4640625 0.6135416666666667 0.13854166666666667 0.14375
0 0.21354166666666666 0.5354166666666667 0.17708333333333334 0.12708333333333333
0 0.19010416666666666 0.7760416666666666 0.16145833333333334 0.15208333333333332
