1 0.5916666666666667 0.30104166666666665 0.07708333333333334 0.07291666666666667
1 0.603125 0.6130208333333333 0.075 0.11770833333333333
1 0.29010416666666666 0.8328125 0.10520833333333333 0.128125
1 0.4578125 0.2953125 0.109375 0.109375
0 0.6609375 0.22135416666666666 0.153125 0.10729166666666666
0 0.7953125 0.44947916666666665 0.17395833333333333 0.084375
0 0.7369791666666666 0.7109375 0.171875 0.084375
0 0.48020833333333335 0.6609375 0.10833333333333334 0.171875
0 0.33125 0.6265625 0.16666666666666666 0.109375
0 0.15677083333333333 0.6401041666666667 0.11979166666666667 0.14479166666666665
0 0.2546875 0.37916666666666665 0.140625 0.14791666666666667
0 0.35104166666666664 0.17760416666666667 0.14583333333333334 0.121875
0 0.4875 0.4145833333333333 0.12916666666666665 0.12291666666666666
0 0.6255208333333333 0.4588541666666667 0.14270833333333333 0.140625
