0 0.6763888888888889 0.11302083333333333 0.1638888888888889 0.10104166666666667
0 0.8638888888888889 0.259375 0.19722222222222224 0.06875
0 0.6173611111111111 0.403125 0.2013888888888889 0.08541666666666667
0 0.41944444444444445 0.30416666666666664 0.2 0.08125
0 0.2326388888888889 0.3421875 0.17916666666666667 0.11562499999999999
0 0.38958333333333334 0.4614583333333333 0.22361111111111112 0.07916666666666666
0 0.39861111111111114 0.5583333333333333 0.21944444444444444 0.08958333333333333
0 0.6270833333333333 0.6010416666666667 0.09027777777777778 0.1625
0 0.7965277777777778 0.7270833333333333 0.10972222222222222 0.16666666666666666
0 0.6104166666666667 0.8078124999999999 0.20972222222222223 0.096875
0 0.4138888888888889 0.7333333333333333 0.1638888888888889 0.13541666666666666
0 0.13333333333333333 0.7239583333333334 0.14166666666666666 0.17708333333333334
1 0.5541666666666667 0.20625 0.1388888888888889 0.06666666666666667
1 0.8444444444444444 0.4197916666666667 0.10277777777777779 0.07916666666666666
