0 0.228125 0.19427083333333334 0.14375 0.140625
0 0.1109375 0.38958333333333334 0.10520833333333333 0.18958333333333333
0 0.3619791666666667 0.4005208333333333 0.19479166666666667 0.08854166666666667
0 0.40572916666666664 0.15520833333333334 0.11770833333333333 0.17291666666666666
0 0.5395833333333333 0.128125 0.09791666666666667 0.16041666666666665
0 0.6614583333333334 0.13541666666666666 0.10625 0.17708333333333334
0 0.6479166666666667 0.3260416666666667 0.16458333333333333 0.10208333333333333
0 0.828125 0.365625 0.12291666666666666 0.16041666666666665
0 0.8677083333333333 0.5520833333333334 0.17083333333333334 0.10625
0 0.9067708333333333 0.7036458333333333 0.17395833333333333 0.13229166666666667
0 0.6802083333333333 0.5197916666666667 0.17708333333333334 0.10416666666666667
0 0.6645833333333333 0.6973958333333333 0.18541666666666667 0.13020833333333334
0 0.39947916666666666 0.63125 0.18229166666666666 0.10208333333333333
0 0.19270833333333334 0.8645833333333334 0.125 0.21666666666666667
0 0.075 0.6776041666666667 0.09583333333333333 0.184375
1 0.21979166666666666 0.5828125 0.07916666666666666 0.13645833333333332
1 0.4828125 0.8166666666666667 0.096875 0.10625
1 0.5104166666666666 0.45729166666666665 0.10416666666666667 0.0875
1 0.8348958333333333 0.22135416666666666 0.10520833333333333 0.090625
1 0.7890625 0.057812499999999996 0.11979166666666667 0.078125
