1 0.35104166666666664 0.528125 0.1 0.09375
0 0.25729166666666664 0.21927083333333333 0.11666666666666667 0.13229166666666667
0 0.1671875 0.3578125 0.153125 0.121875
0 0.29635416666666664 0.3848958333333333 0.146875 0.13645833333333332
0 0.4166666666666667 0.21041666666666667 0.1625 0.08333333333333333
0 0.6338541666666666 0.2739583333333333 0.165625 0.11041666666666666
0 0.5119791666666667 0.3416666666666667 0.178125 0.075
0 0.7125 0.46041666666666664 0.12916666666666665 0.14375
0 0.8557291666666667 0.3723958333333333 0.090625 0.171875
0 0.5260416666666666 0.4578125 0.19791666666666666 0.08645833333333333
0 0.7286458333333333 0.6401041666666667 0.11145833333333333 0.16354166666666667
0 0.4927083333333333 0.6666666666666666 0.17291666666666666 0.09583333333333333
0 0.49374999999999997 0.8369791666666666 0.13541666666666666 0.16145833333333334
0 0.2838541666666667 0.8145833333333333 0.096875 0.175
0 0.17239583333333333 0.7270833333333333 0.140625 0.15833333333333333
0 0.17083333333333334 0.525 0.15416666666666667 0.15208333333333332
