1 0.7895833333333333 0.3953125 0.10625 0.08229166666666667
1 0.5578125 0.3364583333333333 0.09270833333333334 0.0625
1 0.39947916666666666 0.08385416666666666 0.09895833333333333 0.09270833333333334
1 0.12083333333333333 0.5385416666666667 0.11875 0.08541666666666667
1 0.42291666666666666 0.7333333333333333 0.08541666666666667 0.09791666666666667
1 0.7333333333333333 0.6979166666666666 0.1 0.0875
0 0.5729166666666666 0.14114583333333333 0.15625 0.13645833333333332
0 0.45208333333333334 0.21927083333333333 0.14583333333333334 0.084375
0 0.26927083333333335 0.171875 0.09895833333333333 0.14791666666666667
0 0.21822916666666667 0.32708333333333334 0.18229166666666666 0.09791666666666667
0 0.403125 0.3729166666666667 0.12916666666666665 0.15208333333333332
0 0.35833333333333334 0.5463541666666667 0.1125 0.14895833333333333
0 0.575 0.4239583333333333 0.17083333333333334 0.08333333333333333
0 0.7395833333333334 0.521875 0.2 0.09791666666666667
0 0.5651041666666666 0.6177083333333333 0.10104166666666667 0.17708333333333334
0 0.6166666666666667 0.8130208333333333 0.13541666666666666 0.19270833333333334
0 0.45677083333333335 0.9239583333333333 0.16979166666666667 0.11875
0 0.24375 0.7354166666666666 0.16666666666666666 0.13333333333333333
