1 0.5234375 0.37135416666666665 0.11770833333333333 0.08229166666666667
1 0.6921875 0.409375 0.103125 0.125
1 0.4302083333333333 0.5541666666666667 0.11458333333333333 0.09375
1 0.49374999999999997 0.8854166666666666 0.10416666666666667 0.10208333333333333
0 0.8463541666666666 0.2833333333333333 0.16354166666666667 0.13333333333333333
0 0.8989583333333333 0.49374999999999997 0.14791666666666667 0.15625
0 0.7354166666666666 0.6239583333333333 0.09583333333333333 0.18125
0 0.75625 0.8166666666666667 0.175 0.12708333333333333
0 0.5239583333333333 0.6666666666666666 0.20416666666666666 0.10625
0 0.25104166666666666 0.8921875 0.12708333333333333 0.184375
0 0.18541666666666667 0.6645833333333333 0.16875 0.13958333333333334
0 0.23697916666666666 0.5234375 0.103125 0.18020833333333333
0 0.31979166666666664 0.29791666666666666 0.13125 0.175
0 0.5260416666666666 0.2359375 0.16875 0.11145833333333333
0 0.6322916666666667 0.14583333333333334 0.1625 0.08541666666666667
0 0.41875 0.103125 0.0875 0.175
