1 0.45416666666666666 0.3296875 0.08333333333333334 0.096875
1 0.7291666666666667 0.3703125 0.10555555555555556 0.109375
0 0.7618055555555556 0.17239583333333333 0.1513888888888889 0.11770833333333333
0 0.8486111111111111 0.4927083333333333 0.2 0.09791666666666667
0 0.7395833333333334 0.6635416666666667 0.13194444444444445 0.15
0 0.6194444444444445 0.5682291666666667 0.18611111111111112 0.12604166666666666
0 0.5895833333333333 0.4505208333333333 0.1763888888888889 0.08020833333333333
0 0.5944444444444444 0.2453125 0.18055555555555555 0.096875
0 0.3611111111111111 0.22708333333333333 0.1277777777777778 0.14375
0 0.27361111111111114 0.4015625 0.16944444444444445 0.11354166666666667
0 0.2881944444444445 0.5208333333333334 0.20694444444444446 0.08541666666666667
0 0.33611111111111114 0.6385416666666667 0.21944444444444444 0.10833333333333334
0 0.5208333333333334 0.7328125 0.17777777777777778 0.13645833333333332
0 0.23194444444444445 0.8322916666666667 0.18888888888888888 0.1375
