0 0.2546875 0.175 0.19479166666666667 0.10625
0 0.571875 0.22135416666666666 0.15625 0.10520833333333333
0 0.8338541666666667 0.2296875 0.14270833333333333 0.15729166666666666
0 0.7890625 0.5171875 0.146875 0.15520833333333334
0 0.8661458333333333 0.6416666666666666 0.17395833333333333 0.12708333333333333
0 0.5791666666666666 0.6760416666666667 0.16458333333333333 0.11458333333333333
0 0.5776041666666667 0.48020833333333335 0.10104166666666667 0.18125
0 0.4125 0.4083333333333333 0.13125 0.16041666666666665
0 0.25364583333333335 0.5697916666666667 0.203125 0.0875
0 0.36302083333333335 0.7317708333333334 0.13645833333333332 0.17395833333333333
0 0.4869791666666667 0.8994791666666666 0.171875 0.10729166666666666
0 0.1921875 0.7854166666666667 0.16145833333333334 0.14791666666666667
1 0.39479166666666665 0.21302083333333333 0.09583333333333333 0.07395833333333333
1 0.6869791666666667 0.4171875 0.071875 0.103125
1 0.7416666666666667 0.8130208333333333 0.11666666666666667 0.10520833333333333
1 0.21354166666666666 0.36875 0.09791666666666667 0.13125
