0 0.3078125 0.1203125 0.17395833333333333 0.10729166666666666
0 0.2328125 0.225 0.17395833333333333 0.09791666666666667
0 0.24010416666666667 0.3421875 0.159375 0.09270833333333334
0 0.3989583333333333 0.365625 0.09583333333333333 0.15625
0 0.5557291666666666 0.47604166666666664 0.11562499999999999 0.18541666666666667
0 0.80625 0.40729166666666666 0.10625 0.18541666666666667
0 0.8375 0.7729166666666667 0.17083333333333334 0.17083333333333334
0 0.47812499999999997 0.8421875 0.16875 0.15729166666666666
0 0.22447916666666667 0.4828125 0.19479166666666667 0.11145833333333333
1 0.3875 0.5958333333333333 0.15208333333333332 0.14791666666666667
0 0.1640625 0.6411458333333333 0.203125 0.090625
1 0.6458333333333334 0.3020833333333333 0.1375 0.10833333333333334
1 0.4739583333333333 0.1828125 0.07708333333333334 0.08854166666666667
1 0.578125 0.6151041666666667 0.09583333333333333 0.10104166666666667
1 0.2708333333333333 0.7744791666666666 0.09375 0.096875
