1 0.49375 0.2921875 0.14027777777777778 0.071875
1 0.7895833333333334 0.609375 0.09305555555555556 0.09166666666666666
0 0.8534722222222223 0.23489583333333333 0.10694444444444445 0.14479166666666665
0 0.8854166666666667 0.4 0.1902777777777778 0.12708333333333333
0 0.6451388888888889 0.4015625 0.10694444444444445 0.14479166666666665
0 0.6125 0.21197916666666666 0.10555555555555556 0.14270833333333333
0 0.4305555555555556 0.165625 0.13333333333333333 0.13958333333333334
0 0.1527777777777778 0.296875 0.24166666666666667 0.0875
0 0.36736111111111114 0.3723958333333333 0.15416666666666667 0.134375
0 0.45 0.4739583333333333 0.21944444444444444 0.07083333333333333
0 0.5416666666666667 0.5802083333333333 0.10833333333333334 0.15625
0 0.6486111111111111 0.7083333333333334 0.19722222222222224 0.08333333333333333
0 0.43333333333333335 0.7880208333333333 0.15555555555555556 0.140625
0 0.38680555555555557 0.6364583333333333 0.14583333333333334 0.16041666666666665
0 0.2652777777777778 0.5494791666666666 0.13055555555555556 0.14479166666666665
0 0.22986111111111113 0.7510416666666666 0.18194444444444446 0.15
