0 0.23645833333333333 0.1640625 0.15 0.078125
0 0.53125 0.0734375 0.13958333333333334 0.09479166666666666
0 0.7348958333333333 0.10677083333333333 0.19479166666666667 0.08229166666666667
0 0.5364583333333334 0.24010416666666667 0.11458333333333333 0.146875
0 0.7541666666666667 0.2984375 0.17083333333333334 0.07604166666666666
0 0.2682291666666667 0.3484375 0.11145833333333333 0.16770833333333332
0 0.5505208333333333 0.4395833333333333 0.16145833333333334 0.0875
0 0.7395833333333334 0.4614583333333333 0.16666666666666666 0.0875
0 0.7989583333333333 0.5770833333333333 0.17708333333333334 0.11875
0 0.9010416666666666 0.7729166666666667 0.15625 0.14375
0 0.6708333333333333 0.8317708333333333 0.075 0.190625
0 0.5473958333333333 0.7088541666666667 0.140625 0.140625
0 0.3755208333333333 0.7927083333333333 0.13645833333333332 0.16041666666666665
0 0.3755208333333333 0.5838541666666667 0.16979166666666667 0.10104166666666667
0 0.17239583333333333 0.5619791666666667 0.12395833333333334 0.146875
0 0.17916666666666667 0.8880208333333334 0.13541666666666666 0.171875
1 0.19375 0.6708333333333333 0.13333333333333333 0.11041666666666666
1 0.40260416666666665 0.434375 0.11145833333333333 0.08125
1 0.9098958333333333 0.45260416666666664 0.09270833333333334 0.09895833333333333
1 0.42916666666666664 0.15572916666666667 0.0875 0.09895833333333333
