0 0.25364583333333335 0.17864583333333334 0.08020833333333333 0.14895833333333333
0 0.5239583333333333 0.08697916666666666 0.15208333333333332 0.11354166666666667
0 0.7130208333333333 0.11458333333333333 0.14270833333333333 0.10833333333333334
0 0.6807291666666666 0.26458333333333334 0.18020833333333333 0.07916666666666666
0 0.8177083333333334 0.3911458333333333 0.10625 0.153125
0 0.8598958333333333 0.7223958333333333 0.090625 0.16354166666666667
0 0.6692708333333334 0.37395833333333334 0.16145833333333334 0.1
0 0.6822916666666666 0.49114583333333334 0.14583333333333334 0.096875
0 0.6645833333333333 0.7958333333333333 0.10833333333333334 0.17291666666666666
0 0.45989583333333334 0.8828125 0.14270833333333333 0.16354166666666667
0 0.2869791666666667 0.775 0.153125 0.12708333333333333
0 0.4 0.6270833333333333 0.1625 0.08958333333333333
0 0.30625 0.5109375 0.18541666666666667 0.078125
0 0.4921875 0.35260416666666666 0.11979166666666667 0.14895833333333333
0 0.4046875 0.24010416666666667 0.078125 0.16354166666666667
1 0.24114583333333334 0.34322916666666664 0.07604166666666666 0.11145833333333333
1 0.5067708333333333 0.465625 0.11145833333333333 0.08125
1 0.6328125 0.6505208333333333 0.10729166666666666 0.08020833333333333
1 0.8208333333333333 0.5541666666666667 0.1 0.08541666666666667
1 0.8677083333333333 0.23020833333333332 0.09791666666666667 0.11041666666666666
