0 0.33489583333333334 0.12916666666666665 0.171875 0.12916666666666665
0 0.5520833333333334 0.103125 0.2 0.1
0 0.7307291666666667 0.14166666666666666 0.15729166666666666 0.15833333333333333
0 0.8151041666666666 0.24479166666666666 0.184375 0.1
0 0.6317708333333333 0.41562499999999997 0.15104166666666666 0.14791666666666667
0 0.9052083333333333 0.5192708333333333 0.10208333333333333 0.184375
0 0.8578125 0.7671875 0.096875 0.20520833333333333
0 0.6953125 0.6390625 0.16770833333333332 0.084375
0 0.6760416666666667 0.5421875 0.20416666666666666 0.084375
0 0.4067708333333333 0.4817708333333333 0.12395833333333334 0.178125
0 0.28125 0.2796875 0.19166666666666665 0.13020833333333334
0 0.20885416666666667 0.40520833333333334 0.15104166666666666 0.16666666666666666
0 0.24947916666666667 0.6359375 0.103125 0.19895833333333332
0 0.3833333333333333 0.7859375 0.14166666666666666 0.17604166666666665
0 0.19114583333333332 0.8890625 0.184375 0.13020833333333334
1 0.121875 0.6890625 0.1375 0.09479166666666666
1 0.6192708333333333 0.7979166666666666 0.09895833333333333 0.12291666666666666
1 0.4432291666666667 0.6364583333333333 0.11354166666666667 0.12083333333333333
1 0.47031249999999997 0.25364583333333335 0.096875 0.12604166666666666
1 0.7895833333333333 0.3854166666666667 0.12916666666666665 0.12708333333333333
