0 0.2640625 0.24270833333333333 0.13854166666666667 0.17083333333333334
0 0.49114583333333334 0.2583333333333333 0.10520833333333333 0.2
0 0.8932291666666666 0.2875 0.196875 0.14166666666666666
0 0.7901041666666666 0.6739583333333333 0.11979166666666667 0.20625
0 0.6057291666666667 0.6291666666666667 0.17604166666666665 0.175
0 0.5380208333333333 0.8833333333333333 0.17604166666666665 0.14791666666666667
0 0.3338541666666667 0.75 0.20520833333333333 0.15416666666666667
0 0.17916666666666667 0.5302083333333333 0.19375 0.15416666666666667
1 0.3833333333333333 0.5036458333333333 0.125 0.09270833333333334
1 0.6401041666666667 0.29322916666666665 0.134375 0.08854166666666667
1 0.6270833333333333 0.440625 0.11666666666666667 0.09791666666666667
1 0.7796875 0.48593749999999997 0.09270833333333334 0.08645833333333333
