1 0.6888888888888889 0.26979166666666665 0.13055555555555556 0.11666666666666667
1 0.8180555555555555 0.48593749999999997 0.09444444444444444 0.059375
1 0.53125 0.4984375 0.1375 0.084375
1 0.4979166666666667 0.33541666666666664 0.08472222222222223 0.08125
1 0.32222222222222224 0.3151041666666667 0.08333333333333334 0.06145833333333333
0 0.5715277777777777 0.19114583333333332 0.16527777777777777 0.11145833333333333
0 0.28750000000000003 0.24687499999999998 0.2111111111111111 0.09583333333333333
0 0.18472222222222223 0.47031249999999997 0.15833333333333333 0.13229166666666667
0 0.3770833333333333 0.4765625 0.16805555555555557 0.109375
0 0.33263888888888893 0.6703125 0.20694444444444446 0.078125
0 0.5472222222222223 0.6494791666666666 0.15 0.11354166666666667
0 0.7527777777777778 0.5901041666666667 0.14722222222222223 0.13229166666666667
0 0.64375 0.3984375 0.18194444444444446 0.103125
0 0.7986111111111112 0.35052083333333334 0.18333333333333335 0.103125
