1 0.5390625 0.3463541666666667 0.11145833333333333 0.071875
0 0.5635416666666666 0.08958333333333333 0.13333333333333333 0.12083333333333333
0 0.6796875 0.20416666666666666 0.16145833333333334 0.10416666666666667
0 0.8588541666666667 0.4427083333333333 0.14895833333333333 0.15625
0 0.6557291666666667 0.4203125 0.190625 0.09479166666666666
0 0.3375 0.15520833333333334 0.1125 0.15625
0 0.3807291666666667 0.3546875 0.09895833333333333 0.15729166666666666
0 0.4796875 0.49635416666666665 0.16979166666666667 0.11354166666666667
0 0.171875 0.32916666666666666 0.19375 0.125
0 0.20208333333333334 0.60625 0.14375 0.17916666666666667
0 0.440625 0.6619791666666667 0.17916666666666667 0.10729166666666666
0 0.6666666666666666 0.6552083333333333 0.13333333333333333 0.14583333333333334
0 0.7880208333333333 0.75 0.090625 0.19583333333333333
0 0.4848958333333333 0.8119791666666667 0.171875 0.11979166666666667
0 0.278125 0.8895833333333333 0.2 0.10625
