0 0.590625 0.15 0.14166666666666666 0.1125
0 0.6703125 0.2911458333333333 0.15729166666666666 0.07395833333333333
0 0.8567708333333334 0.4510416666666667 0.15520833333333334 0.10833333333333334
0 0.3442708333333333 0.26145833333333335 0.109375 0.13541666666666666
0 0.14427083333333332 0.4552083333333333 0.14895833333333333 0.13333333333333333
0 0.35052083333333334 0.4359375 0.08645833333333333 0.15104166666666666
0 0.20416666666666666 0.6427083333333333 0.14791666666666667 0.15208333333333332
0 0.5708333333333333 0.553125 0.08541666666666667 0.16458333333333333
0 0.4317708333333333 0.7166666666666667 0.14270833333333333 0.16875
0 0.6177083333333333 0.8213541666666666 0.13541666666666666 0.134375
0 0.4583333333333333 0.9203125 0.18125 0.08229166666666667
1 0.7927083333333333 0.6458333333333334 0.10625 0.11875
1 0.7161458333333334 0.49114583333333334 0.09895833333333333 0.06979166666666667
1 0.859375 0.22604166666666667 0.1 0.09166666666666666
1 0.46875 0.31354166666666666 0.09583333333333333 0.09375
1 0.19947916666666665 0.8088541666666667 0.08645833333333333 0.12395833333333334
