1 0.4083333333333333 0.3619791666666667 0.12291666666666666 0.096875
0 0.6786458333333333 0.15052083333333333 0.18020833333333333 0.071875
0 0.7364583333333333 0.3109375 0.15208333333333332 0.09895833333333333
0 0.825 0.384375 0.11666666666666667 0.14583333333333334
0 0.9171874999999999 0.5770833333333333 0.10729166666666666 0.16875
0 0.7104166666666667 0.7921875 0.13125 0.15104166666666666
0 0.7364583333333333 0.5614583333333333 0.10416666666666667 0.16875
0 0.5953125 0.4041666666666667 0.11562499999999999 0.15
0 0.5442708333333334 0.5677083333333334 0.12604166666666666 0.15208333333333332
0 0.4583333333333333 0.8651041666666667 0.11666666666666667 0.17395833333333333
0 0.24114583333333334 0.8239583333333333 0.096875 0.21041666666666667
0 0.2760416666666667 0.6380208333333334 0.13958333333333334 0.13854166666666667
0 0.3458333333333333 0.4942708333333333 0.09375 0.18229166666666666
0 0.4630208333333333 0.14010416666666667 0.10520833333333333 0.16770833333333332
0 0.33229166666666665 0.10885416666666667 0.10208333333333333 0.159375
0 0.17239583333333333 0.23958333333333334 0.12395833333333334 0.13541666666666666
0 0.15260416666666665 0.4322916666666667 0.159375 0.12708333333333333
0 0.11822916666666666 0.6333333333333333 0.096875 0.17708333333333334
