1 0.20625 0.3145833333333333 0.11458333333333333 0.10416666666666667
1 0.765625 0.22916666666666666 0.10625 0.10416666666666667
1 0.271875 0.8380208333333333 0.15625 0.11562499999999999
1 0.4822916666666667 0.590625 0.11041666666666666 0.08541666666666667
0 0.36614583333333334 0.1953125 0.15520833333333334 0.13020833333333334
0 0.5979166666666667 0.22135416666666666 0.16041666666666665 0.128125
0 0.6864583333333333 0.35885416666666664 0.16666666666666666 0.11770833333333333
0 0.8546874999999999 0.3854166666666667 0.09479166666666666 0.16666666666666666
0 0.9015624999999999 0.65625 0.103125 0.17708333333333334
0 0.759375 0.521875 0.18958333333333333 0.1
0 0.7015625 0.6260416666666666 0.17604166666666665 0.08125
0 0.6536458333333334 0.8479166666666667 0.13854166666666667 0.17083333333333334
0 0.4473958333333333 0.7817708333333333 0.10520833333333333 0.190625
0 0.2557291666666667 0.6635416666666667 0.18229166666666666 0.1125
0 0.17135416666666667 0.5015625 0.146875 0.15104166666666666
0 0.340625 0.4739583333333333 0.10208333333333333 0.18958333333333333
0 0.4265625 0.36041666666666666 0.08645833333333333 0.19375
0 0.553125 0.45729166666666665 0.125 0.18125
