0 0.3609375 0.15625 0.14479166666666665 0.13125
0 0.09270833333333334 0.23697916666666666 0.17083333333333334 0.09479166666666666
0 0.3098958333333333 0.34270833333333334 0.17604166666666665 0.0875
0 0.5348958333333333 0.3640625 0.178125 0.10104166666666667
0 0.6744791666666666 0.2546875 0.09895833333333333 0.18854166666666666
0 0.884375 0.2942708333333333 0.09166666666666666 0.16354166666666667
0 0.8427083333333333 0.509375 0.17083333333333334 0.1
0 0.6067708333333334 0.5583333333333333 0.13229166666666667 0.15625
0 0.6791666666666667 0.7848958333333333 0.08958333333333333 0.20104166666666667
0 0.48854166666666665 0.8963541666666667 0.1125 0.18229166666666666
0 0.23697916666666666 0.74375 0.13229166666666667 0.16041666666666665
0 0.21458333333333332 0.5588541666666667 0.1625 0.08854166666666667
1 0.42604166666666665 0.6161458333333333 0.10625 0.103125
1 0.8807291666666667 0.715625 0.096875 0.09583333333333333
0 0.5760416666666667 0.1109375 0.10416666666666667 0.128125
1 0.7609375 0.12604166666666666 0.08229166666666667 0.09375
