0 0.46979166666666666 0.15520833333333334 0.07916666666666666 0.16875
0 0.7442708333333333 0.16510416666666666 0.146875 0.128125
0 0.8817708333333333 0.41302083333333334 0.15104166666666666 0.08229166666666667
0 0.7255208333333333 0.43906249999999997 0.10729166666666666 0.12604166666666666
0 0.6895833333333333 0.58125 0.13333333333333333 0.12708333333333333
0 0.6958333333333333 0.8302083333333333 0.11666666666666667 0.16875
0 0.4947916666666667 0.5432291666666667 0.08958333333333333 0.146875
0 0.4734375 0.334375 0.140625 0.14791666666666667
0 0.3015625 0.13802083333333334 0.08645833333333333 0.14895833333333333
0 0.29791666666666666 0.3567708333333333 0.12083333333333333 0.146875
0 0.15 0.5447916666666667 0.16875 0.16041666666666665
0 0.31145833333333334 0.6364583333333333 0.11041666666666666 0.17291666666666666
0 0.17864583333333334 0.8161458333333333 0.13229166666666667 0.15520833333333334
1 0.47812499999999997 0.8447916666666666 0.125 0.11875
1 0.8520833333333333 0.7317708333333334 0.07708333333333334 0.12395833333333334
1 0.8822916666666667 0.5640625 0.09166666666666666 0.10104166666666667
1 0.6005208333333333 0.3984375 0.096875 0.103125
1 0.8390624999999999 0.2140625 0.10104166666666667 0.090625
1 0.6125 0.07447916666666667 0.10833333333333334 0.06979166666666667
