1 0.2786458333333333 0.1421875 0.09270833333333334 0.103125
1 0.5026041666666666 0.15208333333333332 0.12395833333333334 0.08333333333333333
1 0.49114583333333334 0.3020833333333333 0.128125 0.09791666666666667
1 0.7911458333333333 0.46875 0.09479166666666666 0.13958333333333334
1 0.40520833333333334 0.5911458333333334 0.13333333333333333 0.10729166666666666
1 0.39739583333333334 0.7067708333333333 0.121875 0.11562499999999999
0 0.7432291666666666 0.2640625 0.171875 0.128125
0 0.6098958333333333 0.5083333333333333 0.08854166666666667 0.20625
0 0.6713541666666667 0.6963541666666666 0.209375 0.11979166666666667
0 0.5145833333333333 0.8989583333333333 0.20625 0.15208333333333332
0 0.22864583333333333 0.8364583333333333 0.09895833333333333 0.19166666666666665
0 0.1625 0.5885416666666666 0.21666666666666667 0.10208333333333333
0 0.18020833333333333 0.4380208333333333 0.17708333333333334 0.121875
0 0.4161458333333333 0.4453125 0.19479166666666667 0.08229166666666667
0 0.2739583333333333 0.2942708333333333 0.09583333333333333 0.178125
