1 0.609375 0.103125 0.09791666666666667 0.09791666666666667
1 0.23906249999999998 0.6619791666666667 0.128125 0.09270833333333334
1 0.7411458333333333 0.8255208333333334 0.140625 0.084375
0 0.8901041666666667 0.63125 0.209375 0.12291666666666666
0 0.8921875 0.378125 0.18854166666666666 0.11041666666666666
0 0.8291666666666666 0.18697916666666667 0.1875 0.08854166666666667
0 0.7203125 0.28541666666666665 0.14895833333333333 0.15416666666666667
0 0.5114583333333333 0.29635416666666664 0.17291666666666666 0.13229166666666667
0 0.46979166666666666 0.1015625 0.12291666666666666 0.16354166666666667
0 0.5296875 0.5020833333333333 0.16145833333333334 0.15625
0 0.7046875 0.6708333333333333 0.10520833333333333 0.19375
1 0.7026041666666667 0.484375 0.15104166666666666 0.08125
0 0.5026041666666666 0.7239583333333334 0.171875 0.10208333333333333
0 0.484375 0.8833333333333333 0.2125 0.10416666666666667
0 0.3807291666666667 0.5739583333333333 0.103125 0.15625
0 0.2984375 0.4197916666666667 0.196875 0.11875
0 0.2604166666666667 0.16302083333333334 0.1625 0.146875
0 0.175 0.30052083333333335 0.09375 0.159375
0 0.08697916666666666 0.5276041666666667 0.10729166666666666 0.171875
0 0.171875 0.884375 0.20625 0.10625
