1 0.5402777777777777 0.3255208333333333 0.13611111111111113 0.078125
1 0.913888888888889 0.44479166666666664 0.08888888888888889 0.06666666666666667
1 0.4798611111111111 0.6203125 0.11527777777777778 0.08645833333333333
0 0.36597222222222225 0.12083333333333333 0.12083333333333333 0.12916666666666665
0 0.6458333333333334 0.175 0.11944444444444445 0.15
0 0.7909722222222223 0.24635416666666665 0.14305555555555557 0.153125
0 0.7881944444444444 0.39739583333333334 0.1513888888888889 0.11770833333333333
0 0.6798611111111111 0.5026041666666666 0.1125 0.16145833333333334
0 0.8375 0.6567708333333333 0.18611111111111112 0.08854166666666667
0 0.6819444444444445 0.7098958333333333 0.14444444444444446 0.146875
0 0.5097222222222222 0.821875 0.23333333333333334 0.09375
0 0.4083333333333333 0.725 0.2 0.09166666666666666
0 0.48055555555555557 0.4822916666666667 0.13333333333333333 0.14375
0 0.40972222222222227 0.2682291666666667 0.10833333333333334 0.146875
0 0.31180555555555556 0.5015625 0.10694444444444445 0.14895833333333333
0 0.14305555555555557 0.6171875 0.11944444444444445 0.171875
