1 0.28489583333333335 0.14166666666666666 0.128125 0.09583333333333333
1 0.4276041666666667 0.3802083333333333 0.11354166666666667 0.09791666666666667
1 0.7234375 0.26875 0.11562499999999999 0.10625
1 0.78125 0.6 0.10833333333333334 0.11041666666666666
1 0.4536458333333333 0.9078125 0.103125 0.13645833333333332
0 0.6322916666666667 0.11562499999999999 0.16458333333333333 0.16875
0 0.9041666666666667 0.22239583333333332 0.17291666666666666 0.134375
0 0.8114583333333333 0.4083333333333333 0.12083333333333333 0.17291666666666666
0 0.6427083333333333 0.5239583333333333 0.10208333333333333 0.16875
0 0.51875 0.5223958333333333 0.09791666666666667 0.20104166666666667
0 0.46822916666666664 0.225 0.16979166666666667 0.12083333333333333
0 0.22708333333333333 0.2515625 0.20416666666666666 0.096875
0 0.25364583333333335 0.440625 0.171875 0.08958333333333333
0 0.1 0.7229166666666667 0.10625 0.1875
0 0.6984375 0.7958333333333333 0.09270833333333334 0.15625
0 0.440625 0.684375 0.20208333333333334 0.1125
0 0.2947916666666667 0.778125 0.09791666666666667 0.20833333333333334
