0 0.30364583333333334 0.21510416666666665 0.07604166666666666 0.159375
0 0.2765625 0.3729166666666667 0.096875 0.15
0 0.6348958333333333 0.325 0.10729166666666666 0.16666666666666666
0 0.8994791666666666 0.4666666666666667 0.08020833333333333 0.16458333333333333
0 0.66875 0.4927083333333333 0.075 0.14166666666666666
0 0.8291666666666666 0.7088541666666667 0.12916666666666665 0.140625
0 0.44635416666666666 0.5645833333333333 0.09895833333333333 0.16458333333333333
0 0.19791666666666666 0.8265625 0.1125 0.16979166666666667
1 0.5328125 0.19322916666666667 0.06979166666666667 0.103125
1 0.9036458333333334 0.26197916666666665 0.06979166666666667 0.121875
1 0.7458333333333333 0.2708333333333333 0.09166666666666666 0.0875
1 0.42916666666666664 0.3489583333333333 0.11041666666666666 0.08958333333333333
1 0.6609375 0.6447916666666667 0.09270833333333334 0.075
1 0.6572916666666666 0.7942708333333334 0.1125 0.09270833333333334
1 0.48854166666666665 0.7744791666666666 0.10625 0.08854166666666667
1 0.3078125 0.6619791666666667 0.10520833333333333 0.09270833333333334
1 0.14375 0.571875 0.10833333333333334 0.10625
