0 0.5052083333333334 0.17395833333333333 0.12916666666666665 0.15625
0 0.34375 0.18697916666666667 0.07291666666666667 0.165625
0 0.209375 0.3 0.09375 0.15416666666666667
0 0.32708333333333334 0.3953125 0.12291666666666666 0.10729166666666666
0 0.5536458333333333 0.3625 0.140625 0.0875
0 0.76875 0.3515625 0.16458333333333333 0.11562499999999999
0 0.8276041666666667 0.48333333333333334 0.08645833333333333 0.16041666666666665
0 0.73125 0.6546875 0.16041666666666665 0.128125
0 0.8171875 0.19479166666666667 0.10729166666666666 0.16458333333333333
0 0.7416666666666667 0.8864583333333333 0.15208333333333332 0.1375
0 0.5619791666666667 0.6421875 0.16354166666666667 0.078125
0 0.434375 0.6057291666666667 0.09375 0.165625
0 0.33177083333333335 0.5447916666666667 0.146875 0.15
0 0.14739583333333334 0.5317708333333333 0.09895833333333333 0.165625
0 0.2520833333333333 0.809375 0.15 0.15625
0 0.4583333333333333 0.8755208333333333 0.14375 0.16354166666666667
1 0.5421875 0.78125 0.103125 0.12291666666666666
0 0.6125 0.4901041666666667 0.14791666666666667 0.09270833333333334
1 0.6510416666666666 0.19375 0.09166666666666666 0.08333333333333333
