1 0.43697916666666664 0.3109375 0.11145833333333333 0.084375
1 0.8770833333333333 0.5223958333333333 0.11041666666666666 0.09479166666666666
1 0.5140625 0.5619791666666667 0.11979166666666667 0.10520833333333333
0 0.7854166666666667 0.2453125 0.15 0.096875
0 0.5380208333333333 0.0953125 0.153125 0.11979166666666667
0 0.5692708333333333 0.25729166666666664 0.10104166666666667 0.19166666666666665
0 0.7515625 0.4421875 0.09270833333333334 0.16770833333333332
0 0.7109375 0.6 0.196875 0.11666666666666667
0 0.9229166666666666 0.8213541666666666 0.11875 0.19895833333333332
0 0.7083333333333334 0.7875 0.17916666666666667 0.1125
0 0.4666666666666667 0.9192708333333334 0.19583333333333333 0.11354166666666667
0 0.4380208333333333 0.7182291666666667 0.12395833333333334 0.18645833333333334
0 0.5130208333333334 0.4661458333333333 0.165625 0.08020833333333333
0 0.23124999999999998 0.2869791666666667 0.18541666666666667 0.103125
0 0.29322916666666665 0.4515625 0.18645833333333334 0.103125
0 0.12135416666666667 0.6307291666666667 0.190625 0.11145833333333333
0 0.28541666666666665 0.8234374999999999 0.12708333333333333 0.17604166666666665
