0 0.45416666666666666 0.21875 0.14722222222222223 0.11875
0 0.4625 0.4359375 0.125 0.14479166666666665
0 0.8618055555555556 0.4125 0.19583333333333333 0.10833333333333334
0 0.7770833333333333 0.5552083333333333 0.11527777777777778 0.16041666666666665
0 0.7777777777777778 0.80625 0.15833333333333333 0.14583333333333334
0 0.6097222222222223 0.5770833333333333 0.11666666666666667 0.1625
0 0.4791666666666667 0.7791666666666667 0.20833333333333334 0.1125
0 0.44722222222222224 0.6203125 0.13055555555555556 0.159375
0 0.22430555555555556 0.421875 0.1736111111111111 0.11041666666666666
0 0.2520833333333333 0.5255208333333333 0.20694444444444446 0.09270833333333334
0 0.17152777777777778 0.6973958333333333 0.15694444444444444 0.14270833333333333
1 0.3736111111111111 0.334375 0.1 0.10833333333333334
1 0.6027777777777777 0.3234375 0.1388888888888889 0.06979166666666667
1 0.3263888888888889 0.6578125 0.1 0.09479166666666666
