0 0.4786458333333333 0.1109375 0.10520833333333333 0.19270833333333334
0 0.3328125 0.22343749999999998 0.16145833333333334 0.134375
0 0.2791666666666667 0.3875 0.15416666666666667 0.14166666666666666
0 0.5786458333333333 0.31354166666666666 0.14479166666666665 0.12708333333333333
0 0.7197916666666666 0.1875 0.1125 0.19375
0 0.9171874999999999 0.35260416666666666 0.09270833333333334 0.19479166666666667
0 0.8942708333333333 0.5328125 0.13854166666666667 0.13854166666666667
0 0.5635416666666666 0.4869791666666667 0.15208333333333332 0.10520833333333333
0 0.61875 0.6671875 0.17708333333333334 0.12604166666666666
0 0.3307291666666667 0.6697916666666667 0.18645833333333334 0.10416666666666667
0 0.22760416666666666 0.8645833333333334 0.184375 0.11041666666666666
1 0.25 0.5572916666666666 0.11875 0.1125
1 0.6411458333333333 0.8364583333333333 0.10104166666666667 0.09791666666666667
1 0.8895833333333333 0.7036458333333333 0.12083333333333333 0.103125
1 0.8937499999999999 0.15885416666666666 0.12083333333333333 0.11145833333333333
