1 0.28125 0.2786458333333333 0.10625 0.13020833333333334
1 0.578125 0.24114583333333334 0.10625 0.09270833333333334
1 0.33177083333333335 0.5671875 0.11770833333333333 0.10104166666666667
1 0.678125 0.5526041666666667 0.12291666666666666 0.08229166666666667
0 0.8052083333333333 0.23854166666666665 0.14375 0.12916666666666665
0 0.8713541666666667 0.42291666666666666 0.103125 0.17083333333333334
0 0.6869791666666667 0.4145833333333333 0.12604166666666666 0.14375
0 0.5432291666666667 0.453125 0.11145833333333333 0.18333333333333332
0 0.6927083333333334 0.7083333333333334 0.18541666666666667 0.12708333333333333
0 0.4359375 0.25729166666666664 0.11770833333333333 0.14791666666666667
0 0.30052083333333335 0.40572916666666664 0.165625 0.13854166666666667
0 0.09270833333333334 0.44687499999999997 0.13333333333333333 0.14791666666666667
0 0.13697916666666665 0.6984375 0.13229166666666667 0.18229166666666666
0 0.34791666666666665 0.7765625 0.10416666666666667 0.20104166666666667
0 0.5369791666666667 0.8166666666666667 0.16354166666666667 0.13541666666666666
0 0.6166666666666667 0.896875 0.19375 0.12083333333333333
0 0.48541666666666666 0.6197916666666666 0.11041666666666666 0.17708333333333334
