0 0.40208333333333335 0.13229166666666667 0.2152777777777778 0.06458333333333333
0 0.2826388888888889 0.2328125 0.20416666666666666 0.08854166666666667
0 0.3354166666666667 0.34375 0.20972222222222223 0.1
0 0.7201388888888889 0.2875 0.09861111111111112 0.16875
0 0.888888888888889 0.24947916666666667 0.18055555555555555 0.08229166666666667
0 0.888888888888889 0.45677083333333335 0.15555555555555556 0.15520833333333334
0 0.8472222222222222 0.6208333333333333 0.20555555555555557 0.08333333333333333
0 0.7215277777777778 0.6994791666666667 0.16527777777777777 0.146875
0 0.4861111111111111 0.6338541666666666 0.125 0.14895833333333333
0 0.4916666666666667 0.7796875 0.15 0.16354166666666667
0 0.3493055555555556 0.5197916666666667 0.20972222222222223 0.10208333333333333
0 0.1625 0.6411458333333333 0.125 0.16979166666666667
1 0.49930555555555556 0.3328125 0.13472222222222222 0.053125
1 0.6006944444444444 0.48802083333333335 0.09027777777777778 0.10104166666666667
1 0.5548611111111111 0.18697916666666667 0.10694444444444445 0.08229166666666667
