1 0.43854166666666666 0.23854166666666665 0.08333333333333333 0.12708333333333333
1 0.3770833333333333 0.6067708333333334 0.125 0.10104166666666667
1 0.7848958333333333 0.6197916666666666 0.09895833333333333 0.08541666666666667
0 0.3328125 0.20625 0.109375 0.17916666666666667
0 0.22604166666666667 0.3494791666666667 0.16875 0.13229166666666667
0 0.16197916666666667 0.5364583333333334 0.103125 0.17291666666666666
0 0.1984375 0.7796875 0.190625 0.08854166666666667
0 0.4864583333333333 0.803125 0.1 0.16875
0 0.64375 0.8770833333333333 0.16041666666666665 0.1125
0 0.5791666666666666 0.6109375 0.16458333333333333 0.10104166666666667
0 0.425 0.41562499999999997 0.125 0.16666666666666666
0 0.5755208333333334 0.4161458333333333 0.15104166666666666 0.11979166666666667
0 0.7916666666666666 0.4270833333333333 0.12916666666666665 0.13125
0 0.6848958333333334 0.32760416666666664 0.090625 0.171875
0 0.8052083333333333 0.2515625 0.12083333333333333 0.16354166666666667
0 0.6057291666666667 0.16302083333333334 0.178125 0.08854166666666667
