0 0.196875 0.28125 0.16458333333333333 0.1
0 0.4828125 0.1390625 0.17604166666666665 0.07395833333333333
0 0.7395833333333334 0.18229166666666666 0.10208333333333333 0.1625
0 0.8114583333333333 0.30833333333333335 0.14791666666666667 0.0875
0 0.9109375 0.4979166666666667 0.11354166666666667 0.14791666666666667
0 0.6776041666666667 0.3875 0.11562499999999999 0.1375
0 0.5890625 0.2734375 0.08854166666666667 0.16145833333333334
0 0.4083333333333333 0.25625 0.16458333333333333 0.10625
0 0.4713541666666667 0.4375 0.15520833333333334 0.07916666666666666
0 0.29635416666666664 0.39166666666666666 0.18229166666666666 0.09583333333333333
0 0.1453125 0.48333333333333334 0.196875 0.08958333333333333
0 0.2953125 0.7458333333333333 0.096875 0.18125
0 0.44166666666666665 0.85 0.16041666666666665 0.13125
0 0.7635416666666667 0.8817708333333333 0.16875 0.109375
0 0.7927083333333333 0.7380208333333333 0.17916666666666667 0.09479166666666666
0 0.5666666666666667 0.7307291666666667 0.12708333333333333 0.15729166666666666
0 0.5776041666666667 0.578125 0.17395833333333333 0.10625
1 0.31927083333333334 0.55625 0.10104166666666667 0.12708333333333333
1 0.7765625 0.5572916666666666 0.08854166666666667 0.10625
