0 0.5006944444444444 0.1609375 0.19861111111111113 0.08020833333333333
0 0.8354166666666667 0.24687499999999998 0.2125 0.075
0 0.8020833333333334 0.34739583333333335 0.20972222222222223 0.10520833333333333
0 0.8479166666666667 0.48854166666666665 0.11805555555555557 0.14166666666666666
0 0.6458333333333334 0.48802083333333335 0.10555555555555556 0.140625
0 0.7034722222222223 0.6875 0.1763888888888889 0.13958333333333334
0 0.5756944444444445 0.30364583333333334 0.18194444444444446 0.08229166666666667
0 0.3944444444444445 0.27291666666666664 0.16944444444444445 0.11041666666666666
0 0.19097222222222224 0.475 0.2013888888888889 0.07708333333333334
0 0.39166666666666666 0.5979166666666667 0.18333333333333335 0.09375
0 0.4965277777777778 0.7822916666666666 0.20972222222222223 0.09791666666666667
0 0.2263888888888889 0.7729166666666667 0.19722222222222224 0.10416666666666667
