0 0.31354166666666666 0.2796875 0.16458333333333333 0.08229166666666667
0 0.47604166666666664 0.28072916666666664 0.16041666666666665 0.09270833333333334
0 0.7796875 0.23489583333333333 0.11979166666666667 0.13645833333333332
0 0.8317708333333333 0.6244791666666667 0.096875 0.18645833333333334
1 0.8510416666666667 0.45260416666666664 0.13125 0.084375
0 0.6723958333333333 0.5552083333333333 0.16145833333333334 0.11666666666666667
0 0.5427083333333333 0.44479166666666664 0.17083333333333334 0.08958333333333333
0 0.39166666666666666 0.46979166666666666 0.11458333333333333 0.15833333333333333
0 0.159375 0.45416666666666666 0.09375 0.17083333333333334
0 0.2578125 0.609375 0.18020833333333333 0.09375
0 0.18072916666666666 0.7213541666666666 0.153125 0.11145833333333333
0 0.359375 0.9432291666666667 0.1875 0.09895833333333333
0 0.5328125 0.7338541666666667 0.13854166666666667 0.11145833333333333
0 0.6942708333333333 0.8427083333333333 0.18645833333333334 0.10416666666666667
1 0.45677083333333335 0.14427083333333332 0.08229166666666667 0.103125
1 0.66875 0.33125 0.10416666666666667 0.08125
1 0.2625 0.45 0.09166666666666666 0.10625
1 0.3463541666666667 0.775 0.08854166666666667 0.12708333333333333
1 0.5052083333333334 0.5963541666666666 0.0875 0.078125
