1 0.42083333333333334 0.21354166666666666 0.09375 0.07916666666666666
1 0.7135416666666666 0.37083333333333335 0.1 0.0875
1 0.6041666666666666 0.8322916666666667 0.1 0.11041666666666666
1 0.1140625 0.5901041666666667 0.103125 0.09479166666666666
0 0.3151041666666667 0.22135416666666666 0.06770833333333333 0.15520833333333334
0 0.23958333333333334 0.3130208333333333 0.11458333333333333 0.140625
0 0.23854166666666665 0.5020833333333333 0.10208333333333333 0.16666666666666666
0 0.3734375 0.5427083333333333 0.096875 0.13958333333333334
0 0.4796875 0.34322916666666664 0.16354166666666667 0.096875
0 0.56875 0.10260416666666666 0.09375 0.14479166666666665
0 0.7421875 0.20989583333333334 0.121875 0.13229166666666667
0 0.8416666666666667 0.4005208333333333 0.14166666666666666 0.11562499999999999
0 0.8145833333333333 0.5859375 0.125 0.078125
0 0.684375 0.5192708333333333 0.15 0.078125
0 0.5458333333333333 0.4869791666666667 0.08958333333333333 0.165625
0 0.834375 0.8020833333333334 0.15208333333333332 0.09791666666666667
0 0.6807291666666666 0.7166666666666667 0.09270833333333334 0.18541666666666667
0 0.46458333333333335 0.6864583333333333 0.13125 0.13541666666666666
0 0.3921875 0.8885416666666667 0.12395833333333334 0.15833333333333333
0 0.2890625 0.7072916666666667 0.140625 0.12708333333333333
0 0.14010416666666667 0.7401041666666667 0.103125 0.17604166666666665
