0 0.2713541666666667 0.13854166666666667 0.14270833333333333 0.11875
0 0.465625 0.15572916666666667 0.07708333333333334 0.159375
0 0.5869791666666666 0.1875 0.12395833333333334 0.10833333333333334
0 0.7203125 0.18541666666666667 0.07395833333333333 0.13958333333333334
0 0.8307291666666666 0.3385416666666667 0.16145833333333334 0.08958333333333333
0 0.8390624999999999 0.5479166666666666 0.14895833333333333 0.08541666666666667
0 0.6604166666666667 0.4088541666666667 0.14791666666666667 0.096875
0 0.6270833333333333 0.6723958333333333 0.15208333333333332 0.090625
0 0.7203125 0.8307291666666666 0.11145833333333333 0.16770833333333332
0 0.5520833333333334 0.5364583333333334 0.15208333333333332 0.12291666666666666
0 0.40729166666666666 0.359375 0.15625 0.1
0 0.39166666666666666 0.496875 0.08958333333333333 0.15833333333333333
0 0.2526041666666667 0.6557291666666667 0.09895833333333333 0.16770833333333332
0 0.2015625 0.8109375 0.17604166666666665 0.096875
0 0.134375 0.3375 0.15208333333333332 0.0875
0 0.3380208333333333 0.2682291666666667 0.14270833333333333 0.08020833333333333
1 0.5973958333333333 0.3375 0.09895833333333333 0.06875
1 0.6911458333333333 0.5421875 0.09895833333333333 0.065625
1 0.5666666666666667 0.8119791666666667 0.09375 0.11145833333333333
1 0.396875 0.7848958333333333 0.075 0.13854166666666667
1 0.12604166666666666 0.5489583333333333 0.08333333333333333 0.10833333333333334
