0 0.47604166666666664 0.23020833333333332 0.16458333333333333 0.08333333333333333
0 0.6708333333333333 0.27239583333333334 0.10625 0.14270833333333333
0 0.221875 0.3442708333333333 0.15833333333333333 0.103125
0 0.45677083333333335 0.41822916666666665 0.184375 0.09895833333333333
0 0.46249999999999997 0.5276041666666667 0.15625 0.08645833333333333
0 0.209375 0.51875 0.12083333333333333 0.15416666666666667
0 0.15260416666666665 0.7583333333333333 0.08854166666666667 0.20416666666666666
0 0.328125 0.7729166666666667 0.10416666666666667 0.17916666666666667
0 0.5057291666666667 0.6828125 0.15520833333333334 0.08645833333333333
0 0.7130208333333333 0.578125 0.16354166666666667 0.10208333333333333
1 0.66875 0.46979166666666666 0.09583333333333333 0.09166666666666666
1 0.7833333333333333 0.35572916666666665 0.11041666666666666 0.08645833333333333
1 0.3229166666666667 0.16666666666666666 0.07916666666666666 0.1125
1 0.8932291666666666 0.5333333333333333 0.057291666666666664 0.06041666666666667
1 0.8427083333333333 0.6994791666666667 0.11875 0.090625
1 0.6416666666666666 0.7421875 0.09375 0.08854166666666667
1 0.496875 0.8838541666666666 0.07708333333333334 0.11979166666666667
