0 0.2505208333333333 0.3 0.165625 0.09791666666666667
0 0.6255208333333333 0.29322916666666665 0.08229166666666667 0.15520833333333334
0 0.865625 0.33489583333333334 0.17708333333333334 0.109375
0 0.8760416666666666 0.47604166666666664 0.17083333333333334 0.09583333333333333
0 0.6161458333333333 0.4692708333333333 0.146875 0.109375
0 0.45729166666666665 0.4114583333333333 0.16041666666666665 0.11458333333333333
0 0.3020833333333333 0.5140625 0.09375 0.159375
0 0.4348958333333333 0.6078125 0.14479166666666665 0.13645833333333332
0 0.6203125 0.65625 0.13229166666666667 0.1625
0 0.6854166666666667 0.871875 0.17916666666666667 0.10208333333333333
0 0.4588541666666667 0.7557291666666667 0.10729166666666666 0.15104166666666666
0 0.18125 0.6354166666666666 0.09583333333333333 0.18333333333333332
1 0.2984375 0.9166666666666666 0.084375 0.10208333333333333
1 0.7635416666666667 0.6135416666666667 0.08333333333333333 0.075
1 0.4432291666666667 0.2760416666666667 0.11562499999999999 0.09583333333333333
1 0.5005208333333333 0.15 0.07395833333333333 0.12291666666666666
