0 0.21041666666666667 0.11875 0.12916666666666665 0.12291666666666666
0 0.4083333333333333 0.1890625 0.0875 0.16145833333333334
0 0.6098958333333333 0.14479166666666665 0.178125 0.08541666666666667
0 0.8067708333333333 0.16770833333333332 0.14895833333333333 0.08958333333333333
0 0.8244791666666667 0.3234375 0.16145833333333334 0.08020833333333333
0 0.8671875 0.5020833333333333 0.178125 0.10833333333333334
0 0.6651041666666666 0.4005208333333333 0.096875 0.159375
0 0.8322916666666667 0.7375 0.09791666666666667 0.17708333333333334
0 0.6890625 0.6645833333333333 0.134375 0.12291666666666666
0 0.5296875 0.8036458333333333 0.11354166666666667 0.165625
0 0.42291666666666666 0.7270833333333333 0.16458333333333333 0.0875
0 0.409375 0.5651041666666666 0.17708333333333334 0.09270833333333334
0 0.45260416666666664 0.4010416666666667 0.159375 0.10625
0 0.3109375 0.325 0.08229166666666667 0.1625
0 0.1546875 0.28489583333333335 0.171875 0.11145833333333333
0 0.13802083333333334 0.4515625 0.19895833333333332 0.090625
0 0.12760416666666666 0.6380208333333334 0.096875 0.18645833333333334
1 0.24114583333333334 0.7630208333333334 0.10520833333333333 0.08854166666666667
1 0.30416666666666664 0.9020833333333333 0.12708333333333333 0.09583333333333333
1 0.24427083333333333 0.5380208333333333 0.078125 0.084375
1 0.575 0.5255208333333333 0.08541666666666667 0.103125
1 0.5776041666666667 0.2609375 0.10520833333333333 0.103125
