1 0.15989583333333332 0.2984375 0.11770833333333333 0.09895833333333333
1 0.6182291666666666 0.18541666666666667 0.08645833333333333 0.08333333333333333
1 0.69375 0.6833333333333333 0.10833333333333334 0.08125
1 0.16510416666666666 0.6239583333333333 0.134375 0.09791666666666667
0 0.4484375 0.1671875 0.146875 0.13645833333333332
0 0.23177083333333334 0.3963541666666667 0.15520833333333334 0.11770833333333333
0 0.39427083333333335 0.4197916666666667 0.14895833333333333 0.10416666666666667
0 0.5765625 0.4322916666666667 0.14895833333333333 0.12916666666666665
0 0.6838541666666667 0.29010416666666666 0.18229166666666666 0.08645833333333333
0 0.8942708333333333 0.29635416666666664 0.16145833333333334 0.109375
0 0.8770833333333333 0.5458333333333333 0.10416666666666667 0.15
0 0.7447916666666666 0.5369791666666667 0.11041666666666666 0.15104166666666666
0 0.7640625 0.8130208333333333 0.14270833333333333 0.159375
0 0.5473958333333333 0.8645833333333334 0.103125 0.19583333333333333
0 0.5098958333333333 0.6932291666666667 0.16354166666666667 0.14270833333333333
0 0.4171875 0.5776041666666667 0.18854166666666666 0.09479166666666666
0 0.3203125 0.8145833333333333 0.09270833333333334 0.17916666666666667
