1 0.40572916666666664 0.1328125 0.096875 0.08854166666666667
1 0.325 0.28541666666666665 0.13333333333333333 0.07916666666666666
1 0.6182291666666666 0.61875 0.12395833333333334 0.08125
0 0.20416666666666666 0.2734375 0.09166666666666666 0.16354166666666667
0 0.2921875 0.42083333333333334 0.146875 0.11458333333333333
0 0.45208333333333334 0.3307291666666667 0.15416666666666667 0.084375
0 0.5864583333333333 0.2 0.16875 0.1125
0 0.7578125 0.10572916666666667 0.15104166666666666 0.08645833333333333
0 0.8875 0.2635416666666667 0.16875 0.10625
0 0.8661458333333333 0.46979166666666666 0.11145833333333333 0.16458333333333333
0 0.7057291666666666 0.3494791666666667 0.09270833333333334 0.171875
0 0.7963541666666667 0.678125 0.12604166666666666 0.12708333333333333
0 0.6651041666666666 0.8130208333333333 0.11354166666666667 0.18645833333333334
0 0.559375 0.421875 0.12291666666666666 0.14166666666666666
0 0.43854166666666666 0.5807291666666666 0.1625 0.103125
0 0.26979166666666665 0.625 0.11875 0.14583333333333334
0 0.3807291666666667 0.8369791666666666 0.16979166666666667 0.13854166666666667
0 0.14635416666666667 0.7901041666666666 0.10104166666666667 0.16979166666666667
