0 0.4203125 0.1328125 0.12604166666666666 0.14895833333333333
0 0.6505208333333333 0.11822916666666666 0.11145833333333333 0.16979166666666667
0 0.7135416666666666 0.2713541666666667 0.16666666666666666 0.10104166666666667
0 0.85625 0.4197916666666667 0.10208333333333333 0.15833333333333333
0 0.6348958333333333 0.42291666666666666 0.14895833333333333 0.14166666666666666
0 0.8333333333333334 0.7572916666666667 0.1875 0.09583333333333333
0 0.6916666666666667 0.6307291666666667 0.09166666666666666 0.20520833333333333
0 0.35572916666666665 0.6302083333333334 0.16979166666666667 0.15208333333333332
0 0.32395833333333335 0.375 0.10833333333333334 0.17916666666666667
0 0.265625 0.1921875 0.12916666666666665 0.14270833333333333
0 0.125 0.37395833333333334 0.10416666666666667 0.18125
0 0.16354166666666667 0.671875 0.18541666666666667 0.10625
0 0.35104166666666664 0.9260416666666667 0.17083333333333334 0.11458333333333333
1 0.6015625 0.884375 0.15729166666666666 0.0875
1 0.5453125 0.7875 0.10520833333333333 0.11041666666666666
1 0.4479166666666667 0.5203125 0.10833333333333334 0.09895833333333333
1 0.42552083333333335 0.3390625 0.10729166666666666 0.071875
1 0.14166666666666666 0.5380208333333333 0.1 0.090625
1 0.2109375 0.8671875 0.121875 0.10520833333333333
0 0.540625 0.275 0.08333333333333333 0.15833333333333333
