0 0.5 0.08802083333333333 0.16875 0.13020833333333334
0 0.8515625 0.140625 0.14895833333333333 0.11041666666666666
0 0.9020833333333333 0.4510416666666667 0.1 0.16875
0 0.7661458333333333 0.29270833333333335 0.178125 0.09375
0 0.73125 0.4395833333333333 0.125 0.14375
0 0.8833333333333333 0.7255208333333333 0.17916666666666667 0.10729166666666666
0 0.6833333333333333 0.5640625 0.175 0.11770833333333333
0 0.7625 0.9005208333333333 0.17916666666666667 0.16770833333333332
0 0.5135416666666667 0.4796875 0.18125 0.08854166666666667
0 0.5640625 0.2890625 0.090625 0.17604166666666665
0 0.3776041666666667 0.31927083333333334 0.09270833333333334 0.18645833333333334
0 0.17291666666666666 0.28541666666666665 0.1 0.1875
0 0.1140625 0.5697916666666667 0.13645833333333332 0.1625
0 0.14427083333333332 0.8708333333333333 0.16145833333333334 0.18125
0 0.45208333333333334 0.8609375 0.15625 0.13020833333333334
0 0.39791666666666664 0.6807291666666666 0.10625 0.16770833333333332
0 0.5026041666666666 0.7036458333333333 0.09479166666666666 0.190625
1 0.6973958333333333 0.7197916666666666 0.090625 0.09791666666666667
1 0.27760416666666665 0.5364583333333334 0.11145833333333333 0.1125
1 0.340625 0.08385416666666666 0.08541666666666667 0.109375
1 0.6479166666666667 0.171875 0.10416666666666667 0.10416666666666667
