0 0.38125 0.1671875 0.14375 0.09479166666666666
0 0.5979166666666667 0.23385416666666667 0.13958333333333334 0.12395833333333334
0 0.13177083333333334 0.26979166666666665 0.14479166666666665 0.11041666666666666
0 0.22343749999999998 0.5161458333333333 0.09895833333333333 0.14270833333333333
0 0.5744791666666667 0.43697916666666664 0.14895833333333333 0.078125
0 0.178125 0.8005208333333333 0.15833333333333333 0.08229166666666667
0 0.35833333333333334 0.8140625 0.09583333333333333 0.153125
0 0.6526041666666667 0.8739583333333333 0.06770833333333333 0.15625
0 0.7848958333333333 0.7114583333333333 0.14270833333333333 0.10625
0 0.9 0.5786458333333333 0.14791666666666667 0.08645833333333333
1 0.4010416666666667 0.33125 0.07916666666666666 0.06875
1 0.3671875 0.496875 0.08645833333333333 0.0625
1 0.7541666666666667 0.31354166666666666 0.07708333333333334 0.075
1 0.51875 0.61875 0.06041666666666667 0.06875
1 0.6682291666666667 0.5958333333333333 0.08229166666666667 0.08125
