0 0.21510416666666665 0.19947916666666665 0.15104166666666666 0.09479166666666666
0 0.44687499999999997 0.1828125 0.14791666666666667 0.15104166666666666
0 0.6848958333333334 0.19114583333333332 0.121875 0.140625
0 0.75625 0.3770833333333333 0.18125 0.0875
0 0.5354166666666667 0.33177083333333335 0.10833333333333334 0.15729166666666666
0 0.19791666666666666 0.3989583333333333 0.13541666666666666 0.15833333333333333
0 0.353125 0.571875 0.1625 0.1
0 0.64375 0.58125 0.13958333333333334 0.14583333333333334
0 0.896875 0.5697916666666667 0.1625 0.08541666666666667
0 0.9015624999999999 0.7380208333333333 0.128125 0.17604166666666665
0 0.6859375 0.7921875 0.134375 0.15520833333333334
0 0.39375 0.9005208333333333 0.15625 0.13229166666666667
0 0.2817708333333333 0.7911458333333333 0.121875 0.165625
1 0.3854166666666667 0.4140625 0.09375 0.10729166666666666
1 0.22135416666666666 0.6458333333333334 0.11145833333333333 0.07916666666666666
1 0.48020833333333335 0.73125 0.09791666666666667 0.12291666666666666
1 0.7385416666666667 0.5223958333333333 0.10208333333333333 0.07395833333333333
