1 0.5828125 0.29583333333333334 0.06145833333333333 0.08541666666666667
1 0.7630208333333334 0.21354166666666666 0.06770833333333333 0.08125
1 0.853125 0.34791666666666665 0.06666666666666667 0.08958333333333333
0 0.7880208333333333 0.5572916666666666 0.08645833333333333 0.14375
0 0.7671875 0.7447916666666666 0.06979166666666667 0.125
0 0.6645833333333333 0.8796875 0.15 0.096875
0 0.4640625 0.8421875 0.13229166666666667 0.128125
0 0.22083333333333333 0.7833333333333333 0.10625 0.13541666666666666
0 0.2989583333333333 0.6182291666666666 0.14166666666666666 0.08645833333333333
0 0.5317708333333333 0.6385416666666667 0.13020833333333334 0.07916666666666666
0 0.6776041666666667 0.5072916666666667 0.14479166666666665 0.1
0 0.6260416666666666 0.41770833333333335 0.12291666666666666 0.08125
0 0.4875 0.5026041666666666 0.14583333333333334 0.065625
0 0.3067708333333333 0.40572916666666664 0.11354166666666667 0.109375
0 0.371875 0.24427083333333333 0.12708333333333333 0.084375
0 0.36041666666666666 0.12916666666666665 0.12916666666666665 0.08958333333333333
0 0.5552083333333333 0.14791666666666667 0.10833333333333334 0.10625
