1 0.6296875 0.21145833333333333 0.08645833333333333 0.125
1 0.3848958333333333 0.5796875 0.096875 0.084375
1 0.49947916666666664 0.8140625 0.11979166666666667 0.121875
0 0.21145833333333333 0.13125 0.15625 0.08125
0 0.4244791666666667 0.19427083333333334 0.15520833333333334 0.08645833333333333
0 0.7395833333333334 0.1140625 0.09375 0.17395833333333333
0 0.8895833333333333 0.23229166666666667 0.08541666666666667 0.175
0 0.9005208333333333 0.4395833333333333 0.178125 0.10416666666666667
0 0.7640625 0.32708333333333334 0.08854166666666667 0.16041666666666665
0 0.5625 0.3296875 0.16666666666666666 0.121875
0 0.603125 0.47291666666666665 0.17916666666666667 0.09583333333333333
0 0.8067708333333333 0.5994791666666667 0.153125 0.159375
0 0.8020833333333334 0.8192708333333333 0.10416666666666667 0.190625
0 0.6572916666666666 0.6255208333333333 0.08333333333333333 0.19270833333333334
0 0.3223958333333333 0.390625 0.14270833333333333 0.13125
0 0.11770833333333333 0.4380208333333333 0.10833333333333334 0.16979166666666667
0 0.22395833333333334 0.6833333333333333 0.10833333333333334 0.19166666666666665
0 0.3333333333333333 0.8817708333333333 0.14166666666666666 0.18020833333333333
