0 0.13385416666666666 0.2796875 0.184375 0.10729166666666666
0 0.2953125 0.24791666666666667 0.08854166666666667 0.15416666666666667
0 0.42343749999999997 0.14739583333333334 0.11979166666666667 0.121875
0 0.5572916666666666 0.2203125 0.09166666666666666 0.13229166666666667
0 0.63125 0.0953125 0.12291666666666666 0.10729166666666666
0 0.7994791666666666 0.14895833333333333 0.16979166666666667 0.08333333333333333
0 0.8119791666666667 0.30572916666666666 0.16145833333333334 0.08229166666666667
0 0.6432291666666666 0.43072916666666666 0.134375 0.13854166666666667
0 0.7145833333333333 0.5552083333333333 0.16458333333333333 0.08125
0 0.7057291666666666 0.7421875 0.159375 0.11145833333333333
0 0.8453125 0.615625 0.08645833333333333 0.13541666666666666
0 0.5125 0.646875 0.13958333333333334 0.1375
0 0.44375 0.53125 0.15833333333333333 0.1125
0 0.5395833333333333 0.8557291666666667 0.17291666666666666 0.10104166666666667
1 0.18697916666666667 0.48072916666666665 0.11979166666666667 0.13645833333333332
0 0.2916666666666667 0.5375 0.08958333333333333 0.1625
0 0.3458333333333333 0.8822916666666667 0.1375 0.15625
1 0.4 0.38385416666666666 0.10416666666666667 0.103125
1 0.5317708333333333 0.0828125 0.06979166666666667 0.10104166666666667
1 0.6703125 0.2786458333333333 0.08229166666666667 0.09895833333333333
1 0.853125 0.45208333333333334 0.11666666666666667 0.08958333333333333
1 0.39010416666666664 0.7104166666666667 0.07604166666666666 0.09791666666666667
1 0.17916666666666667 0.7010416666666667 0.10208333333333333 0.07708333333333334
