0 0.3541666666666667 0.171875 0.11041666666666666 0.13958333333333334
0 0.5828125 0.1171875 0.13229166666666667 0.09479166666666666
0 0.7005208333333334 0.19635416666666666 0.11770833333333333 0.11770833333333333
0 0.7265625 0.34010416666666665 0.14895833333333333 0.078125
0 0.9322916666666666 0.3536458333333333 0.08125 0.146875
0 0.9140625 0.559375 0.13645833333333332 0.09791666666666667
0 0.8015625 0.48125 0.103125 0.1375
0 0.8286458333333333 0.74375 0.08229166666666667 0.15208333333333332
0 0.7098958333333333 0.6541666666666667 0.084375 0.15208333333333332
0 0.559375 0.778125 0.09791666666666667 0.14583333333333334
0 0.43333333333333335 0.50625 0.11666666666666667 0.15
0 0.4901041666666667 0.359375 0.16979166666666667 0.07083333333333333
0 0.21562499999999998 0.24895833333333334 0.14166666666666666 0.11666666666666667
0 0.30572916666666666 0.37916666666666665 0.13854166666666667 0.09375
0 0.12916666666666665 0.3890625 0.15625 0.071875
0 0.1265625 0.5442708333333334 0.16770833333333332 0.078125
0 0.3328125 0.5958333333333333 0.15729166666666666 0.08541666666666667
0 0.37916666666666665 0.7265625 0.10833333333333334 0.13645833333333332
0 0.10572916666666667 0.7208333333333333 0.14479166666666665 0.12083333333333333
1 0.47604166666666664 0.2203125 0.09791666666666667 0.08854166666666667
1 0.58125 0.4890625 0.0875 0.121875
1 0.671875 0.5 0.06666666666666667 0.08333333333333333
1 0.8302083333333333 0.234375 0.09375 0.08125
