1 0.27291666666666664 0.24739583333333334 0.125 0.096875
1 0.50625 0.40625 0.08958333333333333 0.09791666666666667
1 0.7369791666666666 0.5328125 0.08229166666666667 0.096875
1 0.42291666666666666 0.5572916666666666 0.09791666666666667 0.12291666666666666
1 0.5598958333333334 0.7494791666666667 0.10520833333333333 0.14270833333333333
0 0.32760416666666664 0.09791666666666667 0.14270833333333333 0.12916666666666665
0 0.53125 0.14427083333333332 0.16666666666666666 0.13020833333333334
0 0.7041666666666666 0.1375 0.12291666666666666 0.15416666666666667
0 0.8963541666666667 0.3723958333333333 0.09270833333333334 0.16979166666666667
0 0.9078125 0.6026041666666666 0.12395833333333334 0.16145833333333334
0 0.7802083333333333 0.7942708333333334 0.18541666666666667 0.13854166666666667
0 0.6213541666666667 0.5723958333333333 0.159375 0.146875
0 0.6651041666666666 0.3833333333333333 0.16354166666666667 0.12083333333333333
0 0.4223958333333333 0.2640625 0.14479166666666665 0.09479166666666666
0 0.3484375 0.3875 0.16354166666666667 0.09791666666666667
0 0.15885416666666666 0.390625 0.12604166666666666 0.15625
0 0.20208333333333334 0.6026041666666666 0.17916666666666667 0.109375
0 0.1921875 0.803125 0.121875 0.2
0 0.4036458333333333 0.884375 0.09895833333333333 0.2
