1 0.5291666666666667 0.3828125 0.12083333333333333 0.11354166666666667
0 0.4375 0.21145833333333333 0.10416666666666667 0.175
0 0.6046875 0.1390625 0.165625 0.11979166666666667
0 0.7677083333333333 0.16458333333333333 0.09583333333333333 0.15208333333333332
0 0.8348958333333333 0.41354166666666664 0.109375 0.175
0 0.8723958333333334 0.6057291666666667 0.17604166666666665 0.14270833333333333
0 0.8307291666666666 0.7776041666666667 0.190625 0.12604166666666666
0 0.6364583333333333 0.5395833333333333 0.19166666666666665 0.09166666666666666
0 0.5989583333333334 0.8640625 0.12916666666666665 0.18645833333333334
0 0.4822916666666667 0.6145833333333334 0.19791666666666666 0.07916666666666666
0 0.3802083333333333 0.8260416666666667 0.10625 0.19791666666666666
0 0.24270833333333333 0.740625 0.12916666666666665 0.2125
0 0.3286458333333333 0.4635416666666667 0.09895833333333333 0.18541666666666667
0 0.20572916666666666 0.30416666666666664 0.19895833333333332 0.09166666666666666
0 0.15208333333333332 0.5 0.09791666666666667 0.175
