1 0.14010416666666667 0.665625 0.084375 0.12708333333333333
1 0.7786458333333334 0.6125 0.11770833333333333 0.12083333333333333
1 0.4317708333333333 0.4119791666666667 0.12395833333333334 0.146875
1 0.8369791666666666 0.3932291666666667 0.103125 0.121875
0 0.759375 0.10572916666666667 0.07916666666666666 0.17395833333333333
0 0.6848958333333334 0.30572916666666666 0.13645833333333332 0.171875
0 0.5234375 0.08854166666666667 0.18854166666666666 0.09583333333333333
0 0.5010416666666666 0.25104166666666666 0.17916666666666667 0.10833333333333334
0 0.31145833333333334 0.12708333333333333 0.09375 0.1625
0 0.16354166666666667 0.2552083333333333 0.09791666666666667 0.17708333333333334
0 0.24010416666666667 0.4552083333333333 0.09895833333333333 0.19791666666666666
0 0.27708333333333335 0.6776041666666667 0.11666666666666667 0.203125
0 0.4421875 0.671875 0.190625 0.10625
0 0.5880208333333333 0.5161458333333333 0.178125 0.109375
0 0.7822916666666666 0.8078124999999999 0.08958333333333333 0.21354166666666666
0 0.4953125 0.8848958333333333 0.12604166666666666 0.17395833333333333
0 0.2817708333333333 0.8953125 0.17395833333333333 0.159375
