0 0.6489583333333333 0.0890625 0.16041666666666665 0.11145833333333333
0 0.7723958333333333 0.2828125 0.11562499999999999 0.13020833333333334
0 0.6088541666666667 0.2921875 0.140625 0.128125
0 0.4901041666666667 0.16770833333333332 0.159375 0.08333333333333333
0 0.3109375 0.16614583333333333 0.17604166666666665 0.09479166666666666
0 0.4317708333333333 0.3104166666666667 0.16979166666666667 0.08541666666666667
0 0.28854166666666664 0.440625 0.18958333333333333 0.11041666666666666
0 0.14270833333333333 0.38177083333333334 0.0875 0.17395833333333333
0 0.4901041666666667 0.646875 0.16145833333333334 0.10625
0 0.771875 0.6130208333333333 0.17708333333333334 0.090625
0 0.8286458333333333 0.78125 0.13020833333333334 0.13125
0 0.634375 0.8458333333333333 0.10625 0.16666666666666666
0 0.39479166666666665 0.8432291666666667 0.11875 0.178125
0 0.2546875 0.753125 0.11979166666666667 0.1625
1 0.5984375 0.44895833333333335 0.096875 0.11875
1 0.8755208333333333 0.5109375 0.07604166666666666 0.103125
1 0.88125 0.159375 0.10208333333333333 0.08333333333333333
