0 0.6515625 0.22395833333333334 0.13229166666666667 0.09583333333333333
0 0.5276041666666667 0.3255208333333333 0.134375 0.109375
0 0.3671875 0.4005208333333333 0.09479166666666666 0.15104166666666666
0 0.10625 0.425 0.12083333333333333 0.14166666666666666
0 0.165625 0.5609375 0.10208333333333333 0.16770833333333332
0 0.4015625 0.6494791666666666 0.159375 0.07395833333333333
0 0.43906249999999997 0.8083333333333333 0.159375 0.08333333333333333
0 0.6416666666666666 0.6083333333333333 0.14791666666666667 0.10416666666666667
0 0.9046875 0.6567708333333333 0.11354166666666667 0.16145833333333334
1 0.8421875 0.3109375 0.103125 0.08020833333333333
1 0.7875 0.51875 0.06458333333333333 0.08541666666666667
1 0.7010416666666667 0.40520833333333334 0.1 0.07083333333333333
1 0.5072916666666667 0.5078125 0.09791666666666667 0.11562499999999999
1 0.3072916666666667 0.22343749999999998 0.09583333333333333 0.08020833333333333
1 0.1828125 0.7927083333333333 0.11145833333333333 0.09375
1 0.7291666666666666 0.7541666666666667 0.1125 0.07291666666666667
