0 0.2734375 0.17447916666666666 0.11145833333333333 0.11354166666666667
0 0.4895833333333333 0.08958333333333333 0.10625 0.10625
0 0.6791666666666667 0.23854166666666665 0.08958333333333333 0.13125
0 0.8322916666666667 0.20416666666666666 0.09375 0.09791666666666667
1 0.8536458333333333 0.434375 0.109375 0.07708333333333334
0 0.8291666666666666 0.9057291666666667 0.14166666666666666 0.08645833333333333
0 0.65 0.7520833333333333 0.11041666666666666 0.09583333333333333
0 0.6036458333333333 0.46770833333333334 0.06770833333333333 0.15
0 0.46875 0.3489583333333333 0.1375 0.08333333333333333
0 0.17395833333333333 0.4083333333333333 0.09791666666666667 0.13125
0 0.16614583333333333 0.7255208333333333 0.08854166666666667 0.14479166666666665
0 0.2015625 0.9145833333333333 0.10104166666666667 0.09166666666666666
0 0.4484375 0.9109375 0.11145833333333333 0.12395833333333334
1 0.8338541666666667 0.6473958333333333 0.08854166666666667 0.065625
