1 0.20572916666666666 0.234375 0.13645833333333332 0.07708333333333334
1 0.8494791666666667 0.3619791666666667 0.12604166666666666 0.11145833333333333
1 0.9010416666666666 0.6015625 0.10208333333333333 0.11354166666666667
1 0.46979166666666666 0.5026041666666666 0.08541666666666667 0.12604166666666666
0 0.771875 0.7588541666666666 0.14375 0.13645833333333332
0 0.8546874999999999 0.209375 0.20729166666666665 0.08541666666666667
0 0.6078125 0.14947916666666666 0.103125 0.16979166666666667
0 0.4671875 0.12447916666666667 0.13645833333333332 0.15729166666666666
0 0.3729166666666667 0.3177083333333333 0.18541666666666667 0.13541666666666666
0 0.66875 0.31354166666666666 0.15625 0.12291666666666666
0 0.17760416666666667 0.40208333333333335 0.17604166666666665 0.13958333333333334
0 0.1265625 0.6322916666666667 0.13020833333333334 0.19583333333333333
0 0.17864583333333334 0.8390624999999999 0.12395833333333334 0.184375
0 0.3755208333333333 0.8635416666666667 0.121875 0.17708333333333334
0 0.5916666666666667 0.85625 0.13541666666666666 0.17708333333333334
0 0.5510416666666667 0.7192708333333333 0.16458333333333333 0.11145833333333333
0 0.3463541666666667 0.6109375 0.16979166666666667 0.11562499999999999
0 0.6067708333333334 0.5447916666666667 0.13645833333333332 0.15416666666666667
0 0.7588541666666666 0.5234375 0.10729166666666666 0.19895833333333332
