1 0.09739583333333333 0.7390625 0.10104166666666667 0.13020833333333334
0 0.259375 0.12291666666666666 0.18958333333333333 0.12291666666666666
0 0.284375 0.3046875 0.14583333333333334 0.18854166666666666
0 0.409375 0.253125 0.14166666666666666 0.14791666666666667
0 0.5541666666666667 0.0796875 0.18958333333333333 0.109375
0 0.578125 0.2630208333333333 0.125 0.16354166666666667
0 0.7557291666666667 0.1421875 0.16354166666666667 0.12395833333333334
0 0.8333333333333334 0.2828125 0.14375 0.09895833333333333
0 0.9005208333333333 0.5953125 0.140625 0.18854166666666666
0 0.8572916666666667 0.809375 0.14375 0.15833333333333333
0 0.7302083333333333 0.6588541666666666 0.18541666666666667 0.08854166666666667
0 0.678125 0.4505208333333333 0.10416666666666667 0.17395833333333333
0 0.45208333333333334 0.49583333333333335 0.1125 0.20416666666666666
0 0.39791666666666664 0.6854166666666667 0.17916666666666667 0.11458333333333333
0 0.5864583333333333 0.8588541666666667 0.18958333333333333 0.096875
0 0.31145833333333334 0.8380208333333333 0.20208333333333334 0.165625
0 0.18645833333333334 0.5369791666666667 0.18333333333333332 0.171875
