1 0.790625 0.35885416666666664 0.07083333333333333 0.109375
1 0.8624999999999999 0.6411458333333333 0.09375 0.071875
1 0.6635416666666667 0.5375 0.08125 0.06458333333333333
1 0.534375 0.6458333333333334 0.08333333333333333 0.0875
1 0.5614583333333333 0.38229166666666664 0.08125 0.0625
1 0.35885416666666664 0.31875 0.059375 0.07083333333333333
0 0.30833333333333335 0.559375 0.09375 0.14791666666666667
0 0.15625 0.4578125 0.13541666666666666 0.11354166666666667
0 0.42083333333333334 0.8484375 0.1125 0.134375
0 0.6442708333333333 0.259375 0.146875 0.09166666666666666
0 0.50625 0.20625 0.07708333333333334 0.14375
