0 0.3484375 0.209375 0.165625 0.10416666666666667
0 0.5255208333333333 0.16979166666666667 0.16979166666666667 0.10416666666666667
0 0.6989583333333333 0.2265625 0.0875 0.14895833333333333
0 0.8286458333333333 0.225 0.08645833333333333 0.17708333333333334
0 0.8630208333333333 0.4432291666666667 0.18020833333333333 0.078125
0 0.7067708333333333 0.4046875 0.13229166666666667 0.146875
0 0.8098958333333334 0.5578125 0.14895833333333333 0.11562499999999999
0 0.8859374999999999 0.7026041666666667 0.09479166666666666 0.153125
0 0.7484375 0.8338541666666667 0.184375 0.11145833333333333
0 0.3989583333333333 0.8927083333333333 0.18125 0.12083333333333333
0 0.4322916666666667 0.69375 0.13958333333333334 0.125
0 0.32447916666666665 0.5286458333333334 0.084375 0.16979166666666667
0 0.1296875 0.63125 0.18854166666666666 0.09583333333333333
0 0.21666666666666667 0.34322916666666664 0.15833333333333333 0.09479166666666666
0 0.48854166666666665 0.35572916666666665 0.11666666666666667 0.140625
1 0.284375 0.1171875 0.11041666666666666 0.11979166666666667
1 0.6635416666666667 0.0796875 0.08125 0.11979166666666667
1 0.5265625 0.5244791666666666 0.11145833333333333 0.11562499999999999
1 0.6130208333333333 0.6098958333333333 0.096875 0.08645833333333333
1 0.26458333333333334 0.7802083333333333 0.12708333333333333 0.1
1 0.58125 0.7947916666666667 0.10833333333333334 0.07708333333333334
