0 0.36875 0.19583333333333333 0.16875 0.11041666666666666
0 0.584375 0.1171875 0.15208333333333332 0.12604166666666666
0 0.7307291666666667 0.1609375 0.09895833333333333 0.20520833333333333
0 0.8802083333333334 0.35885416666666664 0.18958333333333333 0.08645833333333333
0 0.903125 0.5786458333333333 0.0875 0.18645833333333334
0 0.7265625 0.5932291666666667 0.08645833333333333 0.153125
0 0.6119791666666666 0.7713541666666667 0.103125 0.159375
0 0.1765625 0.884375 0.146875 0.14375
0 0.28020833333333334 0.59375 0.07916666666666666 0.1875
0 0.5598958333333334 0.5572916666666666 0.16979166666666667 0.09791666666666667
0 0.425 0.44427083333333334 0.16458333333333333 0.090625
0 0.11041666666666666 0.42864583333333334 0.14583333333333334 0.12604166666666666
0 0.25104166666666666 0.30833333333333335 0.12916666666666665 0.13333333333333333
1 0.640625 0.38697916666666665 0.0875 0.096875
1 0.378125 0.7833333333333333 0.11041666666666666 0.11041666666666666
