0 0.3380208333333333 0.17604166666666665 0.10520833333333333 0.16875
0 0.44687499999999997 0.34479166666666666 0.14583333333333334 0.1375
0 0.6348958333333333 0.41822916666666665 0.14270833333333333 0.11354166666666667
1 0.6385416666666667 0.0671875 0.14166666666666666 0.128125
0 0.6682291666666667 0.6145833333333334 0.19895833333333332 0.09375
0 0.7276041666666666 0.7411458333333333 0.10104166666666667 0.16979166666666667
0 0.2583333333333333 0.5322916666666666 0.1875 0.08958333333333333
0 0.20885416666666667 0.8505208333333333 0.13229166666666667 0.153125
1 0.48072916666666665 0.8338541666666667 0.11354166666666667 0.09895833333333333
1 0.8609375 0.4453125 0.090625 0.109375
1 0.5067708333333333 0.5302083333333333 0.084375 0.12291666666666666
0 0.12083333333333333 0.6286458333333333 0.17708333333333334 0.11354166666666667
1 0.22291666666666665 0.33125 0.13541666666666666 0.0875
1 0.7421875 0.19791666666666666 0.09479166666666666 0.10208333333333333
