0 0.53125 0.12135416666666667 0.1375 0.13645833333333332
0 0.7338541666666667 0.13177083333333334 0.17604166666666665 0.09895833333333333
0 0.4005208333333333 0.24583333333333332 0.178125 0.09166666666666666
0 0.565625 0.3828125 0.08958333333333333 0.171875
0 0.7328125 0.4666666666666667 0.16145833333333334 0.10833333333333334
0 0.8484375 0.6161458333333333 0.171875 0.13020833333333334
0 0.809375 0.8458333333333333 0.18333333333333332 0.11875
0 0.6208333333333333 0.6828125 0.12291666666666666 0.16145833333333334
0 0.4171875 0.4421875 0.09270833333333334 0.178125
0 0.4140625 0.6484375 0.11770833333333333 0.171875
0 0.5015625 0.8651041666666667 0.17604166666666665 0.14270833333333333
0 0.22291666666666665 0.8046875 0.12708333333333333 0.16145833333333334
0 0.20833333333333334 0.6083333333333333 0.15625 0.15208333333333332
0 0.18020833333333333 0.43124999999999997 0.09791666666666667 0.18541666666666667
1 0.3614583333333333 0.10416666666666667 0.10625 0.14791666666666667
1 0.8182291666666667 0.24791666666666667 0.13645833333333332 0.08333333333333333
1 0.9041666666666667 0.41354166666666664 0.08541666666666667 0.0875
