0 0.26145833333333335 0.24166666666666667 0.14583333333333334 0.10833333333333334
0 0.5739583333333333 0.19479166666666667 0.10208333333333333 0.14583333333333334
0 0.7109375 0.3171875 0.15104166666666666 0.07604166666666666
0 0.8880208333333334 0.4666666666666667 0.10104166666666667 0.11041666666666666
0 0.8645833333333334 0.7546875 0.09791666666666667 0.140625
0 0.6666666666666666 0.6927083333333334 0.14583333333333334 0.08333333333333333
0 0.4947916666666667 0.6989583333333333 0.12291666666666666 0.11666666666666667
0 0.540625 0.5192708333333333 0.11666666666666667 0.10520833333333333
0 0.3458333333333333 0.6140625 0.11666666666666667 0.14479166666666665
0 0.20104166666666667 0.4635416666666667 0.15416666666666667 0.08541666666666667
1 0.3046875 0.3796875 0.07604166666666666 0.08645833333333333
1 0.49166666666666664 0.325 0.08125 0.06041666666666667
1 0.7536458333333333 0.5666666666666667 0.08020833333333333 0.08125
1 0.6375 0.8942708333333333 0.075 0.096875
1 0.35260416666666666 0.8015625 0.07395833333333333 0.078125
