0 0.4317708333333333 0.184375 0.090625 0.15416666666666667
0 0.5807291666666666 0.23958333333333334 0.14479166666666665 0.07916666666666666
0 0.8020833333333334 0.30052083333333335 0.09791666666666667 0.12604166666666666
0 0.7489583333333333 0.41875 0.10833333333333334 0.13125
0 0.8671875 0.5151041666666667 0.07604166666666666 0.16145833333333334
0 0.8432291666666667 0.7494791666666667 0.08229166666666667 0.153125
0 0.6765625 0.5286458333333334 0.13229166666666667 0.10104166666666667
0 0.5557291666666666 0.3880208333333333 0.134375 0.07604166666666666
0 0.24270833333333333 0.3651041666666667 0.12083333333333333 0.134375
0 0.13958333333333334 0.6036458333333333 0.08958333333333333 0.13645833333333332
0 0.36666666666666664 0.6505208333333333 0.1125 0.153125
0 0.5322916666666666 0.8463541666666666 0.13958333333333334 0.08854166666666667
1 0.6932291666666667 0.7244791666666667 0.071875 0.05520833333333333
1 0.5171875 0.7171875 0.09895833333333333 0.06979166666666667
1 0.4244791666666667 0.4864583333333333 0.10104166666666667 0.08958333333333333
