1 0.3515625 0.2625 0.09479166666666666 0.09791666666666667
1 0.5223958333333333 0.4322916666666667 0.10520833333333333 0.08125
1 0.6994791666666667 0.6791666666666667 0.10104166666666667 0.12708333333333333
1 0.2973958333333333 0.5552083333333333 0.08229166666666667 0.09375
0 0.33177083333333335 0.13697916666666665 0.14270833333333333 0.09895833333333333
0 0.5276041666666667 0.1546875 0.084375 0.16979166666666667
0 0.7760416666666666 0.17239583333333333 0.16041666666666665 0.11770833333333333
0 0.665625 0.2677083333333333 0.13958333333333334 0.13333333333333333
0 0.7177083333333333 0.37916666666666665 0.18541666666666667 0.075
0 0.6885416666666666 0.5130208333333334 0.15208333333333332 0.11354166666666667
0 0.7234375 0.8744791666666667 0.12395833333333334 0.20729166666666665
0 0.48333333333333334 0.7963541666666667 0.17916666666666667 0.11979166666666667
0 0.3859375 0.6572916666666666 0.14895833333333333 0.14166666666666666
0 0.171875 0.76875 0.10625 0.18958333333333333
0 0.15364583333333334 0.384375 0.14479166666666665 0.14166666666666666
0 0.33697916666666666 0.4 0.165625 0.12916666666666665
