1 0.5057291666666667 0.1734375 0.078125 0.096875
1 0.5057291666666667 0.2953125 0.07604166666666666 0.071875
1 0.7020833333333333 0.3489583333333333 0.08541666666666667 0.09375
1 0.46041666666666664 0.428125 0.09583333333333333 0.09791666666666667
1 0.3578125 0.5088541666666666 0.096875 0.103125
1 0.5786458333333333 0.7682291666666666 0.07395833333333333 0.11979166666666667
1 0.81875 0.8640625 0.10416666666666667 0.096875
0 0.6692708333333334 0.15729166666666666 0.11770833333333333 0.13333333333333333
0 0.8312499999999999 0.34322916666666664 0.13958333333333334 0.11145833333333333
0 0.8208333333333333 0.5104166666666666 0.125 0.14583333333333334
0 0.5979166666666667 0.4864583333333333 0.10208333333333333 0.14166666666666666
0 0.6880208333333333 0.6432291666666666 0.13020833333333334 0.134375
0 0.4083333333333333 0.6515625 0.10625 0.16145833333333334
0 0.3255208333333333 0.8572916666666667 0.159375 0.09583333333333333
0 0.24739583333333334 0.6776041666666667 0.10729166666666666 0.17604166666666665
0 0.23854166666666665 0.40260416666666665 0.10625 0.14895833333333333
0 0.3421875 0.1921875 0.08645833333333333 0.171875
