0 0.43072916666666666 0.12447916666666667 0.153125 0.128125
0 0.5932291666666667 0.08489583333333334 0.11770833333333333 0.16354166666666667
0 0.7114583333333333 0.26666666666666666 0.16666666666666666 0.14375
0 0.7666666666666666 0.425 0.14791666666666667 0.125
0 0.271875 0.3859375 0.1 0.16770833333333332
0 0.41770833333333335 0.346875 0.16041666666666665 0.11041666666666666
0 0.44895833333333335 0.475 0.16875 0.11458333333333333
0 0.5916666666666667 0.41041666666666665 0.12916666666666665 0.12083333333333333
0 0.6703125 0.5619791666666667 0.121875 0.16770833333333332
0 0.8828125 0.6145833333333334 0.140625 0.17916666666666667
0 0.8276041666666667 0.875 0.11770833333333333 0.16666666666666666
0 0.7046875 0.7078125 0.18645833333333334 0.11979166666666667
0 0.5135416666666667 0.8458333333333333 0.16458333333333333 0.12083333333333333
0 0.3338541666666667 0.5901041666666667 0.11562499999999999 0.178125
0 0.1015625 0.5046875 0.09479166666666666 0.17395833333333333
0 0.22760416666666666 0.7432291666666666 0.171875 0.13229166666666667
1 0.278125 0.921875 0.13541666666666666 0.09791666666666667
1 0.5302083333333333 0.6567708333333333 0.0875 0.10520833333333333
1 0.2739583333333333 0.18333333333333332 0.075 0.10625
1 0.5307291666666667 0.24114583333333334 0.08854166666666667 0.08854166666666667
