0 0.5963541666666666 0.10677083333333333 0.121875 0.184375
0 0.7838541666666666 0.165625 0.103125 0.16666666666666666
0 0.8854166666666666 0.29322916666666665 0.18125 0.09895833333333333
0 0.8869791666666667 0.4552083333333333 0.17395833333333333 0.11458333333333333
0 0.8223958333333333 0.7671875 0.14479166666666665 0.15729166666666666
0 0.6515625 0.8963541666666667 0.12604166666666666 0.18020833333333333
0 0.5979166666666667 0.559375 0.15833333333333333 0.12916666666666665
0 0.5473958333333333 0.35260416666666666 0.153125 0.11979166666666667
0 0.3703125 0.225 0.084375 0.17291666666666666
0 0.13125 0.290625 0.18125 0.13125
0 0.12916666666666665 0.49947916666666664 0.1875 0.11145833333333333
0 0.2609375 0.64375 0.16145833333333334 0.14166666666666666
0 0.16822916666666665 0.8624999999999999 0.209375 0.11041666666666666
0 0.40989583333333335 0.8588541666666667 0.19479166666666667 0.128125
1 0.4296875 0.7 0.121875 0.12083333333333333
1 0.3677083333333333 0.46041666666666664 0.09375 0.14166666666666666
1 0.25885416666666666 0.09583333333333333 0.109375 0.12916666666666665
1 0.6770833333333334 0.390625 0.09791666666666667 0.125
1 0.8302083333333333 0.6223958333333334 0.12916666666666665 0.084375
1 0.646875 0.6890625 0.07916666666666666 0.10520833333333333
