0 0.4828125 0.1109375 0.146875 0.11354166666666667
0 0.7020833333333333 0.20989583333333334 0.13541666666666666 0.140625
0 0.6703125 0.3671875 0.14895833333333333 0.12604166666666666
0 0.7854166666666667 0.5078125 0.15 0.10104166666666667
0 0.3953125 0.259375 0.178125 0.10625
0 0.225 0.37135416666666665 0.10208333333333333 0.15729166666666666
0 0.3703125 0.4317708333333333 0.18020833333333333 0.084375
0 0.6026041666666666 0.496875 0.15520833333333334 0.11875
0 0.14479166666666665 0.6104166666666666 0.11666666666666667 0.19375
0 0.3140625 0.7671875 0.16354166666666667 0.16145833333333334
0 0.4192708333333333 0.6723958333333333 0.09479166666666666 0.159375
0 0.6630208333333333 0.7604166666666666 0.159375 0.11875
0 0.7463541666666667 0.9015624999999999 0.19479166666666667 0.13020833333333334
1 0.6572916666666666 0.6536458333333334 0.10625 0.09895833333333333
1 0.4635416666666667 0.8765625 0.10416666666666667 0.121875
1 0.41354166666666664 0.5479166666666666 0.10625 0.07916666666666666
1 0.5057291666666667 0.3541666666666667 0.10520833333333333 0.1
1 0.31197916666666664 0.11614583333333334 0.11979166666666667 0.08854166666666667
