0 0.25104166666666666 0.28541666666666665 0.1125 0.13125
0 0.4276041666666667 0.32135416666666666 0.146875 0.090625
0 0.48593749999999997 0.12343749999999999 0.11562499999999999 0.12604166666666666
0 0.70625 0.12916666666666665 0.14583333333333334 0.09375
0 0.7802083333333333 0.2578125 0.15 0.07604166666666666
0 0.7505208333333333 0.42343749999999997 0.128125 0.09895833333333333
0 0.884375 0.675 0.09166666666666666 0.15208333333333332
0 0.7322916666666667 0.7854166666666667 0.11875 0.13125
0 0.60625 0.703125 0.09791666666666667 0.14166666666666666
0 0.4890625 0.5140625 0.13645833333333332 0.07604166666666666
0 0.22395833333333334 0.5526041666666667 0.12708333333333333 0.12604166666666666
0 0.19947916666666665 0.7057291666666666 0.078125 0.15520833333333334
0 0.3619791666666667 0.8494791666666667 0.121875 0.15520833333333334
1 0.4041666666666667 0.6182291666666666 0.10416666666666667 0.059375
1 0.7734375 0.5473958333333333 0.103125 0.08645833333333333
1 0.596875 0.4505208333333333 0.09375 0.059375
