1 0.284375 0.26979166666666665 0.11041666666666666 0.09583333333333333
1 0.4375 0.4927083333333333 0.07083333333333333 0.10625
1 0.7416666666666667 0.4713541666666667 0.1125 0.08645833333333333
1 0.6010416666666667 0.9005208333333333 0.12708333333333333 0.08020833333333333
0 0.396875 0.13385416666666666 0.08333333333333333 0.15729166666666666
0 0.6348958333333333 0.178125 0.11354166666666667 0.15208333333333332
0 0.4848958333333333 0.33177083333333335 0.15729166666666666 0.10729166666666666
0 0.6463541666666667 0.40260416666666665 0.08854166666666667 0.146875
0 0.8494791666666667 0.34270833333333334 0.11145833333333333 0.14375
0 0.8010416666666667 0.6307291666666667 0.08125 0.19270833333333334
0 0.7723958333333333 0.803125 0.18854166666666666 0.08958333333333333
0 0.5505208333333333 0.6239583333333333 0.16145833333333334 0.11041666666666666
0 0.4140625 0.6765625 0.16979166666666667 0.06979166666666667
0 0.2661458333333333 0.47552083333333334 0.18854166666666666 0.08854166666666667
0 0.153125 0.7270833333333333 0.09583333333333333 0.17708333333333334
0 0.37395833333333334 0.85 0.1625 0.09166666666666666
