1 0.3984375 0.1328125 0.109375 0.10520833333333333
1 0.7973958333333333 0.21927083333333333 0.11145833333333333 0.11354166666666667
1 0.41822916666666665 0.6401041666666667 0.10729166666666666 0.109375
1 0.7979166666666666 0.6625 0.12916666666666665 0.125
0 0.5546875 0.09427083333333333 0.16770833333333332 0.12395833333333334
0 0.234375 0.19114583333333332 0.11666666666666667 0.16770833333333332
0 0.46822916666666664 0.2546875 0.17604166666666665 0.08854166666666667
0 0.6552083333333333 0.3026041666666667 0.12916666666666665 0.15520833333333334
0 0.734375 0.4401041666666667 0.09375 0.20729166666666665
0 0.8682291666666666 0.4083333333333333 0.11145833333333333 0.17083333333333334
0 0.7010416666666667 0.8760416666666666 0.13958333333333334 0.19375
0 0.5776041666666667 0.4666666666666667 0.09270833333333334 0.17291666666666666
0 0.3984375 0.3885416666666667 0.140625 0.1625
0 0.2916666666666667 0.5145833333333333 0.20833333333333334 0.09375
0 0.33541666666666664 0.8385416666666666 0.12916666666666665 0.21041666666666667
0 0.5520833333333334 0.7265625 0.13958333333333334 0.18020833333333333
0 0.14010416666666667 0.65625 0.10104166666666667 0.17916666666666667
0 0.11614583333333334 0.4765625 0.10520833333333333 0.17604166666666665
0 0.10416666666666667 0.29010416666666666 0.16875 0.16979166666666667
