0 0.23333333333333334 0.10989583333333333 0.14375 0.16770833333333332
0 0.49114583333333334 0.11770833333333333 0.084375 0.17708333333333334
0 0.7416666666666667 0.20989583333333334 0.14791666666666667 0.13229166666666667
0 0.9427083333333334 0.296875 0.0875 0.17291666666666666
0 0.5328125 0.3567708333333333 0.13854166666666667 0.12604166666666666
0 0.5833333333333334 0.51875 0.10625 0.16458333333333333
0 0.19739583333333333 0.3572916666666667 0.16145833333333334 0.125
0 0.37135416666666665 0.5953125 0.20729166666666665 0.08854166666666667
0 0.2203125 0.7395833333333334 0.15104166666666666 0.16666666666666666
0 0.4427083333333333 0.8130208333333333 0.14583333333333334 0.13229166666666667
0 0.6802083333333333 0.8729166666666667 0.14166666666666666 0.16875
0 0.778125 0.7083333333333334 0.15833333333333333 0.08333333333333333
1 0.859375 0.5572916666666666 0.11875 0.08125
1 0.7401041666666667 0.47760416666666666 0.11145833333333333 0.096875
1 0.5973958333333333 0.16979166666666667 0.06145833333333333 0.10625
1 0.3494791666666667 0.23020833333333332 0.09895833333333333 0.11041666666666666
1 0.14322916666666666 0.5755208333333334 0.11354166666666667 0.08854166666666667
1 0.6557291666666667 0.6520833333333333 0.08020833333333333 0.10416666666666667
