0 0.24687499999999998 0.19270833333333334 0.16041666666666665 0.11041666666666666
0 0.19479166666666667 0.36875 0.12916666666666665 0.15416666666666667
0 0.3390625 0.340625 0.09270833333333334 0.17083333333333334
0 0.5088541666666666 0.2895833333333333 0.178125 0.09166666666666666
0 0.6296875 0.103125 0.08645833333333333 0.16041666666666665
0 0.7901041666666666 0.21979166666666666 0.14895833333333333 0.14583333333333334
0 0.728125 0.45260416666666664 0.18333333333333332 0.090625
0 0.7666666666666666 0.634375 0.14375 0.13541666666666666
0 0.7833333333333333 0.8125 0.08958333333333333 0.1875
0 0.59375 0.8416666666666667 0.1 0.2
0 0.384375 0.8020833333333334 0.11875 0.17916666666666667
0 0.30104166666666665 0.734375 0.175 0.13125
0 0.328125 0.5234375 0.12708333333333333 0.17395833333333333
1 0.5114583333333333 0.4744791666666667 0.10833333333333334 0.096875
1 0.6385416666666667 0.3416666666666667 0.08333333333333333 0.10625
1 0.41354166666666664 0.16614583333333333 0.11458333333333333 0.09479166666666666
1 0.18333333333333332 0.6296875 0.11666666666666667 0.11354166666666667
1 0.5614583333333333 0.6286458333333333 0.07708333333333334 0.08854166666666667
