0 0.68125 0.140625 0.16041666666666665 0.15416666666666667
0 0.49322916666666666 0.07395833333333333 0.18854166666666666 0.09375
0 0.8260416666666667 0.2546875 0.16458333333333333 0.140625
0 0.8932291666666666 0.4734375 0.17604166666666665 0.11979166666666667
0 0.8057291666666666 0.66875 0.12604166666666666 0.13541666666666666
0 0.6963541666666666 0.7848958333333333 0.178125 0.103125
0 0.6479166666666667 0.515625 0.17708333333333334 0.12291666666666666
0 0.4770833333333333 0.28802083333333334 0.19166666666666665 0.11354166666666667
0 0.23072916666666665 0.30416666666666664 0.178125 0.14375
0 0.3286458333333333 0.4947916666666667 0.11562499999999999 0.17708333333333334
0 0.21927083333333333 0.6390625 0.190625 0.12395833333333334
0 0.190625 0.8317708333333333 0.1625 0.16145833333333334
0 0.44375 0.8203125 0.13958333333333334 0.171875
1 0.49635416666666665 0.634375 0.10520833333333333 0.10208333333333333
1 0.5354166666666667 0.4166666666666667 0.1 0.12083333333333333
