1 0.578125 0.19114583333333332 0.10833333333333334 0.10729166666666666
1 0.9052083333333333 0.5588541666666667 0.08125 0.090625
1 0.2875 0.5625 0.075 0.09375
1 0.50625 0.8229166666666666 0.1 0.10625
0 0.38958333333333334 0.12708333333333333 0.16666666666666666 0.0875
0 0.7541666666666667 0.09583333333333333 0.1625 0.08541666666666667
0 0.7989583333333333 0.21979166666666666 0.14583333333333334 0.10416666666666667
0 0.8697916666666666 0.3692708333333333 0.08541666666666667 0.15104166666666666
0 0.6875 0.3515625 0.09166666666666666 0.153125
0 0.7609375 0.5130208333333334 0.17395833333333333 0.084375
0 0.7609375 0.6161458333333333 0.178125 0.09270833333333334
0 0.8645833333333334 0.7911458333333333 0.16666666666666666 0.08854166666666667
0 0.6708333333333333 0.8973958333333333 0.15 0.153125
0 0.6244791666666667 0.7203125 0.14479166666666665 0.14479166666666665
0 0.5104166666666666 0.5192708333333333 0.14791666666666667 0.13020833333333334
0 0.540625 0.3453125 0.12083333333333333 0.13229166666666667
0 0.3723958333333333 0.3182291666666667 0.128125 0.10104166666666667
0 0.28125 0.4401041666666667 0.13125 0.12604166666666666
0 0.40572916666666664 0.6765625 0.11562499999999999 0.16979166666666667
0 0.2973958333333333 0.8234374999999999 0.10520833333333333 0.146875
