1 0.5145833333333333 0.11666666666666667 0.10833333333333334 0.09375
1 0.8322916666666667 0.4901041666666667 0.09583333333333333 0.11354166666666667
1 0.6192708333333333 0.6401041666666667 0.078125 0.096875
1 0.3645833333333333 0.5744791666666667 0.12708333333333333 0.11354166666666667
1 0.0734375 0.7182291666666667 0.09895833333333333 0.11145833333333333
0 0.36666666666666664 0.19166666666666665 0.1375 0.16041666666666665
0 0.1703125 0.22760416666666666 0.190625 0.11770833333333333
0 0.48802083333333335 0.33229166666666665 0.16770833333333332 0.07291666666666667
0 0.21354166666666666 0.43333333333333335 0.18541666666666667 0.09166666666666666
0 0.5234375 0.48802083333333335 0.16354166666666667 0.096875
0 0.7510416666666666 0.16770833333333332 0.16666666666666666 0.08541666666666667
0 0.8708333333333333 0.2677083333333333 0.15625 0.10625
0 0.7135416666666666 0.30364583333333334 0.17708333333333334 0.10104166666666667
0 0.8036458333333333 0.7130208333333333 0.178125 0.09479166666666666
0 0.5760416666666667 0.8760416666666666 0.19375 0.11041666666666666
0 0.46041666666666664 0.7255208333333333 0.2 0.090625
0 0.24791666666666667 0.6953125 0.14166666666666666 0.153125
