0 0.6265625 0.05677083333333333 0.128125 0.11145833333333333
0 0.7796875 0.08072916666666667 0.16145833333333334 0.11354166666666667
0 0.4895833333333333 0.11145833333333333 0.11458333333333333 0.15625
0 0.5713541666666666 0.2630208333333333 0.08854166666666667 0.178125
0 0.7536458333333333 0.21666666666666667 0.171875 0.08958333333333333
0 0.7916666666666666 0.39375 0.1625 0.11041666666666666
0 0.9177083333333333 0.56875 0.09583333333333333 0.19375
0 0.8536458333333333 0.7479166666666667 0.18854166666666666 0.10625
0 0.7583333333333333 0.5505208333333333 0.15833333333333333 0.103125
0 0.6020833333333333 0.625 0.09375 0.18125
0 0.628125 0.8125 0.18125 0.1125
0 0.4203125 0.8645833333333334 0.14270833333333333 0.21041666666666667
0 0.303125 0.6432291666666666 0.09375 0.17604166666666665
0 0.1890625 0.8473958333333333 0.13854166666666667 0.18229166666666666
0 0.44687499999999997 0.3260416666666667 0.10625 0.16666666666666666
0 0.25625 0.23906249999999998 0.15416666666666667 0.13229166666666667
1 0.3208333333333333 0.12135416666666667 0.12291666666666666 0.07395833333333333
1 0.28854166666666664 0.4005208333333333 0.10416666666666667 0.11562499999999999
1 0.16666666666666666 0.6052083333333333 0.11458333333333333 0.1125
1 0.49166666666666664 0.5635416666666666 0.11041666666666666 0.1
1 0.6197916666666666 0.421875 0.10208333333333333 0.08125
