1 0.2921875 0.2838541666666667 0.11145833333333333 0.08645833333333333
1 0.7677083333333333 0.16197916666666667 0.09583333333333333 0.084375
1 0.6052083333333333 0.5692708333333333 0.10833333333333334 0.06979166666666667
1 0.16979166666666667 0.7802083333333333 0.0875 0.1125
0 0.1203125 0.50625 0.140625 0.11041666666666666
0 0.34270833333333334 0.13854166666666667 0.08541666666666667 0.15833333333333333
0 0.546875 0.1109375 0.15208333333333332 0.09270833333333334
0 0.4921875 0.2578125 0.13020833333333334 0.11979166666666667
0 0.3286458333333333 0.4223958333333333 0.08645833333333333 0.146875
0 0.5572916666666666 0.4375 0.08541666666666667 0.14166666666666666
0 0.45468749999999997 0.5338541666666666 0.07604166666666666 0.16979166666666667
0 0.26875 0.6260416666666666 0.17083333333333334 0.09375
0 0.3307291666666667 0.7661458333333333 0.10520833333333333 0.15520833333333334
0 0.5010416666666666 0.78125 0.10208333333333333 0.14166666666666666
0 0.6489583333333333 0.7135416666666666 0.12708333333333333 0.13958333333333334
0 0.7244791666666667 0.8322916666666667 0.16770833333333332 0.14375
0 0.8390624999999999 0.6630208333333333 0.18854166666666666 0.08854166666666667
0 0.859375 0.44687499999999997 0.13125 0.11875
0 0.7364583333333333 0.4552083333333333 0.11666666666666667 0.14375
0 0.7119791666666666 0.2864583333333333 0.090625 0.15
