0 0.46875 0.10885416666666667 0.11666666666666667 0.159375
0 0.6536458333333334 0.10572916666666667 0.15520833333333334 0.13854166666666667
0 0.6859375 0.2583333333333333 0.16979166666666667 0.09791666666666667
0 0.315625 0.13697916666666665 0.15625 0.14895833333333333
0 0.4536458333333333 0.271875 0.16770833333333332 0.10416666666666667
0 0.5552083333333333 0.39791666666666664 0.15625 0.11666666666666667
0 0.35260416666666666 0.4083333333333333 0.15520833333333334 0.1375
0 0.12395833333333334 0.36302083333333335 0.13958333333333334 0.153125
0 0.2796875 0.6734375 0.178125 0.10520833333333333
0 0.4432291666666667 0.6494791666666666 0.10520833333333333 0.17395833333333333
0 0.16041666666666665 0.8390624999999999 0.09375 0.20520833333333333
0 0.4421875 0.8588541666666667 0.203125 0.10520833333333333
0 0.6651041666666666 0.8536458333333333 0.10729166666666666 0.21562499999999998
0 0.6057291666666667 0.5963541666666666 0.171875 0.084375
0 0.8624999999999999 0.6541666666666667 0.10625 0.175
0 0.8526041666666666 0.4552083333333333 0.109375 0.2
1 0.7411458333333333 0.32916666666666666 0.11354166666666667 0.10833333333333334
1 0.7619791666666667 0.6385416666666667 0.08020833333333333 0.11666666666666667
1 0.3776041666666667 0.5208333333333334 0.12395833333333334 0.09583333333333333
