1 0.5015625 0.41822916666666665 0.08020833333333333 0.12395833333333334
1 0.7364583333333333 0.14114583333333333 0.10416666666666667 0.128125
1 0.8645833333333334 0.30885416666666665 0.11875 0.11979166666666667
1 0.44479166666666664 0.7453125 0.11666666666666667 0.11770833333333333
1 0.1421875 0.6119791666666666 0.11979166666666667 0.090625
0 0.68125 0.24739583333333334 0.1625 0.12395833333333334
0 0.5979166666666667 0.09791666666666667 0.09375 0.18125
0 0.3546875 0.12916666666666665 0.18645833333333334 0.125
0 0.3875 0.28020833333333334 0.14791666666666667 0.13958333333333334
0 0.19166666666666665 0.2869791666666667 0.12291666666666666 0.16145833333333334
0 0.19270833333333334 0.4380208333333333 0.18958333333333333 0.10729166666666666
0 0.38177083333333334 0.521875 0.146875 0.17291666666666666
0 0.33177083333333335 0.6359375 0.13645833333333332 0.159375
0 0.17447916666666666 0.775 0.128125 0.1625
0 0.35625 0.8692708333333333 0.11041666666666666 0.178125
0 0.5916666666666667 0.9130208333333333 0.15208333333333332 0.16145833333333334
0 0.7416666666666667 0.8729166666666667 0.10833333333333334 0.19166666666666665
0 0.625 0.6057291666666667 0.17083333333333334 0.14479166666666665
0 0.8447916666666666 0.6614583333333334 0.11666666666666667 0.18958333333333333
0 0.8244791666666667 0.4796875 0.16354166666666667 0.146875
0 0.6703125 0.42083333333333334 0.15104166666666666 0.09166666666666666
