0 0.3296875 0.17708333333333334 0.15520833333333334 0.08333333333333333
0 0.5375 0.1984375 0.1625 0.09270833333333334
0 0.6583333333333333 0.321875 0.12291666666666666 0.1375
0 0.49583333333333335 0.37447916666666664 0.15833333333333333 0.096875
0 0.5057291666666667 0.5697916666666667 0.14895833333333333 0.10625
0 0.8109375 0.6 0.17604166666666665 0.075
0 0.6776041666666667 0.71875 0.184375 0.09375
0 0.7765625 0.8838541666666666 0.078125 0.159375
0 0.5104166666666666 0.8630208333333333 0.15625 0.128125
0 0.24947916666666667 0.49895833333333334 0.16145833333333334 0.10208333333333333
1 0.6984375 0.146875 0.08645833333333333 0.09583333333333333
1 0.8286458333333333 0.3833333333333333 0.08229166666666667 0.08541666666666667
1 0.6041666666666666 0.5088541666666666 0.08541666666666667 0.071875
1 0.26510416666666664 0.3453125 0.08229166666666667 0.109375
1 0.3625 0.6557291666666667 0.11666666666666667 0.08229166666666667
1 0.21041666666666667 0.8385416666666666 0.09583333333333333 0.1
