0 0.4557291666666667 0.21927083333333333 0.11145833333333333 0.128125
0 0.3541666666666667 0.33177083333333335 0.11458333333333333 0.13854166666666667
0 0.49895833333333334 0.40729166666666666 0.07083333333333333 0.14166666666666666
0 0.6536458333333334 0.3598958333333333 0.140625 0.090625
0 0.8838541666666666 0.5770833333333333 0.08645833333333333 0.16041666666666665
0 0.5723958333333333 0.6192708333333333 0.134375 0.084375
0 0.5338541666666666 0.8411458333333334 0.17395833333333333 0.08020833333333333
0 0.33177083333333335 0.7895833333333333 0.109375 0.10416666666666667
0 0.21041666666666667 0.6182291666666666 0.07708333333333334 0.15729166666666666
0 0.2755208333333333 0.3927083333333333 0.09270833333333334 0.13125
1 0.6458333333333334 0.496875 0.0875 0.07708333333333334
1 0.715625 0.76875 0.075 0.07083333333333333
1 0.7708333333333334 0.29270833333333335 0.09791666666666667 0.075
1 0.34375 0.5583333333333333 0.08958333333333333 0.06875
