1 0.7083333333333334 0.29375 0.1 0.07291666666666667
1 0.5541666666666667 0.275 0.06666666666666667 0.09791666666666667
0 0.3927083333333333 0.47604166666666664 0.1125 0.11041666666666666
1 0.7395833333333334 0.8020833333333334 0.11666666666666667 0.08541666666666667
0 0.8630208333333333 0.5546875 0.11562499999999999 0.140625
0 0.46875 0.678125 0.14166666666666666 0.07708333333333334
0 0.5541666666666667 0.8 0.15208333333333332 0.07916666666666666
0 0.33229166666666665 0.86875 0.08333333333333333 0.16458333333333333
0 0.2921875 0.6046875 0.134375 0.10104166666666667
0 0.17239583333333333 0.47760416666666666 0.15729166666666666 0.08229166666666667
0 0.1984375 0.2296875 0.07604166666666666 0.15104166666666666
0 0.40729166666666666 0.30885416666666665 0.075 0.13229166666666667
0 0.6 0.5479166666666666 0.07708333333333334 0.15625
0 0.715625 0.6447916666666667 0.11875 0.09375
0 0.7671875 0.40260416666666665 0.15520833333333334 0.078125
0 0.41302083333333334 0.13125 0.09895833333333333 0.13958333333333334
0 0.6932291666666667 0.14427083333333332 0.140625 0.08229166666666667
