1 0.42604166666666665 0.3697916666666667 0.07291666666666667 0.06666666666666667
1 0.3380208333333333 0.4661458333333333 0.071875 0.05520833333333333
1 0.7885416666666667 0.253125 0.07083333333333333 0.06458333333333333
1 0.8692708333333333 0.7734375 0.07395833333333333 0.084375
0 0.6005208333333333 0.8421875 0.121875 0.08854166666666667
0 0.7078125 0.64375 0.134375 0.07916666666666666
0 0.6760416666666667 0.44375 0.12708333333333333 0.0875
0 0.5604166666666667 0.21458333333333332 0.10833333333333334 0.09583333333333333
0 0.7192708333333333 0.15729166666666666 0.06354166666666666 0.13333333333333333
0 0.3729166666666667 0.171875 0.13333333333333333 0.0625
0 0.22552083333333334 0.3416666666666667 0.13020833333333334 0.0875
0 0.4479166666666667 0.6223958333333334 0.0875 0.13229166666666667
0 0.35 0.8484375 0.14791666666666667 0.071875
0 0.8864583333333333 0.5010416666666666 0.09791666666666667 0.09375
