0 0.2265625 0.5536458333333333 0.109375 0.16145833333333334
0 0.41041666666666665 0.5901041666666667 0.10833333333333334 0.15520833333333334
0 0.3729166666666667 0.8026041666666667 0.17083333333333334 0.08854166666666667
0 0.6640625 0.7265625 0.08229166666666667 0.165625
0 0.8286458333333333 0.6708333333333333 0.13854166666666667 0.15
0 0.6666666666666666 0.4895833333333333 0.11041666666666666 0.14791666666666667
0 0.9072916666666666 0.41875 0.1125 0.1875
0 0.6098958333333333 0.22916666666666666 0.10520833333333333 0.14583333333333334
0 0.47812499999999997 0.3802083333333333 0.09791666666666667 0.16458333333333333
1 0.16822916666666665 0.30885416666666665 0.09895833333333333 0.10729166666666666
1 0.30572916666666666 0.17864583333333334 0.07604166666666666 0.07395833333333333
1 0.6255208333333333 0.06041666666666667 0.07395833333333333 0.08958333333333333
2 0.22343749999999998 0.4395833333333333 0.03229166666666666 0.06875
