1 0.7395833333333334 0.4401041666666667 0.10625 0.065625
0 0.8166666666666667 0.29322916666666665 0.06458333333333333 0.14270833333333333
1 0.353125 0.5958333333333333 0.08125 0.09166666666666666
0 0.7859375 0.5510416666666667 0.171875 0.06458333333333333
0 0.8640625 0.7197916666666666 0.084375 0.14375
0 0.6916666666666667 0.7072916666666667 0.14375 0.1
0 0.6416666666666666 0.8083333333333333 0.10625 0.14166666666666666
0 0.4609375 0.7802083333333333 0.090625 0.16041666666666665
0 0.271875 0.8083333333333333 0.14166666666666666 0.11666666666666667
0 0.5083333333333333 0.5640625 0.14583333333333334 0.065625
0 0.21666666666666667 0.5505208333333333 0.1 0.140625
0 0.15677083333333333 0.41875 0.140625 0.08958333333333333
0 0.3390625 0.2890625 0.071875 0.153125
0 0.4739583333333333 0.22239583333333332 0.12916666666666665 0.06979166666666667
0 0.6145833333333334 0.2890625 0.11875 0.11562499999999999
0 0.49114583333333334 0.38645833333333335 0.103125 0.1
