0 0.24947916666666667 0.253125 0.165625 0.07291666666666667
0 0.3989583333333333 0.2630208333333333 0.09583333333333333 0.13020833333333334
0 0.5770833333333333 0.14114583333333333 0.14375 0.06354166666666666
0 0.571875 0.490625 0.07291666666666667 0.15416666666666667
0 0.6552083333333333 0.3302083333333333 0.13333333333333333 0.10416666666666667
0 0.7838541666666666 0.38125 0.13645833333333332 0.075
0 0.9395833333333333 0.3645833333333333 0.09375 0.15625
0 0.7942708333333334 0.6479166666666667 0.096875 0.13125
0 0.7921875 0.49583333333333335 0.09895833333333333 0.11458333333333333
0 0.6583333333333333 0.6859375 0.12291666666666666 0.128125
0 0.28229166666666666 0.8802083333333334 0.15416666666666667 0.09166666666666666
0 0.434375 0.6786458333333333 0.08541666666666667 0.13854166666666667
0 0.4239583333333333 0.4791666666666667 0.11666666666666667 0.10833333333333334
0 0.26458333333333334 0.41041666666666665 0.1375 0.09791666666666667
0 0.2453125 0.6369791666666667 0.146875 0.10104166666666667
1 0.4828125 0.7791666666666667 0.090625 0.09583333333333333
1 0.74375 0.2296875 0.06041666666666667 0.084375
