1 0.8885416666666667 0.47760416666666666 0.08125 0.08854166666666667
1 0.6 0.5130208333333334 0.08333333333333333 0.06770833333333333
1 0.7916666666666666 0.8291666666666666 0.10625 0.06458333333333333
1 0.4296875 0.46510416666666665 0.08020833333333333 0.07604166666666666
0 0.7473958333333334 0.22604166666666667 0.140625 0.1
0 0.6895833333333333 0.37395833333333334 0.125 0.06041666666666667
0 0.8536458333333333 0.6557291666666667 0.10520833333333333 0.14479166666666665
0 0.6567708333333333 0.6401041666666667 0.084375 0.11354166666666667
0 0.6046875 0.809375 0.08645833333333333 0.13333333333333333
0 0.42916666666666664 0.7770833333333333 0.1 0.15
0 0.38645833333333335 0.6427083333333333 0.09375 0.15833333333333333
0 0.18177083333333333 0.7005208333333334 0.13645833333333332 0.090625
0 0.2015625 0.34791666666666665 0.121875 0.14583333333333334
0 0.3796875 0.3151041666666667 0.071875 0.15729166666666666
0 0.525 0.15260416666666665 0.09166666666666666 0.13020833333333334
