0 0.47031249999999997 0.196875 0.11354166666666667 0.12083333333333333
0 0.8109375 0.2921875 0.10729166666666666 0.12604166666666666
0 0.69375 0.5151041666666667 0.09791666666666667 0.11770833333333333
0 0.6442708333333333 0.7114583333333333 0.096875 0.14583333333333334
0 0.46875 0.8302083333333333 0.1125 0.14166666666666666
0 0.23489583333333333 0.7145833333333333 0.13854166666666667 0.07916666666666666
0 0.21458333333333332 0.46510416666666665 0.075 0.140625
0 0.2786458333333333 0.2604166666666667 0.12395833333333334 0.12708333333333333
0 0.5510416666666667 0.39375 0.14791666666666667 0.08333333333333333
1 0.45 0.4734375 0.058333333333333334 0.11145833333333333
1 0.4125 0.61875 0.0875 0.07291666666666667
1 0.6572916666666666 0.2140625 0.07708333333333334 0.08020833333333333
