0 0.3807291666666667 0.0875 0.13854166666666667 0.13958333333333334
0 0.4421875 0.2947916666666667 0.159375 0.09791666666666667
0 0.1609375 0.4083333333333333 0.084375 0.18125
0 0.35520833333333335 0.39010416666666664 0.15416666666666667 0.09895833333333333
0 0.12291666666666666 0.5958333333333333 0.1625 0.07708333333333334
0 0.30833333333333335 0.6213541666666667 0.11666666666666667 0.153125
0 0.4786458333333333 0.8729166666666667 0.159375 0.1
0 0.8276041666666667 0.7833333333333333 0.10729166666666666 0.17083333333333334
0 0.5588541666666667 0.5208333333333334 0.14270833333333333 0.14583333333333334
0 0.6421875 0.4041666666666667 0.09479166666666666 0.1875
0 0.9078125 0.22447916666666667 0.09895833333333333 0.16979166666666667
1 0.5197916666666667 0.12239583333333333 0.09583333333333333 0.084375
1 0.7921875 0.29010416666666666 0.08645833333333333 0.11770833333333333
1 0.5953125 0.6765625 0.08229166666666667 0.084375
1 0.7765625 0.5536458333333333 0.08854166666666667 0.12604166666666666
