1 0.8442708333333333 0.6703125 0.07395833333333333 0.08229166666666667
1 0.48541666666666666 0.903125 0.10625 0.07291666666666667
1 0.7104166666666667 0.3802083333333333 0.0875 0.0875
1 0.6651041666666666 0.1421875 0.07604166666666666 0.08854166666666667
0 0.7395833333333334 0.2755208333333333 0.15625 0.084375
0 0.8098958333333334 0.5067708333333333 0.121875 0.078125
0 0.6526041666666667 0.6942708333333333 0.15104166666666666 0.12395833333333334
0 0.6822916666666666 0.8781249999999999 0.07708333333333334 0.15625
0 0.46197916666666666 0.6942708333333333 0.11770833333333333 0.128125
0 0.36614583333333334 0.796875 0.08229166666666667 0.1625
0 0.2875 0.6020833333333333 0.14583333333333334 0.07083333333333333
0 0.6223958333333334 0.5390625 0.09270833333333334 0.12395833333333334
0 0.425 0.42343749999999997 0.11875 0.10520833333333333
0 0.3125 0.340625 0.075 0.15416666666666667
0 0.5635416666666666 0.3411458333333333 0.075 0.15104166666666666
0 0.5411458333333333 0.19635416666666666 0.14895833333333333 0.07395833333333333
0 0.365625 0.1359375 0.14375 0.11145833333333333
