1 0.3104166666666667 0.2661458333333333 0.07083333333333333 0.103125
1 0.884375 0.3494791666666667 0.08333333333333333 0.09270833333333334
1 0.4739583333333333 0.6578125 0.06875 0.06979166666666667
1 0.3828125 0.7609375 0.071875 0.08854166666666667
0 0.7614583333333333 0.8083333333333333 0.07708333333333334 0.14375
0 0.2817708333333333 0.6036458333333333 0.11562499999999999 0.096875
0 0.25677083333333334 0.43124999999999997 0.10520833333333333 0.125
0 0.40520833333333334 0.41770833333333335 0.14166666666666666 0.09583333333333333
0 0.6145833333333334 0.584375 0.07291666666666667 0.1625
0 0.6453125 0.7760416666666666 0.128125 0.10833333333333334
0 0.8927083333333333 0.6630208333333333 0.07083333333333333 0.153125
0 0.7536458333333333 0.4458333333333333 0.11354166666666667 0.13958333333333334
0 0.6364583333333333 0.34010416666666665 0.11041666666666666 0.13020833333333334
0 0.5869791666666666 0.20989583333333334 0.153125 0.06979166666666667
