1 0.21770833333333334 0.20572916666666666 0.075 0.06770833333333333
1 0.7171875 0.32135416666666666 0.08645833333333333 0.08854166666666667
1 0.75 0.8036458333333333 0.05625 0.06770833333333333
1 0.47552083333333334 0.6744791666666666 0.07395833333333333 0.06979166666666667
0 0.5223958333333333 0.21145833333333333 0.14270833333333333 0.07708333333333334
0 0.7166666666666667 0.20520833333333333 0.1625 0.09166666666666666
0 0.8838541666666666 0.5109375 0.14270833333333333 0.11145833333333333
0 0.8932291666666666 0.6817708333333333 0.11770833333333333 0.14270833333333333
0 0.6520833333333333 0.659375 0.08958333333333333 0.13958333333333334
0 0.6578125 0.5171875 0.146875 0.08020833333333333
0 0.53125 0.3484375 0.14583333333333334 0.078125
0 0.2916666666666667 0.3984375 0.0875 0.13854166666666667
0 0.4739583333333333 0.5239583333333333 0.13958333333333334 0.075
0 0.28854166666666664 0.6567708333333333 0.15625 0.11145833333333333
0 0.28489583333333335 0.8552083333333333 0.08229166666666667 0.1625
