0 0.3765625 0.1640625 0.07604166666666666 0.16770833333333332
0 0.7151041666666667 0.17395833333333333 0.13229166666666667 0.10625
0 0.6442708333333333 0.528125 0.128125 0.11458333333333333
0 0.8380208333333333 0.65 0.11979166666666667 0.13333333333333333
0 0.6427083333333333 0.8468749999999999 0.15208333333333332 0.07916666666666666
0 0.6296875 0.66875 0.140625 0.08958333333333333
1 0.8213541666666666 0.36302083333333335 0.09479166666666666 0.11562499999999999
1 0.784375 0.540625 0.075 0.07708333333333334
1 0.60625 0.34479166666666666 0.10625 0.06458333333333333
1 0.4322916666666667 0.3541666666666667 0.06875 0.0875
1 0.3833333333333333 0.8479166666666667 0.07291666666666667 0.08333333333333333
0 0.42552083333333335 0.6302083333333334 0.08645833333333333 0.13958333333333334
0 0.5088541666666666 0.4734375 0.13854166666666667 0.08229166666666667
0 0.24791666666666667 0.44166666666666665 0.10833333333333334 0.14166666666666666
0 0.28541666666666665 0.6359375 0.08125 0.165625
