1 0.43124999999999997 0.3338541666666667 0.05625 0.08645833333333333
0 0.7671875 0.23020833333333332 0.14270833333333333 0.0875
0 0.9171874999999999 0.5276041666666667 0.11562499999999999 0.13645833333333332
0 0.5770833333333333 0.8380208333333333 0.07708333333333334 0.13229166666666667
0 0.8390624999999999 0.6765625 0.178125 0.07604166666666666
0 0.7541666666666667 0.8140625 0.10625 0.140625
0 0.5151041666666667 0.6484375 0.103125 0.128125
0 0.3651041666666667 0.7875 0.121875 0.12291666666666666
0 0.2661458333333333 0.6453125 0.13229166666666667 0.13229166666666667
0 0.20885416666666667 0.4984375 0.128125 0.12395833333333334
0 0.43906249999999997 0.5083333333333333 0.07395833333333333 0.13958333333333334
0 0.5645833333333333 0.4640625 0.11875 0.109375
0 0.7505208333333333 0.3671875 0.07604166666666666 0.153125
0 0.7338541666666667 0.5473958333333333 0.14479166666666665 0.084375
0 0.5161458333333333 0.23489583333333333 0.10520833333333333 0.140625
0 0.2421875 0.22239583333333332 0.14479166666666665 0.11354166666666667
