1 0.296875 0.121875 0.05625 0.08125
1 0.5723958333333333 0.28854166666666664 0.071875 0.07083333333333333
1 0.4640625 0.6703125 0.084375 0.071875
0 0.39739583333333334 0.18697916666666667 0.121875 0.10104166666666667
0 0.6369791666666667 0.13541666666666666 0.134375 0.08958333333333333
0 0.7947916666666667 0.25416666666666665 0.125 0.10833333333333334
0 0.8052083333333333 0.4953125 0.12291666666666666 0.109375
0 0.8937499999999999 0.628125 0.11666666666666667 0.09791666666666667
0 0.7666666666666666 0.80625 0.1375 0.10416666666666667
0 0.6901041666666666 0.5932291666666667 0.071875 0.140625
0 0.4947916666666667 0.5364583333333334 0.14583333333333334 0.08541666666666667
0 0.49583333333333335 0.875 0.11041666666666666 0.11041666666666666
0 0.33541666666666664 0.7515625 0.13541666666666666 0.084375
0 0.14114583333333333 0.7567708333333333 0.14479166666666665 0.10104166666666667
0 0.16822916666666665 0.5692708333333333 0.13854166666666667 0.071875
0 0.16302083333333334 0.35885416666666664 0.07395833333333333 0.14270833333333333
0 0.3302083333333333 0.31979166666666664 0.12708333333333333 0.07291666666666667
