0 0.39947916666666666 0.15625 0.08229166666666667 0.19375
0 0.6401041666666667 0.32708333333333334 0.19479166666666667 0.1125
0 0.8223958333333333 0.41041666666666665 0.11145833333333333 0.15
0 0.7848958333333333 0.7854166666666667 0.13229166666666667 0.14791666666666667
0 0.5494791666666666 0.8151041666666666 0.165625 0.09479166666666666
0 0.49895833333333334 0.6552083333333333 0.13333333333333333 0.15833333333333333
0 0.5052083333333334 0.4614583333333333 0.16875 0.1
0 0.3 0.6484375 0.10625 0.17604166666666665
0 0.1796875 0.4119791666666667 0.09479166666666666 0.178125
1 0.2140625 0.74375 0.12604166666666666 0.13333333333333333
0 0.2583333333333333 0.20208333333333334 0.10625 0.16875
1 0.6729166666666666 0.17291666666666666 0.09583333333333333 0.08541666666666667
1 0.759375 0.6119791666666666 0.08125 0.06770833333333333
1 0.3489583333333333 0.4479166666666667 0.1 0.06666666666666667
