0 0.4 0.44166666666666665 0.09791666666666667 0.18125
0 0.5859375 0.615625 0.15520833333333334 0.1375
0 0.8416666666666667 0.6963541666666666 0.1125 0.17395833333333333
0 0.9109375 0.4510416666666667 0.11354166666666667 0.175
0 0.7265625 0.8375 0.13020833333333334 0.15833333333333333
0 0.5796875 0.8473958333333333 0.140625 0.128125
0 0.5963541666666666 0.44166666666666665 0.10104166666666667 0.16875
0 0.575 0.16666666666666666 0.08125 0.175
0 0.3572916666666667 0.22760416666666666 0.14375 0.14479166666666665
0 0.1484375 0.2109375 0.18020833333333333 0.10520833333333333
0 0.16458333333333333 0.4786458333333333 0.09791666666666667 0.18020833333333333
1 0.159375 0.6828125 0.11875 0.07604166666666666
1 0.36614583333333334 0.725 0.08020833333333333 0.11458333333333333
1 0.7348958333333333 0.43645833333333334 0.078125 0.11875
1 0.796875 0.2661458333333333 0.08958333333333333 0.109375
