0 0.796875 0.37083333333333335 0.075 0.125
0 0.6354166666666666 0.5447916666666667 0.12916666666666665 0.075
0 0.7020833333333333 0.3328125 0.06666666666666667 0.159375
0 0.31875 0.3171875 0.06458333333333333 0.14270833333333333
0 0.3296875 0.4786458333333333 0.13645833333333332 0.071875
0 0.26927083333333335 0.5979166666666667 0.13020833333333334 0.08125
0 0.4796875 0.6302083333333334 0.140625 0.06875
0 0.596875 0.7885416666666667 0.15 0.08333333333333333
1 0.7484375 0.6291666666666667 0.09270833333333334 0.06875
1 0.5348958333333333 0.39479166666666665 0.06145833333333333 0.08333333333333333
1 0.490625 0.23385416666666667 0.07708333333333334 0.065625
1 0.6505208333333333 0.24322916666666666 0.071875 0.065625
