0 0.21875 0.4088541666666667 0.12708333333333333 0.13020833333333334
0 0.37604166666666666 0.24010416666666667 0.08541666666666667 0.165625
0 0.5171875 0.14583333333333334 0.07604166666666666 0.1875
0 0.7390625 0.1484375 0.15104166666666666 0.146875
0 0.85625 0.4302083333333333 0.09583333333333333 0.17291666666666666
0 0.6744791666666666 0.3416666666666667 0.09270833333333334 0.17291666666666666
0 0.6927083333333334 0.7848958333333333 0.16666666666666666 0.084375
0 0.5125 0.61875 0.125 0.1625
0 0.34791666666666665 0.6317708333333333 0.09375 0.17604166666666665
0 0.20052083333333334 0.8145833333333333 0.14895833333333333 0.13541666666666666
1 0.4046875 0.8885416666666667 0.10520833333333333 0.09583333333333333
1 0.8854166666666666 0.7083333333333334 0.10833333333333334 0.07291666666666667
1 0.46197916666666666 0.47552083333333334 0.071875 0.06145833333333333
1 0.7416666666666667 0.5125 0.10208333333333333 0.10833333333333334
