0 0.7911458333333333 0.296875 0.153125 0.09583333333333333
0 0.8864583333333333 0.4583333333333333 0.13125 0.11458333333333333
0 0.6776041666666667 0.6822916666666666 0.07604166666666666 0.15416666666666667
0 0.6515625 0.8526041666666666 0.16145833333333334 0.08229166666666667
0 0.5682291666666667 0.5578125 0.08020833333333333 0.146875
0 0.6536458333333334 0.19947916666666665 0.08645833333333333 0.14479166666666665
0 0.4786458333333333 0.18697916666666667 0.13645833333333332 0.11979166666666667
0 0.25364583333333335 0.165625 0.14479166666666665 0.10416666666666667
0 0.3026041666666667 0.34322916666666664 0.09270833333333334 0.16145833333333334
0 0.4640625 0.4 0.15104166666666666 0.08958333333333333
0 0.38385416666666666 0.8661458333333333 0.15520833333333334 0.10729166666666666
0 0.20260416666666667 0.5817708333333333 0.13229166666666667 0.07604166666666666
1 0.396875 0.6244791666666667 0.07083333333333333 0.09270833333333334
1 0.6588541666666666 0.396875 0.078125 0.075
