1 0.7515625 0.34739583333333335 0.08020833333333333 0.09895833333333333
1 0.7276041666666666 0.7473958333333334 0.09895833333333333 0.08854166666666667
1 0.640625 0.5036458333333333 0.07291666666666667 0.078125
1 0.421875 0.8421875 0.12083333333333333 0.11145833333333333
0 0.6083333333333333 0.23020833333333332 0.14583333333333334 0.12708333333333333
0 0.8989583333333333 0.19322916666666667 0.09791666666666667 0.16145833333333334
0 0.8520833333333333 0.5880208333333333 0.09583333333333333 0.165625
0 0.6166666666666667 0.6640625 0.09791666666666667 0.159375
0 0.6270833333333333 0.8473958333333333 0.14375 0.13645833333333332
0 0.3052083333333333 0.7005208333333334 0.17708333333333334 0.103125
0 0.40729166666666666 0.6005208333333333 0.13125 0.14479166666666665
0 0.4979166666666667 0.5026041666666666 0.10208333333333333 0.16354166666666667
0 0.4041666666666667 0.32760416666666664 0.15833333333333333 0.11145833333333333
0 0.27760416666666665 0.14427083333333332 0.16979166666666667 0.10104166666666667
0 0.16041666666666665 0.4552083333333333 0.11875 0.1375
0 0.23802083333333332 0.5520833333333334 0.16354166666666667 0.10833333333333334
