1 0.5333333333333333 0.24322916666666666 0.10416666666666667 0.071875
1 0.5473958333333333 0.746875 0.09479166666666666 0.10416666666666667
1 0.915625 0.7302083333333333 0.10208333333333333 0.09375
0 0.5416666666666666 0.5760416666666667 0.11875 0.14791666666666667
0 0.7578125 0.8192708333333333 0.09479166666666666 0.16979166666666667
0 0.7989583333333333 0.6364583333333333 0.18541666666666667 0.07708333333333334
0 0.8234374999999999 0.42083333333333334 0.15520833333333334 0.12291666666666666
0 0.8567708333333334 0.28802083333333334 0.18645833333333334 0.084375
0 0.6729166666666666 0.15885416666666666 0.14583333333333334 0.10104166666666667
0 0.47291666666666665 0.14895833333333333 0.13333333333333333 0.12083333333333333
0 0.2869791666666667 0.18229166666666666 0.171875 0.10416666666666667
0 0.38125 0.33229166666666665 0.14791666666666667 0.0875
0 0.55625 0.39947916666666666 0.12291666666666666 0.13229166666666667
0 0.4109375 0.5463541666666667 0.14479166666666665 0.10520833333333333
0 0.22864583333333333 0.48125 0.10520833333333333 0.17083333333333334
0 0.23072916666666665 0.6442708333333333 0.18229166666666666 0.084375
0 0.1859375 0.7916666666666666 0.11354166666666667 0.18125
0 0.390625 0.796875 0.13541666666666666 0.15208333333333332
