1 0.7838541666666666 0.4744791666666667 0.059375 0.090625
1 0.6135416666666667 0.7338541666666667 0.06041666666666667 0.090625
0 0.8369791666666666 0.6213541666666667 0.11562499999999999 0.09270833333333334
0 0.7723958333333333 0.8307291666666666 0.11979166666666667 0.11979166666666667
0 0.4869791666666667 0.7010416666666667 0.11354166666666667 0.11666666666666667
0 0.609375 0.5697916666666667 0.10833333333333334 0.1125
0 0.6583333333333333 0.34270833333333334 0.12916666666666665 0.09375
0 0.6609375 0.15572916666666667 0.065625 0.140625
0 0.49374999999999997 0.2296875 0.10208333333333333 0.11145833333333333
0 0.4552083333333333 0.38177083333333334 0.12708333333333333 0.109375
0 0.30364583333333334 0.38229166666666664 0.12604166666666666 0.11458333333333333
0 0.4046875 0.55 0.057291666666666664 0.125
0 0.3375 0.7901041666666666 0.14375 0.071875
