1 0.5927083333333333 0.36822916666666666 0.08958333333333333 0.08229166666666667
1 0.884375 0.4557291666666667 0.08333333333333333 0.10729166666666666
1 0.6125 0.4890625 0.08541666666666667 0.06145833333333333
1 0.540625 0.6552083333333333 0.10208333333333333 0.08125
0 0.7989583333333333 0.8109375 0.125 0.16354166666666667
0 0.7994791666666666 0.5958333333333333 0.17395833333333333 0.1125
0 0.5927083333333333 0.7552083333333334 0.1875 0.10208333333333333
0 0.3703125 0.8744791666666667 0.16770833333333332 0.08854166666666667
0 0.1484375 0.778125 0.16979166666666667 0.07916666666666666
0 0.3333333333333333 0.6432291666666666 0.14583333333333334 0.14270833333333333
0 0.2604166666666667 0.5203125 0.14375 0.14270833333333333
0 0.4796875 0.421875 0.10104166666666667 0.16666666666666666
0 0.48541666666666666 0.22395833333333334 0.14166666666666666 0.1375
0 0.7286458333333333 0.22291666666666665 0.140625 0.15
0 0.93125 0.25 0.09375 0.17083333333333334
0 0.3265625 0.17916666666666667 0.08645833333333333 0.1625
0 0.18385416666666665 0.28802083333333334 0.14270833333333333 0.12604166666666666
0 0.121875 0.37447916666666664 0.1625 0.096875
