1 0.4015625 0.5255208333333333 0.090625 0.08020833333333333
1 0.6869791666666667 0.4953125 0.07395833333333333 0.10729166666666666
1 0.9052083333333333 0.4692708333333333 0.11041666666666666 0.109375
1 0.8046875 0.5802083333333333 0.12395833333333334 0.075
0 0.7510416666666666 0.7614583333333333 0.12083333333333333 0.16041666666666665
0 0.5458333333333333 0.7317708333333334 0.08958333333333333 0.19270833333333334
0 0.44375 0.9052083333333333 0.12916666666666665 0.14166666666666666
0 0.23697916666666666 0.7328125 0.08854166666666667 0.15104166666666666
0 0.125 0.5942708333333333 0.15833333333333333 0.09479166666666666
0 0.2640625 0.3411458333333333 0.153125 0.13645833333333332
0 0.4458333333333333 0.2609375 0.15 0.13020833333333334
0 0.5916666666666667 0.36302083333333335 0.16041666666666665 0.11562499999999999
0 0.8130208333333333 0.3421875 0.08854166666666667 0.17395833333333333
0 0.590625 0.15885416666666666 0.15 0.134375
0 0.7619791666666667 0.15 0.16979166666666667 0.09375
