0 0.278125 0.24895833333333334 0.1625 0.13125
0 0.5203125 0.303125 0.13854166666666667 0.13333333333333333
0 0.6697916666666667 0.19270833333333334 0.1375 0.15208333333333332
0 0.8479166666666667 0.3286458333333333 0.11458333333333333 0.13020833333333334
0 0.853125 0.5166666666666666 0.17083333333333334 0.08958333333333333
0 0.6354166666666666 0.5302083333333333 0.14791666666666667 0.12708333333333333
0 0.4348958333333333 0.4875 0.08229166666666667 0.18958333333333333
0 0.5270833333333333 0.7635416666666667 0.09375 0.17291666666666666
0 0.31666666666666665 0.7484375 0.18333333333333332 0.08854166666666667
0 0.19270833333333334 0.4828125 0.14166666666666666 0.10729166666666666
1 0.665625 0.8822916666666667 0.09791666666666667 0.09583333333333333
1 0.7895833333333333 0.7416666666666667 0.1375 0.10416666666666667
