1 0.41822916666666665 0.4557291666666667 0.06979166666666667 0.07395833333333333
1 0.6223958333333334 0.7213541666666666 0.065625 0.08645833333333333
1 0.8036458333333333 0.2604166666666667 0.078125 0.06875
0 0.8375 0.6151041666666667 0.075 0.15520833333333334
0 0.525 0.14479166666666665 0.11875 0.0625
0 0.5109375 0.3234375 0.128125 0.06145833333333333
0 0.3109375 0.2578125 0.13020833333333334 0.06979166666666667
0 0.11979166666666667 0.41510416666666666 0.09166666666666666 0.146875
0 0.24427083333333333 0.590625 0.11770833333333333 0.1
0 0.459375 0.8739583333333333 0.11875 0.12083333333333333
