1 0.6208333333333333 0.3697916666666667 0.07291666666666667 0.08541666666666667
1 0.76875 0.4609375 0.07291666666666667 0.10729166666666666
1 0.35572916666666665 0.5776041666666667 0.09270833333333334 0.09270833333333334
0 0.30104166666666665 0.2265625 0.14166666666666666 0.08229166666666667
0 0.5182291666666666 0.16458333333333333 0.11354166666666667 0.12291666666666666
0 0.7260416666666667 0.22447916666666667 0.1125 0.12604166666666666
0 0.8942708333333333 0.35104166666666664 0.11354166666666667 0.14583333333333334
0 0.8208333333333333 0.7135416666666666 0.1125 0.16041666666666665
0 0.6791666666666667 0.8333333333333334 0.14791666666666667 0.09583333333333333
0 0.47291666666666665 0.8760416666666666 0.15208333333333332 0.10208333333333333
0 0.6364583333333333 0.5317708333333333 0.16458333333333333 0.071875
0 0.46510416666666665 0.453125 0.109375 0.12708333333333333
0 0.1765625 0.5145833333333333 0.08645833333333333 0.1625
0 0.2505208333333333 0.7848958333333333 0.134375 0.11979166666666667
