0 0.459375 0.22916666666666666 0.09375 0.13125
0 0.6161458333333333 0.23802083333333332 0.134375 0.06354166666666666
0 0.8125 0.28854166666666664 0.14166666666666666 0.10208333333333333
0 0.7046875 0.5057291666666667 0.078125 0.15104166666666666
0 0.5385416666666667 0.4432291666666667 0.10416666666666667 0.09479166666666666
0 0.3104166666666667 0.4161458333333333 0.13541666666666666 0.08229166666666667
0 0.14375 0.553125 0.13125 0.08958333333333333
0 0.3 0.6614583333333334 0.10833333333333334 0.12916666666666665
0 0.4666666666666667 0.6979166666666666 0.1 0.13541666666666666
0 0.5515625 0.8984375 0.153125 0.078125
1 0.4786458333333333 0.5380208333333333 0.06354166666666666 0.06354166666666666
1 0.634375 0.6302083333333334 0.05 0.058333333333333334
1 0.7953125 0.6880208333333333 0.08020833333333333 0.09270833333333334
1 0.8 0.48020833333333335 0.07291666666666667 0.05625
