0 0.5645833333333333 0.5088541666666666 0.10833333333333334 0.11354166666666667
0 0.7333333333333333 0.3854166666666667 0.12916666666666665 0.10833333333333334
0 0.8859374999999999 0.45729166666666665 0.078125 0.14583333333333334
0 0.6625 0.6916666666666667 0.12708333333333333 0.07083333333333333
0 0.4401041666666667 0.6265625 0.071875 0.14270833333333333
0 0.24791666666666667 0.665625 0.13541666666666666 0.075
0 0.2578125 0.5359375 0.13854166666666667 0.09270833333333334
0 0.40208333333333335 0.42343749999999997 0.09583333333333333 0.14895833333333333
0 0.5046875 0.3302083333333333 0.12395833333333334 0.10833333333333334
0 0.6984375 0.21145833333333333 0.10104166666666667 0.13333333333333333
0 0.5223958333333333 0.16041666666666665 0.11979166666666667 0.09791666666666667
0 0.3380208333333333 0.22083333333333333 0.15729166666666666 0.06041666666666667
1 0.16041666666666665 0.309375 0.07083333333333333 0.07708333333333334
1 0.6880208333333333 0.8776041666666666 0.084375 0.084375
1 0.8020833333333334 0.7177083333333333 0.08125 0.075
