0 0.5546875 0.61875 0.11770833333333333 0.09375
0 0.8109375 0.528125 0.071875 0.14166666666666666
0 0.8734375 0.3 0.09895833333333333 0.14583333333333334
0 0.6791666666666667 0.46875 0.06666666666666667 0.15208333333333332
0 0.5052083333333334 0.4583333333333333 0.12291666666666666 0.06041666666666667
0 0.6458333333333334 0.34010416666666665 0.12083333333333333 0.096875
0 0.5098958333333333 0.271875 0.15104166666666666 0.07083333333333333
0 0.5380208333333333 0.11875 0.14479166666666665 0.075
0 0.37447916666666664 0.15729166666666666 0.13229166666666667 0.1
0 0.20781249999999998 0.3255208333333333 0.084375 0.15104166666666666
0 0.2578125 0.5333333333333333 0.071875 0.15833333333333333
0 0.4 0.6067708333333334 0.06458333333333333 0.14479166666666665
0 0.43645833333333334 0.7427083333333333 0.1375 0.07083333333333333
0 0.2838541666666667 0.8416666666666667 0.13020833333333334 0.10625
0 0.26666666666666666 0.6911458333333333 0.11041666666666666 0.11354166666666667
1 0.578125 0.771875 0.06875 0.08541666666666667
1 0.7677083333333333 0.6911458333333333 0.09791666666666667 0.07395833333333333
1 0.39427083333333335 0.3390625 0.065625 0.065625
1 0.7291666666666666 0.22447916666666667 0.07083333333333333 0.08645833333333333
