0 0.33229166666666665 0.16770833333333332 0.0875 0.16458333333333333
0 0.5442708333333334 0.22708333333333333 0.171875 0.09375
0 0.8171875 0.271875 0.11145833333333333 0.15833333333333333
0 0.80625 0.48125 0.17083333333333334 0.08541666666666667
0 0.8854166666666666 0.7088541666666667 0.15208333333333332 0.071875
0 0.6786458333333333 0.8755208333333333 0.146875 0.11979166666666667
0 0.6854166666666667 0.671875 0.11041666666666666 0.1625
0 0.4875 0.5890625 0.11875 0.14479166666666665
0 0.5005208333333333 0.4734375 0.16354166666666667 0.09895833333333333
0 0.3723958333333333 0.6947916666666667 0.17604166666666665 0.08541666666666667
0 0.17447916666666666 0.7375 0.11145833333333333 0.16875
0 0.23854166666666665 0.5322916666666666 0.15208333333333332 0.11041666666666666
0 0.24375 0.3609375 0.11875 0.153125
0 0.4864583333333333 0.3625 0.18541666666666667 0.07708333333333334
1 0.6671875 0.4161458333333333 0.07395833333333333 0.065625
1 0.49583333333333335 0.07083333333333333 0.075 0.09166666666666666
1 0.7192708333333333 0.16510416666666666 0.10104166666666667 0.09270833333333334
1 0.43906249999999997 0.8338541666666667 0.071875 0.090625
