0 0.2786458333333333 0.19375 0.146875 0.15416666666666667
1 0.4927083333333333 0.16875 0.09583333333333333 0.12291666666666666
0 0.4708333333333333 0.4223958333333333 0.16666666666666666 0.12395833333333334
0 0.7734375 0.2760416666666667 0.090625 0.17708333333333334
0 0.8859374999999999 0.5401041666666666 0.16770833333333332 0.090625
0 0.6671875 0.4947916666666667 0.16145833333333334 0.1
0 0.8177083333333334 0.803125 0.12291666666666666 0.17708333333333334
0 0.5770833333333333 0.6890625 0.17291666666666666 0.090625
0 0.5515625 0.8640625 0.134375 0.14895833333333333
0 0.2984375 0.8208333333333333 0.11562499999999999 0.18958333333333333
0 0.13802083333333334 0.6104166666666666 0.103125 0.175
0 0.28020833333333334 0.5036458333333333 0.10208333333333333 0.15520833333333334
