1 0.265625 0.16979166666666667 0.07083333333333333 0.06458333333333333
1 0.653125 0.10520833333333333 0.06666666666666667 0.07916666666666666
1 0.93125 0.4328125 0.0875 0.078125
0 0.93125 0.7411458333333333 0.09166666666666666 0.15520833333333334
0 0.9119791666666667 0.18229166666666666 0.109375 0.12083333333333333
0 0.8156249999999999 0.3338541666666667 0.16041666666666665 0.078125
0 0.6526041666666667 0.24947916666666667 0.11354166666666667 0.109375
0 0.4088541666666667 0.19322916666666667 0.15104166666666666 0.10104166666666667
0 0.4203125 0.3333333333333333 0.15729166666666666 0.07708333333333334
0 0.42864583333333334 0.45260416666666664 0.07395833333333333 0.15520833333333334
0 0.6078125 0.44114583333333335 0.109375 0.11770833333333333
0 0.7130208333333333 0.5364583333333334 0.15729166666666666 0.06458333333333333
0 0.6973958333333333 0.6276041666666666 0.16979166666666667 0.07395833333333333
0 0.725 0.7848958333333333 0.08125 0.13020833333333334
0 0.5598958333333334 0.71875 0.08854166666666667 0.125
0 0.1828125 0.5713541666666666 0.11562499999999999 0.11979166666666667
0 0.4161458333333333 0.8817708333333333 0.11354166666666667 0.15104166666666666
