0 0.8046875 0.38177083333333334 0.09479166666666666 0.16354166666666667
0 0.8312499999999999 0.5645833333333333 0.15833333333333333 0.10833333333333334
0 0.8098958333333334 0.6713541666666667 0.18020833333333333 0.11354166666666667
0 0.7359375 0.8651041666666667 0.178125 0.090625
0 0.6432291666666666 0.6473958333333333 0.11145833333333333 0.15729166666666666
0 0.4713541666666667 0.8390624999999999 0.146875 0.140625
0 0.46197916666666666 0.640625 0.15729166666666666 0.11666666666666667
0 0.20885416666666667 0.7526041666666666 0.14895833333333333 0.11770833333333333
0 0.2791666666666667 0.5291666666666667 0.16458333333333333 0.12916666666666665
0 0.10677083333333333 0.4921875 0.14895833333333333 0.11770833333333333
0 0.5421875 0.27447916666666666 0.159375 0.08854166666666667
0 0.7619791666666667 0.18229166666666666 0.165625 0.10416666666666667
0 0.5338541666666666 0.09895833333333333 0.16770833333333332 0.0875
0 0.18854166666666666 0.26927083333333335 0.09791666666666667 0.17395833333333333
1 0.3536458333333333 0.19322916666666667 0.078125 0.08020833333333333
1 0.48385416666666664 0.45416666666666666 0.07604166666666666 0.0875
