0 0.30833333333333335 0.1453125 0.07708333333333334 0.14270833333333333
0 0.4401041666666667 0.22916666666666666 0.09270833333333334 0.13125
0 0.5942708333333333 0.18020833333333333 0.109375 0.14583333333333334
0 0.7463541666666667 0.26458333333333334 0.128125 0.11666666666666667
0 0.6026041666666666 0.5208333333333334 0.13229166666666667 0.11666666666666667
0 0.5864583333333333 0.8984375 0.125 0.11770833333333333
0 0.26875 0.8088541666666667 0.07708333333333334 0.153125
0 0.4640625 0.7494791666666667 0.12395833333333334 0.09895833333333333
0 0.3453125 0.5828125 0.12604166666666666 0.11770833333333333
0 0.13020833333333334 0.5765625 0.12083333333333333 0.13229166666666667
0 0.8692708333333333 0.4348958333333333 0.13020833333333334 0.08020833333333333
0 0.2833333333333333 0.33177083333333335 0.13958333333333334 0.13229166666666667
1 0.453125 0.4661458333333333 0.08541666666666667 0.06979166666666667
1 0.8010416666666667 0.5567708333333333 0.07916666666666666 0.06145833333333333
1 0.7432291666666666 0.7458333333333333 0.07604166666666666 0.08541666666666667
