0 0.609375 0.26875 0.10208333333333333 0.12291666666666666
0 0.753125 0.3802083333333333 0.16041666666666665 0.06875
0 0.8067708333333333 0.6364583333333333 0.15520833333333334 0.10625
0 0.8197916666666667 0.7713541666666667 0.11666666666666667 0.12604166666666666
0 0.6776041666666667 0.6614583333333334 0.121875 0.13541666666666666
0 0.5411458333333333 0.5489583333333333 0.09895833333333333 0.14791666666666667
0 0.35625 0.5947916666666666 0.08541666666666667 0.17291666666666666
0 0.4239583333333333 0.4041666666666667 0.1625 0.08541666666666667
0 0.2203125 0.3338541666666667 0.07604166666666666 0.16979166666666667
0 0.4427083333333333 0.19479166666666667 0.08541666666666667 0.16458333333333333
1 0.7703125 0.17864583333333334 0.09895833333333333 0.08020833333333333
1 0.7817708333333333 0.4864583333333333 0.09895833333333333 0.07083333333333333
1 0.50625 0.7520833333333333 0.08333333333333333 0.07291666666666667
1 0.5536458333333333 0.8947916666666667 0.08020833333333333 0.09166666666666666
