1 0.7307291666666667 0.3489583333333333 0.06979166666666667 0.07083333333333333
1 0.596875 0.42604166666666665 0.058333333333333334 0.075
1 0.6739583333333333 0.8666666666666667 0.08541666666666667 0.1
1 0.3515625 0.7270833333333333 0.06770833333333333 0.08541666666666667
0 0.6151041666666667 0.15729166666666666 0.11562499999999999 0.15
0 0.9171874999999999 0.30364583333333334 0.121875 0.11979166666666667
0 0.8260416666666667 0.5692708333333333 0.16875 0.109375
0 0.721875 0.7057291666666666 0.16666666666666666 0.08229166666666667
0 0.5807291666666666 0.5796875 0.12395833333333334 0.15520833333333334
0 0.4744791666666667 0.8723958333333334 0.11770833333333333 0.128125
0 0.20364583333333333 0.7895833333333333 0.184375 0.08541666666666667
0 0.23229166666666667 0.5739583333333333 0.15 0.1125
0 0.509375 0.3598958333333333 0.09583333333333333 0.159375
0 0.284375 0.3598958333333333 0.16666666666666666 0.11770833333333333
0 0.21041666666666667 0.23229166666666667 0.17708333333333334 0.09375
