0 0.5682291666666667 0.171875 0.14270833333333333 0.10625
0 0.6765625 0.3421875 0.08645833333333333 0.14479166666666665
0 0.6395833333333333 0.4947916666666667 0.16458333333333333 0.10833333333333334
0 0.6645833333333333 0.6109375 0.16875 0.121875
0 0.7895833333333333 0.7619791666666667 0.1375 0.13229166666666667
0 0.36666666666666664 0.7479166666666667 0.175 0.08333333333333333
0 0.2578125 0.5953125 0.11562499999999999 0.14270833333333333
0 0.3609375 0.8807291666666667 0.171875 0.08020833333333333
0 0.34739583333333335 0.390625 0.10104166666666667 0.13333333333333333
0 0.45416666666666666 0.29375 0.15208333333333332 0.09791666666666667
0 0.3536458333333333 0.09895833333333333 0.13645833333333332 0.1
0 0.203125 0.3364583333333333 0.1375 0.13541666666666666
1 0.14270833333333333 0.7213541666666666 0.09791666666666667 0.06770833333333333
1 0.7401041666666667 0.18333333333333332 0.08854166666666667 0.11041666666666666
1 0.8536458333333333 0.3848958333333333 0.08229166666666667 0.09895833333333333
