0 0.346875 0.18229166666666666 0.07708333333333334 0.13958333333333334
0 0.42916666666666664 0.3098958333333333 0.13541666666666666 0.09479166666666666
0 0.6354166666666666 0.23906249999999998 0.10208333333333333 0.11562499999999999
0 0.7895833333333333 0.5005208333333333 0.07291666666666667 0.11562499999999999
0 0.6255208333333333 0.4770833333333333 0.13020833333333334 0.10833333333333334
0 0.5947916666666666 0.7572916666666667 0.07916666666666666 0.14791666666666667
0 0.54375 0.603125 0.15208333333333332 0.06875
0 0.4395833333333333 0.45989583333333334 0.10625 0.12604166666666666
0 0.21822916666666667 0.5078125 0.09479166666666666 0.121875
0 0.2942708333333333 0.74375 0.11145833333333333 0.09166666666666666
1 0.31927083333333334 0.54375 0.103125 0.07708333333333334
1 0.6270833333333333 0.3572916666666667 0.075 0.07708333333333334
1 0.7416666666666667 0.3546875 0.08958333333333333 0.08020833333333333
