1 0.46510416666666665 0.23124999999999998 0.08020833333333333 0.09375
1 0.7260416666666667 0.6536458333333334 0.09583333333333333 0.08645833333333333
0 0.68125 0.17552083333333332 0.15625 0.146875
0 0.8473958333333333 0.3416666666666667 0.18020833333333333 0.11666666666666667
0 0.32395833333333335 0.3442708333333333 0.14166666666666666 0.171875
0 0.21875 0.5578125 0.16875 0.10729166666666666
0 0.47552083333333334 0.6401041666666667 0.153125 0.140625
0 0.5244791666666666 0.42864583333333334 0.11979166666666667 0.184375
0 0.7390625 0.49114583333333334 0.171875 0.08645833333333333
0 0.7791666666666667 0.7921875 0.17291666666666666 0.11145833333333333
0 0.5526041666666667 0.8505208333333333 0.09270833333333334 0.184375
0 0.303125 0.8671875 0.14583333333333334 0.103125
