1 0.4359375 0.5927083333333333 0.065625 0.07708333333333334
1 0.8713541666666667 0.5817708333333333 0.10104166666666667 0.065625
0 0.6536458333333334 0.8375 0.15520833333333334 0.08333333333333333
0 0.5104166666666666 0.8765625 0.0875 0.13020833333333334
0 0.5348958333333333 0.6880208333333333 0.14895833333333333 0.10104166666666667
0 0.6479166666666667 0.5869791666666666 0.13333333333333333 0.10520833333333333
0 0.7244791666666667 0.4708333333333333 0.10520833333333333 0.1125
0 0.871875 0.3619791666666667 0.10416666666666667 0.14895833333333333
0 0.7619791666666667 0.21666666666666667 0.08229166666666667 0.13958333333333334
0 0.6317708333333333 0.265625 0.13020833333333334 0.1125
1 0.5885416666666666 0.1046875 0.07708333333333334 0.10520833333333333
0 0.40260416666666665 0.3072916666666667 0.13645833333333332 0.10625
0 0.5572916666666666 0.3890625 0.07083333333333333 0.14479166666666665
0 0.3380208333333333 0.44687499999999997 0.08229166666666667 0.13541666666666666
0 0.2916666666666667 0.7161458333333334 0.14375 0.09895833333333333
0 0.15572916666666667 0.4583333333333333 0.090625 0.13125
0 0.26875 0.13854166666666667 0.07708333333333334 0.15
