1 0.21302083333333333 0.3848958333333333 0.08854166666666667 0.06770833333333333
1 0.6328125 0.44687499999999997 0.071875 0.07708333333333334
1 0.73125 0.56875 0.07083333333333333 0.058333333333333334
1 0.7619791666666667 0.6947916666666667 0.059375 0.07708333333333334
1 0.32135416666666666 0.828125 0.065625 0.0875
0 0.36614583333333334 0.20208333333333334 0.09895833333333333 0.14166666666666666
0 0.5822916666666667 0.225 0.13958333333333334 0.07291666666666667
0 0.7682291666666666 0.33541666666666664 0.128125 0.0875
0 0.4270833333333333 0.35833333333333334 0.12083333333333333 0.07083333333333333
0 0.35052083333333334 0.459375 0.11354166666666667 0.09583333333333333
0 0.1828125 0.6765625 0.11354166666666667 0.128125
0 0.5020833333333333 0.684375 0.16666666666666666 0.06458333333333333
0 0.6046875 0.8468749999999999 0.165625 0.07708333333333334
