0 0.47812499999999997 0.19739583333333333 0.14583333333333334 0.065625
0 0.46875 0.33229166666666665 0.125 0.09791666666666667
0 0.2973958333333333 0.33697916666666666 0.08645833333333333 0.153125
0 0.3020833333333333 0.5463541666666667 0.15 0.09270833333333334
0 0.5072916666666667 0.5296875 0.08333333333333333 0.134375
0 0.6901041666666666 0.4484375 0.07604166666666666 0.13020833333333334
0 0.6708333333333333 0.7104166666666667 0.1 0.13958333333333334
0 0.8083333333333333 0.7 0.09583333333333333 0.15625
0 0.5380208333333333 0.8489583333333334 0.15104166666666666 0.08958333333333333
1 0.7541666666666667 0.23958333333333334 0.08958333333333333 0.06875
1 0.784375 0.4822916666666667 0.07708333333333334 0.0625
1 0.2625 0.753125 0.06458333333333333 0.07083333333333333
1 0.2875 0.20572916666666666 0.07916666666666666 0.06979166666666667
