1 0.7177083333333333 0.3890625 0.075 0.06770833333333333
1 0.7104166666666667 0.55 0.08333333333333333 0.10625
1 0.6630208333333333 0.8442708333333333 0.09895833333333333 0.12604166666666666
1 0.3359375 0.14479166666666665 0.11354166666666667 0.08958333333333333
0 0.5770833333333333 0.240625 0.09166666666666666 0.18333333333333332
0 0.8942708333333333 0.5505208333333333 0.134375 0.153125
0 0.5083333333333333 0.7151041666666667 0.10833333333333334 0.184375
0 0.4713541666666667 0.3958333333333333 0.09270833333333334 0.175
0 0.1359375 0.42291666666666666 0.196875 0.11041666666666666
0 0.21614583333333334 0.6729166666666666 0.18229166666666666 0.10416666666666667
0 0.33177083333333335 0.85 0.16145833333333334 0.12916666666666665
