1 0.23645833333333333 0.42916666666666664 0.08958333333333333 0.07708333333333334
1 0.8864583333333333 0.4536458333333333 0.10833333333333334 0.065625
1 0.7239583333333334 0.13385416666666666 0.11458333333333333 0.09479166666666666
0 0.775 0.33177083333333335 0.13125 0.13020833333333334
0 0.5651041666666666 0.18697916666666667 0.10104166666666667 0.146875
0 0.428125 0.14791666666666667 0.09583333333333333 0.13125
0 0.309375 0.30833333333333335 0.17708333333333334 0.12291666666666666
0 0.5114583333333333 0.3755208333333333 0.10416666666666667 0.16770833333333332
0 0.3 0.5770833333333333 0.12916666666666665 0.1625
0 0.4869791666666667 0.6380208333333334 0.165625 0.11145833333333333
0 0.63125 0.5796875 0.10625 0.14479166666666665
0 0.8723958333333334 0.5947916666666666 0.08645833333333333 0.16458333333333333
0 0.7625 0.8645833333333334 0.11875 0.12916666666666665
0 0.6958333333333333 0.7526041666666666 0.15208333333333332 0.11770833333333333
0 0.5375 0.7791666666666667 0.125 0.11666666666666667
0 0.3729166666666667 0.8958333333333334 0.15625 0.14375
0 0.20781249999999998 0.7223958333333333 0.12604166666666666 0.16979166666666667
