1 0.44635416666666666 0.24687499999999998 0.12395833333333334 0.10208333333333333
1 0.7151041666666667 0.47812499999999997 0.08020833333333333 0.075
1 0.8505208333333333 0.6083333333333333 0.078125 0.11666666666666667
1 0.6291666666666667 0.6203125 0.10833333333333334 0.09895833333333333
1 0.6953125 0.8255208333333334 0.103125 0.11145833333333333
1 0.5864583333333333 0.8947916666666667 0.10625 0.0875
0 0.7036458333333333 0.190625 0.08229166666666667 0.17291666666666666
0 0.49635416666666665 0.39166666666666666 0.18020833333333333 0.09166666666666666
0 0.24687499999999998 0.325 0.17083333333333334 0.13333333333333333
0 0.4380208333333333 0.5703125 0.165625 0.10520833333333333
0 0.28854166666666664 0.8125 0.13541666666666666 0.14583333333333334
0 0.18697916666666667 0.5786458333333333 0.121875 0.16770833333333332
