0 0.3072916666666667 0.2609375 0.19375 0.11562499999999999
0 0.1640625 0.4427083333333333 0.121875 0.16875
0 0.5026041666666666 0.13854166666666667 0.14479166666666665 0.14375
0 0.7270833333333333 0.18385416666666665 0.11041666666666666 0.19479166666666667
0 0.8828125 0.33489583333333334 0.11770833333333333 0.17395833333333333
0 0.8083333333333333 0.6901041666666666 0.15833333333333333 0.14479166666666665
0 0.6625 0.47760416666666666 0.11041666666666666 0.196875
0 0.5291666666666667 0.3828125 0.15 0.15104166666666666
0 0.4114583333333333 0.609375 0.175 0.13958333333333334
0 0.5484375 0.7010416666666667 0.153125 0.13125
0 0.37916666666666665 0.8588541666666667 0.13541666666666666 0.146875
0 0.20781249999999998 0.6729166666666666 0.14270833333333333 0.13958333333333334
1 0.3229166666666667 0.1125 0.08541666666666667 0.1125
1 0.7270833333333333 0.859375 0.08125 0.08541666666666667
