1 0.23906249999999998 0.23489583333333333 0.08229166666666667 0.109375
1 0.5395833333333333 0.4640625 0.09583333333333333 0.07395833333333333
1 0.7432291666666666 0.56875 0.109375 0.07083333333333333
1 0.8177083333333334 0.6984375 0.09583333333333333 0.08645833333333333
1 0.44427083333333334 0.8963541666666667 0.11354166666666667 0.07604166666666666
0 0.5104166666666666 0.22239583333333332 0.17291666666666666 0.09270833333333334
0 0.6776041666666667 0.3208333333333333 0.11145833333333333 0.15833333333333333
0 0.8052083333333333 0.42083333333333334 0.08333333333333333 0.17916666666666667
0 0.6375 0.7619791666666667 0.08958333333333333 0.184375
0 0.7 0.9057291666666667 0.1625 0.09479166666666666
0 0.40572916666666664 0.6505208333333333 0.153125 0.15520833333333334
0 0.3651041666666667 0.40208333333333335 0.184375 0.09791666666666667
0 0.2296875 0.55 0.12604166666666666 0.14375
