0 0.3020833333333333 0.24635416666666665 0.15 0.134375
0 0.38125 0.40260416666666665 0.12291666666666666 0.09270833333333334
0 0.69375 0.6223958333333334 0.07708333333333334 0.14479166666666665
0 0.2994791666666667 0.5385416666666667 0.134375 0.09583333333333333
0 0.41510416666666666 0.6927083333333334 0.07395833333333333 0.14791666666666667
0 0.5369791666666667 0.7442708333333333 0.08229166666666667 0.153125
0 0.22708333333333333 0.7885416666666667 0.15208333333333332 0.08541666666666667
1 0.5901041666666667 0.2578125 0.07604166666666666 0.09270833333333334
1 0.6526041666666667 0.35572916666666665 0.07604166666666666 0.07604166666666666
1 0.840625 0.428125 0.06666666666666667 0.052083333333333336
1 0.7458333333333333 0.8125 0.07708333333333334 0.06666666666666667
