0 0.41510416666666666 0.309375 0.153125 0.1375
0 0.6067708333333334 0.22708333333333333 0.10520833333333333 0.15416666666666667
0 0.8671875 0.33541666666666664 0.09270833333333334 0.16666666666666666
0 0.7791666666666667 0.5020833333333333 0.11458333333333333 0.18541666666666667
0 0.6171875 0.5072916666666667 0.14895833333333333 0.12708333333333333
0 0.25729166666666664 0.5447916666666667 0.11875 0.16875
0 0.4161458333333333 0.7036458333333333 0.178125 0.10729166666666666
0 0.4557291666666667 0.8421875 0.17395833333333333 0.11354166666666667
1 0.6411458333333333 0.6760416666666667 0.096875 0.0875
2 0.6984375 0.5979166666666667 0.06979166666666667 0.04375
