0 0.2739583333333333 0.125 0.09166666666666666 0.1875
0 0.5484375 0.13802083333333334 0.159375 0.13854166666666667
0 0.7588541666666666 0.28020833333333334 0.09895833333333333 0.18333333333333332
0 0.8848958333333333 0.4588541666666667 0.08854166666666667 0.184375
0 0.8541666666666666 0.7463541666666667 0.125 0.153125
0 0.7052083333333333 0.6755208333333333 0.1375 0.16770833333333332
0 0.5390625 0.5630208333333333 0.171875 0.10104166666666667
0 0.5645833333333333 0.7703125 0.15416666666666667 0.11770833333333333
0 0.2875 0.8161458333333333 0.15 0.16770833333333332
0 0.14166666666666666 0.4864583333333333 0.12916666666666665 0.15833333333333333
0 0.3380208333333333 0.42083333333333334 0.16770833333333332 0.13125
1 0.3104166666666667 0.6052083333333333 0.1 0.0875
1 0.5822916666666667 0.3697916666666667 0.12291666666666666 0.09583333333333333
1 0.7182291666666667 0.47291666666666665 0.084375 0.10625
