0 0.32760416666666664 0.17604166666666665 0.13229166666666667 0.15625
0 0.7369791666666666 0.18645833333333334 0.159375 0.1625
0 0.6328125 0.3546875 0.10729166666666666 0.17604166666666665
0 0.8859374999999999 0.49114583333333334 0.19270833333333334 0.08854166666666667
0 0.7552083333333334 0.7744791666666666 0.16041666666666665 0.11354166666666667
0 0.48072916666666665 0.7947916666666667 0.171875 0.08333333333333333
0 0.2265625 0.7453125 0.128125 0.18229166666666666
0 0.090625 0.6453125 0.1 0.18645833333333334
0 0.375 0.4666666666666667 0.14166666666666666 0.12916666666666665
0 0.225 0.37395833333333334 0.18958333333333333 0.08958333333333333
1 0.5322916666666666 0.084375 0.09583333333333333 0.09166666666666666
1 0.5286458333333334 0.5973958333333333 0.07395833333333333 0.084375
1 0.8005208333333333 0.6026041666666666 0.08229166666666667 0.090625
