0 0.278125 0.12395833333333334 0.18125 0.1125
0 0.46979166666666666 0.20052083333333334 0.08958333333333333 0.15520833333333334
0 0.6390625 0.1671875 0.10729166666666666 0.171875
0 0.8458333333333333 0.23854166666666665 0.13958333333333334 0.14166666666666666
0 0.9052083333333333 0.5651041666666666 0.0875 0.153125
0 0.6625 0.575 0.15416666666666667 0.13125
0 0.51875 0.3828125 0.11666666666666667 0.12395833333333334
0 0.234375 0.42604166666666665 0.1625 0.11875
0 0.2739583333333333 0.7140625 0.07708333333333334 0.18645833333333334
0 0.471875 0.7036458333333333 0.16041666666666665 0.128125
0 0.7479166666666667 0.8239583333333333 0.10208333333333333 0.16458333333333333
1 0.9322916666666666 0.7791666666666667 0.08125 0.11666666666666667
1 0.7598958333333333 0.4348958333333333 0.07604166666666666 0.09479166666666666
1 0.4671875 0.5296875 0.096875 0.08229166666666667
1 0.10989583333333333 0.6036458333333333 0.096875 0.109375
