1 0.3140625 0.2864583333333333 0.09895833333333333 0.07916666666666666
1 0.8322916666666667 0.3416666666666667 0.0875 0.09166666666666666
1 0.40625 0.8375 0.1 0.09583333333333333
0 0.48802083333333335 0.15833333333333333 0.121875 0.1875
0 0.66875 0.1890625 0.15 0.12395833333333334
0 0.8651041666666667 0.21562499999999998 0.178125 0.09583333333333333
0 0.8302083333333333 0.4984375 0.18125 0.09895833333333333
0 0.48854166666666665 0.39427083333333335 0.18125 0.09479166666666666
0 0.24635416666666665 0.4010416666666667 0.140625 0.15625
0 0.3703125 0.56875 0.16145833333333334 0.09791666666666667
0 0.22604166666666667 0.7755208333333333 0.12708333333333333 0.18645833333333334
0 0.5984375 0.903125 0.171875 0.12916666666666665
0 0.825 0.7609375 0.14583333333333334 0.11354166666666667
0 0.5484375 0.7182291666666667 0.10104166666666667 0.165625
0 0.6713541666666667 0.6479166666666667 0.08229166666666667 0.18125
