1 0.3859375 0.2453125 0.11354166666666667 0.08645833333333333
1 0.09322916666666667 0.24583333333333332 0.121875 0.1125
1 0.5135416666666667 0.49895833333333334 0.10625 0.08125
0 0.6375 0.5880208333333333 0.13541666666666666 0.121875
0 0.8645833333333334 0.2140625 0.12291666666666666 0.146875
0 0.8765625 0.39479166666666665 0.13854166666666667 0.13958333333333334
0 0.6583333333333333 0.3265625 0.12708333333333333 0.15104166666666666
0 0.8151041666666666 0.6411458333333333 0.11354166666666667 0.13645833333333332
0 0.7177083333333333 0.7713541666666667 0.07916666666666666 0.146875
0 0.4895833333333333 0.8494791666666667 0.0875 0.17604166666666665
0 0.2869791666666667 0.7588541666666666 0.103125 0.171875
0 0.1828125 0.5145833333333333 0.13229166666666667 0.12708333333333333
0 0.2864583333333333 0.3572916666666667 0.09166666666666666 0.1625
0 0.5026041666666666 0.3416666666666667 0.08645833333333333 0.15833333333333333
