0 0.390625 0.23958333333333334 0.07291666666666667 0.12708333333333333
0 0.5567708333333333 0.2484375 0.12604166666666666 0.071875
0 0.6776041666666667 0.2661458333333333 0.090625 0.14270833333333333
0 0.7484375 0.5057291666666667 0.071875 0.15729166666666666
0 0.7921875 0.6651041666666666 0.08645833333333333 0.12604166666666666
0 0.38177083333333334 0.4947916666666667 0.071875 0.1375
0 0.2864583333333333 0.6286458333333333 0.12083333333333333 0.08645833333333333
0 0.43906249999999997 0.6671875 0.09270833333333334 0.11562499999999999
0 0.609375 0.7203125 0.07083333333333333 0.16145833333333334
0 0.4166666666666667 0.8385416666666666 0.13541666666666666 0.10625
1 0.5145833333333333 0.384375 0.08125 0.06875
