0 0.35104166666666664 0.14791666666666667 0.13958333333333334 0.09375
0 0.6223958333333334 0.19375 0.07395833333333333 0.16458333333333333
0 0.8885416666666667 0.25364583333333335 0.15833333333333333 0.08854166666666667
0 0.8307291666666666 0.47604166666666664 0.11979166666666667 0.10833333333333334
0 0.6598958333333333 0.5265625 0.12604166666666666 0.11770833333333333
0 0.8005208333333333 0.8302083333333333 0.140625 0.11666666666666667
0 0.6578125 0.7432291666666666 0.11145833333333333 0.14270833333333333
0 0.43697916666666664 0.775 0.10104166666666667 0.14375
0 0.4265625 0.546875 0.14270833333333333 0.11458333333333333
0 0.39427083333333335 0.36822916666666666 0.10520833333333333 0.14270833333333333
0 0.24010416666666667 0.4901041666666667 0.13854166666666667 0.103125
1 0.3151041666666667 0.8822916666666667 0.08854166666666667 0.07291666666666667
1 0.8875 0.603125 0.06041666666666667 0.07708333333333334
1 0.5166666666666666 0.3046875 0.08541666666666667 0.11770833333333333
