1 0.43854166666666666 0.22395833333333334 0.08333333333333333 0.09791666666666667
0 0.703125 0.14791666666666667 0.13333333333333333 0.06875
0 0.7046875 0.2765625 0.121875 0.11562499999999999
0 0.8161458333333333 0.41770833333333335 0.13645833333333332 0.075
0 0.840625 0.6817708333333333 0.08125 0.15104166666666666
0 0.7135416666666666 0.6041666666666666 0.13958333333333334 0.1125
1 0.6713541666666667 0.8546874999999999 0.090625 0.09895833333333333
0 0.5286458333333334 0.609375 0.15104166666666666 0.09166666666666666
0 0.5020833333333333 0.8286458333333333 0.11041666666666666 0.13229166666666667
0 0.24010416666666667 0.7583333333333333 0.09895833333333333 0.12083333333333333
0 0.17708333333333334 0.5828125 0.14583333333333334 0.09895833333333333
0 0.17291666666666666 0.44479166666666664 0.1125 0.12291666666666666
0 0.4765625 0.396875 0.12604166666666666 0.10625
0 0.2203125 0.2661458333333333 0.15729166666666666 0.06979166666666667
