0 0.3151041666666667 0.2671875 0.178125 0.13645833333333332
0 0.31666666666666665 0.4973958333333333 0.16458333333333333 0.128125
0 0.5854166666666667 0.303125 0.09375 0.18125
0 0.7802083333333333 0.16145833333333334 0.125 0.20833333333333334
0 0.9239583333333333 0.5296875 0.09583333333333333 0.203125
0 0.63125 0.5151041666666667 0.10416666666666667 0.146875
0 0.49322916666666666 0.6994791666666667 0.10104166666666667 0.18645833333333334
0 0.209375 0.684375 0.09375 0.16666666666666666
0 0.2869791666666667 0.8796875 0.13854166666666667 0.17604166666666665
1 0.4661458333333333 0.19479166666666667 0.09479166666666666 0.1125
1 0.778125 0.3723958333333333 0.1375 0.08645833333333333
1 0.7755208333333333 0.7520833333333333 0.09270833333333334 0.08125
