1 0.7098958333333333 0.6869791666666667 0.090625 0.11562499999999999
1 0.7651041666666667 0.875 0.109375 0.07708333333333334
0 0.7192708333333333 0.22916666666666666 0.09479166666666666 0.18541666666666667
0 0.7869791666666667 0.409375 0.090625 0.18541666666666667
0 0.8697916666666666 0.6072916666666667 0.15416666666666667 0.15833333333333333
0 0.596875 0.5260416666666666 0.08541666666666667 0.17083333333333334
0 0.4744791666666667 0.3567708333333333 0.17604166666666665 0.09479166666666666
0 0.2453125 0.221875 0.16979166666666667 0.10833333333333334
0 0.20729166666666665 0.4265625 0.15833333333333333 0.13229166666666667
0 0.33489583333333334 0.6020833333333333 0.16979166666666667 0.0875
0 0.5130208333333334 0.7276041666666666 0.121875 0.13854166666666667
0 0.3307291666666667 0.7807291666666667 0.140625 0.140625
