0 0.18333333333333332 0.4630208333333333 0.1625 0.13854166666666667
0 0.41562499999999997 0.3072916666666667 0.12083333333333333 0.16041666666666665
0 0.5671875 0.12343749999999999 0.10104166666666667 0.16354166666666667
0 0.7770833333333333 0.3380208333333333 0.12291666666666666 0.16979166666666667
0 0.865625 0.6703125 0.1875 0.128125
0 0.64375 0.8546874999999999 0.18958333333333333 0.10104166666666667
0 0.48541666666666666 0.6536458333333334 0.11041666666666666 0.165625
0 0.353125 0.6375 0.08958333333333333 0.15833333333333333
0 0.32395833333333335 0.853125 0.11875 0.14583333333333334
0 0.14114583333333333 0.7432291666666666 0.103125 0.15729166666666666
1 0.1703125 0.18958333333333333 0.10104166666666667 0.08333333333333333
1 0.640625 0.5651041666666666 0.0875 0.078125
1 0.5911458333333334 0.7088541666666667 0.071875 0.09895833333333333
1 0.3489583333333333 0.48125 0.0875 0.06875
