1 0.1203125 0.178125 0.12395833333333334 0.09166666666666666
1 0.5317708333333333 0.5083333333333333 0.11354166666666667 0.08333333333333333
1 0.5947916666666666 0.8588541666666667 0.07291666666666667 0.11145833333333333
0 0.7859375 0.2875 0.14895833333333333 0.075
0 0.8984375 0.5578125 0.11354166666666667 0.16354166666666667
0 0.8010416666666667 0.6817708333333333 0.13958333333333334 0.109375
0 0.7166666666666667 0.7744791666666666 0.15625 0.10104166666666667
0 0.5630208333333333 0.6854166666666667 0.10104166666666667 0.17083333333333334
0 0.5729166666666666 0.3807291666666667 0.14375 0.13645833333333332
0 0.5916666666666667 0.14166666666666666 0.16041666666666665 0.11666666666666667
0 0.3609375 0.18489583333333334 0.096875 0.16770833333333332
0 0.16510416666666666 0.42552083333333335 0.16145833333333334 0.109375
0 0.20416666666666666 0.5963541666666666 0.13333333333333333 0.14895833333333333
0 0.20729166666666665 0.8151041666666666 0.11041666666666666 0.16145833333333334
0 0.3989583333333333 0.7088541666666667 0.1125 0.178125
