0 0.3 0.2 0.08541666666666667 0.15625
0 0.45729166666666665 0.22135416666666666 0.08958333333333333 0.14270833333333333
0 0.7453125 0.15052083333333333 0.12604166666666666 0.159375
0 0.1734375 0.3515625 0.14270833333333333 0.13020833333333334
0 0.2640625 0.5036458333333333 0.12395833333333334 0.165625
0 0.5411458333333333 0.5494791666666666 0.140625 0.15104166666666666
0 0.8296875 0.53125 0.07604166666666666 0.1625
0 0.8291666666666666 0.703125 0.16666666666666666 0.07916666666666666
0 0.5072916666666667 0.7713541666666667 0.17083333333333334 0.128125
0 0.35625 0.8427083333333333 0.175 0.12291666666666666
0 0.16822916666666665 0.7473958333333334 0.15520833333333334 0.078125
1 0.4197916666666667 0.49895833333333334 0.09166666666666666 0.08125
1 0.6703125 0.36822916666666666 0.084375 0.084375
1 0.8677083333333333 0.3453125 0.10208333333333333 0.071875
1 0.6546875 0.7494791666666667 0.078125 0.084375
