1 0.628125 0.5380208333333333 0.09791666666666667 0.09270833333333334
0 0.8427083333333333 0.3796875 0.16666666666666666 0.13020833333333334
0 0.9010416666666666 0.6338541666666666 0.16666666666666666 0.12604166666666666
0 0.7916666666666666 0.8260416666666667 0.15833333333333333 0.1375
0 0.4276041666666667 0.8171875 0.08229166666666667 0.17395833333333333
0 0.4083333333333333 0.5421875 0.14791666666666667 0.146875
0 0.6223958333333334 0.2953125 0.134375 0.17604166666666665
0 0.42135416666666664 0.16927083333333334 0.13645833333333332 0.16979166666666667
0 0.24791666666666667 0.32447916666666665 0.0875 0.18020833333333333
0 0.2375 0.7166666666666667 0.175 0.12291666666666666
