1 0.3697916666666667 0.45208333333333334 0.08541666666666667 0.07291666666666667
0 0.21041666666666667 0.1796875 0.14375 0.103125
0 0.44947916666666665 0.1484375 0.14479166666666665 0.090625
0 0.7515625 0.1734375 0.06770833333333333 0.153125
0 0.575 0.3609375 0.07083333333333333 0.13229166666666667
0 0.7536458333333333 0.47812499999999997 0.090625 0.14375
0 0.7442708333333333 0.7140625 0.096875 0.13020833333333334
0 0.5994791666666667 0.5291666666666667 0.134375 0.08125
0 0.25416666666666665 0.5265625 0.08333333333333333 0.15729166666666666
0 0.37083333333333335 0.7046875 0.13958333333333334 0.10104166666666667
0 0.5369791666666667 0.8807291666666667 0.09895833333333333 0.14270833333333333
