0 0.30416666666666664 0.29010416666666666 0.09166666666666666 0.15729166666666666
0 0.23229166666666667 0.45208333333333334 0.11666666666666667 0.16458333333333333
0 0.5505208333333333 0.3671875 0.09270833333333334 0.159375
0 0.7359375 0.26875 0.14270833333333333 0.10625
0 0.8572916666666667 0.4161458333333333 0.18333333333333332 0.078125
0 0.8624999999999999 0.7432291666666666 0.09166666666666666 0.15729166666666666
0 0.5557291666666666 0.5677083333333334 0.15520833333333334 0.12291666666666666
0 0.17083333333333334 0.7046875 0.14375 0.15520833333333334
0 0.378125 0.8114583333333333 0.17083333333333334 0.09166666666666666
0 0.6807291666666666 0.8265625 0.109375 0.17604166666666665
1 0.5494791666666666 0.16822916666666665 0.08020833333333333 0.10104166666666667
