1 0.76875 0.5375 0.07708333333333334 0.08958333333333333
1 0.22552083333333334 0.8458333333333333 0.134375 0.08333333333333333
1 0.109375 0.3984375 0.10833333333333334 0.078125
0 0.36354166666666665 0.328125 0.16458333333333333 0.10416666666666667
0 0.5916666666666667 0.1265625 0.17916666666666667 0.084375
0 0.2833333333333333 0.18958333333333333 0.18333333333333332 0.1
0 0.5875 0.37135416666666665 0.19791666666666666 0.08020833333333333
0 0.7572916666666667 0.32916666666666666 0.17083333333333334 0.1125
0 0.9151041666666666 0.665625 0.10729166666666666 0.16666666666666666
0 0.7276041666666666 0.834375 0.159375 0.13541666666666666
0 0.4973958333333333 0.8411458333333334 0.06770833333333333 0.17395833333333333
0 0.5953125 0.55625 0.096875 0.17291666666666666
0 0.41770833333333335 0.6635416666666667 0.1625 0.1125
0 0.21666666666666667 0.6130208333333333 0.15625 0.13229166666666667
