0 0.2984375 0.16197916666666667 0.15729166666666666 0.13229166666666667
0 0.3020833333333333 0.3833333333333333 0.10416666666666667 0.16041666666666665
0 0.24010416666666667 0.5979166666666667 0.15729166666666666 0.1
0 0.44479166666666664 0.6338541666666666 0.17083333333333334 0.11354166666666667
0 0.75 0.5526041666666667 0.16666666666666666 0.09895833333333333
0 0.7401041666666667 0.6947916666666667 0.16145833333333334 0.10625
0 0.74375 0.3385416666666667 0.15208333333333332 0.09375
0 0.5036458333333333 0.3015625 0.12604166666666666 0.08020833333333333
0 0.6958333333333333 0.18697916666666667 0.12708333333333333 0.140625
1 0.5067708333333333 0.13697916666666665 0.090625 0.090625
1 0.6109375 0.3671875 0.06979166666666667 0.06979166666666667
1 0.4791666666666667 0.4588541666666667 0.09375 0.06979166666666667
1 0.21354166666666666 0.8432291666666667 0.0625 0.078125
1 0.571875 0.8307291666666666 0.075 0.084375
