1 0.3765625 0.23333333333333334 0.06145833333333333 0.06666666666666667
1 0.1984375 0.7786458333333334 0.084375 0.121875
1 0.5989583333333334 0.8817708333333333 0.075 0.121875
1 0.5765625 0.6989583333333333 0.09270833333333334 0.09791666666666667
1 0.8302083333333333 0.2375 0.11666666666666667 0.075
0 0.5046875 0.06614583333333333 0.153125 0.08645833333333333
0 0.18489583333333334 0.10989583333333333 0.184375 0.109375
0 0.20572916666666666 0.37135416666666665 0.171875 0.11770833333333333
0 0.4588541666666667 0.384375 0.103125 0.15625
0 0.6286458333333333 0.44114583333333335 0.159375 0.13020833333333334
0 0.84375 0.4427083333333333 0.11666666666666667 0.16875
0 0.8859374999999999 0.7890625 0.09895833333333333 0.190625
0 0.7098958333333333 0.6 0.15729166666666666 0.12708333333333333
0 0.41562499999999997 0.5671875 0.175 0.11562499999999999
0 0.37447916666666664 0.8567708333333334 0.103125 0.190625
