1 0.240625 0.28125 0.09375 0.11041666666666666
1 0.8703124999999999 0.5807291666666666 0.090625 0.090625
1 0.4244791666666667 0.9104166666666667 0.10104166666666667 0.10208333333333333
0 0.7703125 0.7369791666666666 0.15729166666666666 0.109375
0 0.5739583333333333 0.6395833333333333 0.15208333333333332 0.0875
0 0.5932291666666667 0.5161458333333333 0.17604166666666665 0.11145833333333333
0 0.4166666666666667 0.4 0.11041666666666666 0.14375
0 0.20677083333333332 0.5859375 0.109375 0.13020833333333334
0 0.5442708333333334 0.27708333333333335 0.15104166666666666 0.07708333333333334
0 0.7713541666666667 0.3302083333333333 0.11770833333333333 0.13333333333333333
0 0.7791666666666667 0.15677083333333333 0.17291666666666666 0.09479166666666666
