0 0.46197916666666666 0.17239583333333333 0.16354166666666667 0.08854166666666667
0 0.6296875 0.18958333333333333 0.09270833333333334 0.16666666666666666
0 0.7015625 0.5526041666666667 0.121875 0.14270833333333333
0 0.865625 0.71875 0.17708333333333334 0.0875
0 0.65625 0.8375 0.17291666666666666 0.08125
0 0.5348958333333333 0.6359375 0.09270833333333334 0.16979166666666667
0 0.5 0.4661458333333333 0.17916666666666667 0.08229166666666667
0 0.4140625 0.3072916666666667 0.171875 0.08958333333333333
0 0.17239583333333333 0.44114583333333335 0.11979166666666667 0.14895833333333333
0 0.2682291666666667 0.6432291666666666 0.16979166666666667 0.090625
0 0.3536458333333333 0.8869791666666667 0.178125 0.109375
1 0.7046875 0.3911458333333333 0.08229166666666667 0.09270833333333334
1 0.9010416666666666 0.4901041666666667 0.10416666666666667 0.059375
1 0.7953125 0.21614583333333334 0.109375 0.08854166666666667
1 0.19895833333333332 0.2125 0.08333333333333333 0.1
