1 0.5864583333333333 0.5328125 0.075 0.08645833333333333
1 0.8046875 0.3385416666666667 0.07395833333333333 0.07083333333333333
1 0.46979166666666666 0.40625 0.10208333333333333 0.09791666666666667
0 0.5286458333333334 0.22708333333333333 0.146875 0.1
0 0.7302083333333333 0.22395833333333334 0.15833333333333333 0.0625
0 0.8614583333333333 0.496875 0.1125 0.125
0 0.7369791666666666 0.5828125 0.109375 0.140625
0 0.753125 0.7744791666666666 0.13541666666666666 0.121875
0 0.5463541666666667 0.6692708333333334 0.08854166666666667 0.13645833333333332
0 0.6520833333333333 0.37604166666666666 0.14583333333333334 0.07916666666666666
0 0.2520833333333333 0.4484375 0.14791666666666667 0.08645833333333333
0 0.3416666666666667 0.6661458333333333 0.15 0.10729166666666666
0 0.24739583333333334 0.23906249999999998 0.103125 0.14479166666666665
