0 0.7552083333333334 0.36302083333333335 0.12708333333333333 0.15520833333333334
0 0.6270833333333333 0.178125 0.16041666666666665 0.13333333333333333
0 0.4427083333333333 0.1 0.13541666666666666 0.16458333333333333
0 0.36302083333333335 0.3411458333333333 0.178125 0.08854166666666667
0 0.3203125 0.5583333333333333 0.12395833333333334 0.15416666666666667
0 0.4770833333333333 0.6729166666666666 0.15 0.15208333333333332
1 0.4791666666666667 0.525 0.09166666666666666 0.09375
1 0.3494791666666667 0.7166666666666667 0.09895833333333333 0.10416666666666667
1 0.5645833333333333 0.9192708333333334 0.10833333333333334 0.08020833333333333
1 0.8140625 0.7953125 0.090625 0.10104166666666667
2 0.5869791666666666 0.4083333333333333 0.03854166666666667 0.035416666666666666
