1 0.3520833333333333 0.17395833333333333 0.12916666666666665 0.07708333333333334
1 0.4244791666666667 0.7270833333333333 0.07395833333333333 0.09583333333333333
1 0.6880208333333333 0.8125 0.09479166666666666 0.08333333333333333
1 0.8026041666666667 0.6177083333333333 0.103125 0.07083333333333333
2 0.9171874999999999 0.7713541666666667 0.034375 0.046875
2 0.5182291666666666 0.8072916666666666 0.03854166666666667 0.06458333333333333
0 0.9270833333333334 0.36302083333333335 0.11041666666666666 0.16354166666666667
0 0.5838541666666667 0.209375 0.14895833333333333 0.12083333333333333
0 0.6697916666666667 0.459375 0.10625 0.18541666666666667
0 0.5291666666666667 0.3223958333333333 0.14791666666666667 0.07604166666666666
0 0.159375 0.30885416666666665 0.17916666666666667 0.103125
0 0.35052083333333334 0.4348958333333333 0.140625 0.153125
0 0.5067708333333333 0.5875 0.17604166666666665 0.10625
0 0.22343749999999998 0.6208333333333333 0.08854166666666667 0.15416666666666667
0 0.2505208333333333 0.8203125 0.153125 0.109375
