0 0.2682291666666667 0.1359375 0.171875 0.10729166666666666
0 0.6666666666666666 0.11458333333333333 0.1125 0.13958333333333334
0 0.5098958333333333 0.203125 0.16145833333333334 0.12083333333333333
0 0.23333333333333334 0.40572916666666664 0.17291666666666666 0.11354166666666667
0 0.5145833333333333 0.4348958333333333 0.15833333333333333 0.134375
0 0.7588541666666666 0.2890625 0.16979166666666667 0.121875
0 0.840625 0.44114583333333335 0.18541666666666667 0.12395833333333334
0 0.7802083333333333 0.640625 0.125 0.175
0 0.5609375 0.5734375 0.16145833333333334 0.13854166666666667
0 0.5734375 0.8052083333333333 0.15104166666666666 0.15208333333333332
0 0.3541666666666667 0.6265625 0.16041666666666665 0.16145833333333334
1 0.09427083333333333 0.5833333333333334 0.09895833333333333 0.09166666666666666
1 0.9380208333333333 0.7234375 0.109375 0.11145833333333333
