0 0.37916666666666665 0.28020833333333334 0.09375 0.14583333333333334
0 0.2375 0.20520833333333333 0.12291666666666666 0.18333333333333332
0 0.19114583333333332 0.4010416666666667 0.10520833333333333 0.15625
0 0.2734375 0.6192708333333333 0.078125 0.196875
0 0.21927083333333333 0.8229166666666666 0.14479166666666665 0.125
0 0.6052083333333333 0.8041666666666667 0.17083333333333334 0.10208333333333333
0 0.8427083333333333 0.640625 0.14375 0.15
0 0.5463541666666667 0.6234375 0.109375 0.18020833333333333
0 0.6708333333333333 0.5041666666666667 0.1125 0.16875
0 0.8869791666666667 0.35520833333333335 0.13854166666666667 0.14375
0 0.7604166666666666 0.2598958333333333 0.12916666666666665 0.159375
1 0.4869791666666667 0.20520833333333333 0.078125 0.09166666666666666
1 0.41302083333333334 0.453125 0.090625 0.08125
2 0.46770833333333334 0.9552083333333333 0.027083333333333334 0.05
