1 0.6901041666666666 0.41354166666666664 0.08645833333333333 0.09375
1 0.5953125 0.8682291666666666 0.10729166666666666 0.07395833333333333
1 0.3145833333333333 0.5244791666666666 0.11041666666666666 0.06145833333333333
0 0.76875 0.25104166666666666 0.14166666666666666 0.12916666666666665
0 0.8317708333333333 0.4864583333333333 0.184375 0.08333333333333333
0 0.8114583333333333 0.69375 0.15625 0.11875
0 0.5369791666666667 0.6807291666666666 0.159375 0.109375
0 0.5114583333333333 0.4692708333333333 0.15208333333333332 0.08020833333333333
0 0.2786458333333333 0.7291666666666666 0.134375 0.13333333333333333
0 0.26197916666666665 0.26197916666666665 0.15520833333333334 0.090625
0 0.4239583333333333 0.18125 0.10625 0.15
0 0.5536458333333333 0.178125 0.13645833333333332 0.10625
