0 0.2755208333333333 0.22552083333333334 0.17395833333333333 0.140625
0 0.6411458333333333 0.1640625 0.12395833333333334 0.17604166666666665
0 0.8072916666666666 0.3072916666666667 0.12916666666666665 0.1875
0 0.8624999999999999 0.5453125 0.10833333333333334 0.171875
0 0.709375 0.5583333333333333 0.14583333333333334 0.13333333333333333
0 0.6880208333333333 0.8661458333333333 0.10104166666666667 0.18229166666666666
0 0.5588541666666667 0.5473958333333333 0.11354166666666667 0.159375
0 0.4505208333333333 0.3989583333333333 0.07604166666666666 0.19166666666666665
0 0.17604166666666665 0.44114583333333335 0.19166666666666665 0.11145833333333333
0 0.32916666666666666 0.6348958333333333 0.17708333333333334 0.12395833333333334
0 0.3229166666666667 0.8072916666666666 0.18333333333333332 0.12083333333333333
0 0.12916666666666665 0.6859375 0.14791666666666667 0.15729166666666666
1 0.4427083333333333 0.19010416666666666 0.11458333333333333 0.08645833333333333
1 0.5666666666666667 0.7359375 0.08958333333333333 0.11145833333333333
1 0.8395833333333333 0.7333333333333333 0.0875 0.09583333333333333
