0 0.3286458333333333 0.2359375 0.153125 0.153125
0 0.2833333333333333 0.44947916666666665 0.1625 0.14479166666666665
0 0.13489583333333333 0.6713541666666667 0.13854166666666667 0.16145833333333334
0 0.4067708333333333 0.7911458333333333 0.12395833333333334 0.18229166666666666
0 0.7270833333333333 0.7255208333333333 0.2 0.09270833333333334
0 0.8020833333333334 0.5359375 0.13541666666666666 0.203125
0 0.6958333333333333 0.4453125 0.12291666666666666 0.18854166666666666
0 0.6635416666666667 0.19895833333333332 0.12083333333333333 0.15416666666666667
0 0.9020833333333333 0.221875 0.13333333333333333 0.18333333333333332
0 0.45677083333333335 0.425 0.16354166666666667 0.1
1 0.4484375 0.11510416666666666 0.10729166666666666 0.103125
1 0.5333333333333333 0.63125 0.09583333333333333 0.11875
1 0.609375 0.8598958333333333 0.0875 0.128125
