0 0.3234375 0.2328125 0.121875 0.16145833333333334
0 0.5802083333333333 0.22604166666666667 0.15 0.11875
0 0.80625 0.2677083333333333 0.09583333333333333 0.18541666666666667
0 0.7604166666666666 0.43854166666666666 0.18125 0.10833333333333334
0 0.7541666666666667 0.5958333333333333 0.18333333333333332 0.08541666666666667
0 0.8213541666666666 0.7651041666666667 0.11979166666666667 0.16770833333333332
0 0.5645833333333333 0.53125 0.14375 0.15
0 0.2984375 0.41302083333333334 0.18854166666666666 0.11770833333333333
0 0.24270833333333333 0.5645833333333333 0.0875 0.16666666666666666
0 0.21510416666666665 0.7677083333333333 0.109375 0.16666666666666666
0 0.4510416666666667 0.6265625 0.18125 0.090625
0 0.48854166666666665 0.8838541666666666 0.175 0.10729166666666666
1 0.6286458333333333 0.7640625 0.08645833333333333 0.11145833333333333
1 0.496875 0.384375 0.09375 0.11875
