0 0.21666666666666667 0.12552083333333333 0.13541666666666666 0.15520833333333334
0 0.5520833333333334 0.10364583333333333 0.16875 0.10729166666666666
0 0.6973958333333333 0.2864583333333333 0.11145833333333333 0.18125
0 0.853125 0.19635416666666666 0.15208333333333332 0.078125
0 0.8604166666666666 0.4671875 0.175 0.08854166666666667
0 0.5 0.3145833333333333 0.14583333333333334 0.09583333333333333
0 0.32916666666666666 0.40208333333333335 0.14791666666666667 0.15416666666666667
0 0.53125 0.48072916666666665 0.14375 0.121875
0 0.6765625 0.5958333333333333 0.165625 0.0875
0 0.5932291666666667 0.8005208333333333 0.196875 0.08645833333333333
0 0.29583333333333334 0.8463541666666666 0.17916666666666667 0.09270833333333334
1 0.29322916666666665 0.6729166666666666 0.10104166666666667 0.06458333333333333
1 0.8046875 0.8130208333333333 0.078125 0.08229166666666667
1 0.88125 0.6328125 0.10416666666666667 0.08020833333333333
