0 0.18125 0.3729166666666667 0.12916666666666665 0.16458333333333333
0 0.3802083333333333 0.175 0.09791666666666667 0.16875
0 0.5375 0.28802083333333334 0.09791666666666667 0.190625
0 0.6166666666666667 0.1953125 0.12708333333333333 0.14479166666666665
0 0.8619791666666666 0.4328125 0.165625 0.084375
0 0.6614583333333334 0.6614583333333334 0.08541666666666667 0.2
0 0.7838541666666666 0.8125 0.13854166666666667 0.14791666666666667
0 0.4848958333333333 0.5427083333333333 0.13854166666666667 0.15416666666666667
0 0.2375 0.5494791666666666 0.17916666666666667 0.09270833333333334
0 0.23229166666666667 0.728125 0.16458333333333333 0.08541666666666667
0 0.5890625 0.8765625 0.146875 0.13020833333333334
1 0.34739583333333335 0.8307291666666666 0.121875 0.096875
1 0.853125 0.63125 0.07916666666666666 0.09583333333333333
1 0.8932291666666666 0.22083333333333333 0.11145833333333333 0.11041666666666666
