0 0.28802083333333334 0.3520833333333333 0.08645833333333333 0.175
0 0.39791666666666664 0.2375 0.07916666666666666 0.15833333333333333
0 0.6182291666666666 0.29791666666666666 0.134375 0.14166666666666666
0 0.8614583333333333 0.3208333333333333 0.09166666666666666 0.16666666666666666
0 0.5875 0.4317708333333333 0.14791666666666667 0.09270833333333334
0 0.5484375 0.5734375 0.12395833333333334 0.13229166666666667
0 0.2833333333333333 0.565625 0.15833333333333333 0.10208333333333333
0 0.29583333333333334 0.8166666666666667 0.11041666666666666 0.1625
1 0.5609375 0.8020833333333334 0.08229166666666667 0.07708333333333334
1 0.8598958333333333 0.84375 0.08229166666666667 0.08125
1 0.7875 0.6166666666666667 0.09166666666666666 0.08541666666666667
