1 0.33958333333333335 0.73125 0.09791666666666667 0.11666666666666667
1 0.803125 0.27291666666666664 0.13125 0.09375
0 0.3421875 0.1203125 0.171875 0.13020833333333334
0 0.3130208333333333 0.3229166666666667 0.190625 0.13333333333333333
0 0.24583333333333332 0.45208333333333334 0.17708333333333334 0.09583333333333333
0 0.5203125 0.22708333333333333 0.11979166666666667 0.19375
0 0.6890625 0.16614583333333333 0.08645833333333333 0.18645833333333334
0 0.9177083333333333 0.428125 0.15416666666666667 0.1125
0 0.6447916666666667 0.3885416666666667 0.18333333333333332 0.09583333333333333
0 0.834375 0.578125 0.10625 0.1875
0 0.5395833333333333 0.5234375 0.16666666666666666 0.08645833333333333
0 0.5552083333333333 0.6875 0.11666666666666667 0.15208333333333332
0 0.8307291666666666 0.7598958333333333 0.19270833333333334 0.10729166666666666
0 0.5307291666666667 0.8802083333333334 0.20104166666666667 0.10416666666666667
0 0.15572916666666667 0.8130208333333333 0.19895833333333332 0.08854166666666667
0 0.29322916666666665 0.5776041666666667 0.178125 0.08229166666666667
