0 0.7859375 0.2796875 0.14270833333333333 0.121875
0 0.8010416666666667 0.4484375 0.14583333333333334 0.13020833333333334
0 0.6270833333333333 0.5197916666666667 0.08125 0.16875
0 0.7963541666666667 0.6578125 0.13854166666666667 0.121875
0 0.6515625 0.7515625 0.06145833333333333 0.16979166666666667
0 0.3619791666666667 0.4947916666666667 0.14270833333333333 0.10625
0 0.278125 0.6526041666666667 0.09375 0.165625
0 0.3677083333333333 0.29010416666666666 0.13333333333333333 0.11770833333333333
1 0.49166666666666664 0.2791666666666667 0.058333333333333334 0.0625
1 0.66875 0.3598958333333333 0.06041666666666667 0.06979166666666667
1 0.5067708333333333 0.4317708333333333 0.06354166666666666 0.06145833333333333
1 0.5171875 0.6416666666666666 0.109375 0.07291666666666667
1 0.44687499999999997 0.8338541666666667 0.06875 0.08229166666666667
