0 0.21302083333333333 0.23802083333333332 0.14895833333333333 0.146875
0 0.38229166666666664 0.35885416666666664 0.12083333333333333 0.165625
0 0.5432291666666667 0.43333333333333335 0.08645833333333333 0.17291666666666666
0 0.6104166666666666 0.225 0.13125 0.14791666666666667
0 0.8760416666666666 0.3390625 0.14166666666666666 0.13645833333333332
0 0.7692708333333333 0.596875 0.17395833333333333 0.10416666666666667
0 0.346875 0.5536458333333333 0.17291666666666666 0.10104166666666667
0 0.14010416666666667 0.46875 0.18854166666666666 0.10208333333333333
0 0.25677083333333334 0.8182291666666667 0.13645833333333332 0.15729166666666666
1 0.6088541666666667 0.8286458333333333 0.11354166666666667 0.11770833333333333
1 0.8682291666666666 0.7322916666666667 0.11562499999999999 0.11458333333333333
1 0.4359375 0.13125 0.11979166666666667 0.09791666666666667
1 0.6973958333333333 0.3734375 0.096875 0.10729166666666666
2 0.6625 0.6270833333333333 0.05 0.03125
