1 0.20833333333333334 0.18177083333333333 0.09375 0.103125
1 0.34010416666666665 0.8171875 0.10520833333333333 0.08229166666666667
1 0.9192708333333334 0.15885416666666666 0.07395833333333333 0.096875
0 0.6869791666666667 0.125 0.11145833333333333 0.18333333333333332
0 0.7510416666666666 0.3020833333333333 0.08541666666666667 0.16041666666666665
0 0.47031249999999997 0.1640625 0.090625 0.19479166666666667
0 0.21354166666666666 0.33697916666666666 0.15208333333333332 0.13020833333333334
0 0.4203125 0.4552083333333333 0.13020833333333334 0.17291666666666666
0 0.6854166666666667 0.46510416666666665 0.08958333333333333 0.17395833333333333
0 0.9364583333333333 0.36666666666666664 0.09791666666666667 0.17083333333333334
0 0.896875 0.6260416666666666 0.13125 0.16458333333333333
0 0.884375 0.8088541666666667 0.0875 0.18229166666666666
0 0.6078125 0.7708333333333334 0.17604166666666665 0.09791666666666667
0 0.5505208333333333 0.6119791666666666 0.13229166666666667 0.16145833333333334
0 0.10729166666666666 0.5880208333333333 0.10416666666666667 0.16770833333333332
0 0.11458333333333333 0.8083333333333333 0.08541666666666667 0.15625
