0 0.23489583333333333 0.27291666666666664 0.178125 0.1125
0 0.6395833333333333 0.153125 0.13958333333333334 0.13958333333333334
0 0.7119791666666666 0.3052083333333333 0.09270833333333334 0.18125
0 0.7536458333333333 0.5598958333333334 0.121875 0.165625
0 0.609375 0.5 0.08333333333333333 0.15416666666666667
0 0.28229166666666666 0.5145833333333333 0.17916666666666667 0.09583333333333333
0 0.2484375 0.6484375 0.159375 0.121875
0 0.5078125 0.8515625 0.178125 0.09895833333333333
1 0.8119791666666667 0.6947916666666667 0.11770833333333333 0.07291666666666667
1 0.7010416666666667 0.8442708333333333 0.10416666666666667 0.13645833333333332
1 0.28541666666666665 0.7875 0.1125 0.09166666666666666
1 0.4984375 0.6645833333333333 0.10520833333333333 0.125
1 0.384375 0.3578125 0.09375 0.11562499999999999
