0 0.16770833333333332 0.20260416666666667 0.125 0.15729166666666666
0 0.3859375 0.28125 0.13229166666666667 0.11666666666666667
0 0.6578125 0.1703125 0.16354166666666667 0.13020833333333334
0 0.7182291666666667 0.2734375 0.140625 0.09895833333333333
0 0.64375 0.4973958333333333 0.11666666666666667 0.18020833333333333
0 0.7640625 0.534375 0.14479166666666665 0.08958333333333333
0 0.775 0.7307291666666667 0.16875 0.12395833333333334
0 0.7494791666666667 0.903125 0.12395833333333334 0.14375
0 0.5458333333333333 0.7739583333333333 0.09791666666666667 0.19166666666666665
0 0.4822916666666667 0.5546875 0.07291666666666667 0.184375
0 0.346875 0.47812499999999997 0.12291666666666666 0.15416666666666667
0 0.15052083333333333 0.3723958333333333 0.121875 0.146875
0 0.16145833333333334 0.6890625 0.11458333333333333 0.165625
0 0.30572916666666666 0.6447916666666667 0.07604166666666666 0.14583333333333334
0 0.3098958333333333 0.9005208333333333 0.17395833333333333 0.096875
1 0.434375 0.12708333333333333 0.09583333333333333 0.09375
1 0.4046875 0.7791666666666667 0.06979166666666667 0.125
