0 0.3463541666666667 0.11197916666666667 0.16145833333333334 0.12604166666666666
0 0.6369791666666667 0.18697916666666667 0.134375 0.13020833333333334
0 0.8557291666666667 0.19583333333333333 0.11354166666666667 0.17083333333333334
0 0.8583333333333333 0.4192708333333333 0.15833333333333333 0.128125
0 0.8786458333333333 0.628125 0.14270833333333333 0.16041666666666665
0 0.6791666666666667 0.471875 0.16458333333333333 0.10208333333333333
0 0.5229166666666667 0.3453125 0.11458333333333333 0.165625
0 0.31875 0.39791666666666664 0.1 0.17916666666666667
0 0.14479166666666665 0.33489583333333334 0.09791666666666667 0.203125
0 0.10052083333333334 0.5598958333333334 0.08229166666666667 0.18645833333333334
0 0.2640625 0.7036458333333333 0.11145833333333333 0.171875
0 0.6270833333333333 0.8229166666666666 0.1 0.20416666666666666
0 0.5375 0.56875 0.18333333333333332 0.09583333333333333
1 0.46197916666666666 0.6765625 0.11979166666666667 0.10520833333333333
1 0.7140625 0.6770833333333334 0.09270833333333334 0.125
