1 0.553125 0.30052083333333335 0.07291666666666667 0.08645833333333333
1 0.4890625 0.7 0.08020833333333333 0.0875
1 0.39010416666666664 0.8307291666666666 0.06979166666666667 0.103125
0 0.6942708333333333 0.740625 0.12604166666666666 0.1125
0 0.71875 0.6067708333333334 0.14583333333333334 0.084375
0 0.8677083333333333 0.4786458333333333 0.13333333333333333 0.090625
0 0.8109375 0.3229166666666667 0.08854166666666667 0.12916666666666665
0 0.6651041666666666 0.19114583333333332 0.09895833333333333 0.11562499999999999
0 0.3921875 0.18333333333333332 0.128125 0.10833333333333334
0 0.20989583333333334 0.37083333333333335 0.10104166666666667 0.125
0 0.4140625 0.4010416666666667 0.128125 0.07708333333333334
0 0.4583333333333333 0.5598958333333334 0.13125 0.07604166666666666
0 0.6119791666666666 0.5 0.134375 0.10208333333333333
0 0.240625 0.6734375 0.13541666666666666 0.10104166666666667
