0 0.3645833333333333 0.225 0.13333333333333333 0.18541666666666667
0 0.5671875 0.12395833333333334 0.18854166666666666 0.09791666666666667
0 0.73125 0.22604166666666667 0.1125 0.19375
0 0.5895833333333333 0.35572916666666665 0.11875 0.18020833333333333
0 0.3067708333333333 0.4375 0.10729166666666666 0.15625
0 0.5161458333333333 0.5395833333333333 0.08229166666666667 0.16875
0 0.775 0.521875 0.16458333333333333 0.12708333333333333
0 0.28489583333333335 0.6395833333333333 0.17604166666666665 0.10833333333333334
0 0.37395833333333334 0.8088541666666667 0.17708333333333334 0.134375
1 0.6354166666666666 0.684375 0.12083333333333333 0.10208333333333333
1 0.8234374999999999 0.7010416666666667 0.11562499999999999 0.09583333333333333
1 0.8744791666666667 0.4036458333333333 0.10104166666666667 0.11979166666666667
