0 0.29635416666666664 0.17239583333333333 0.13229166666666667 0.11562499999999999
0 0.4552083333333333 0.2526041666666667 0.075 0.14270833333333333
0 0.6520833333333333 0.16510416666666666 0.07083333333333333 0.15104166666666666
0 0.7854166666666667 0.26979166666666665 0.15625 0.1125
0 0.6588541666666666 0.45 0.09895833333333333 0.12916666666666665
0 0.7791666666666667 0.44114583333333335 0.14166666666666666 0.08020833333333333
0 0.35833333333333334 0.42604166666666665 0.12708333333333333 0.10208333333333333
0 0.278125 0.5802083333333333 0.08333333333333333 0.16875
0 0.4010416666666667 0.7541666666666667 0.13125 0.11458333333333333
0 0.6078125 0.8776041666666666 0.11770833333333333 0.09895833333333333
0 0.7604166666666666 0.7989583333333333 0.11875 0.08541666666666667
1 0.5130208333333334 0.12760416666666666 0.084375 0.06354166666666666
1 0.5296875 0.5020833333333333 0.07395833333333333 0.08541666666666667
1 0.5734375 0.7098958333333333 0.071875 0.103125
1 0.7588541666666666 0.640625 0.065625 0.09583333333333333
1 0.8895833333333333 0.5869791666666666 0.0875 0.08645833333333333
1 0.3265625 0.8630208333333333 0.071875 0.10104166666666667
