0 0.4635416666666667 0.11041666666666666 0.08958333333333333 0.18125
0 0.5921875 0.24322916666666666 0.11354166666666667 0.159375
0 0.8427083333333333 0.20260416666666667 0.17083333333333334 0.11145833333333333
0 0.38645833333333335 0.3651041666666667 0.18125 0.109375
0 0.37864583333333335 0.5557291666666666 0.15104166666666666 0.13854166666666667
0 0.209375 0.6026041666666666 0.16875 0.11770833333333333
0 0.41510416666666666 0.7395833333333334 0.146875 0.15833333333333333
0 0.571875 0.8703124999999999 0.15833333333333333 0.16145833333333334
0 0.8015625 0.7994791666666666 0.09895833333333333 0.16979166666666667
0 0.7677083333333333 0.5776041666666667 0.18541666666666667 0.078125
1 0.5661458333333333 0.46458333333333335 0.10520833333333333 0.07916666666666666
1 0.5703125 0.6666666666666666 0.06979166666666667 0.12083333333333333
1 0.3453125 0.21197916666666666 0.109375 0.10729166666666666
