0 0.7796875 0.41770833333333335 0.146875 0.1375
0 0.8604166666666666 0.6484375 0.19166666666666665 0.096875
0 0.6098958333333333 0.6661458333333333 0.171875 0.06979166666666667
0 0.6255208333333333 0.8520833333333333 0.11562499999999999 0.15833333333333333
0 0.3963541666666667 0.8380208333333333 0.10520833333333333 0.178125
0 0.253125 0.6984375 0.15208333333333332 0.159375
0 0.18125 0.5588541666666667 0.18333333333333332 0.096875
0 0.3130208333333333 0.35260416666666666 0.18020833333333333 0.11979166666666667
0 0.5640625 0.24791666666666667 0.18020833333333333 0.0875
1 0.39791666666666664 0.12135416666666667 0.07291666666666667 0.12395833333333334
1 0.44479166666666664 0.5052083333333334 0.09791666666666667 0.09375
1 0.8072916666666666 0.2359375 0.11458333333333333 0.07604166666666666
