0 0.403125 0.14166666666666666 0.09583333333333333 0.13125
0 0.5984375 0.2171875 0.078125 0.153125
0 0.8479166666666667 0.290625 0.13333333333333333 0.08958333333333333
0 0.8963541666666667 0.4942708333333333 0.11770833333333333 0.121875
0 0.8416666666666667 0.7244791666666667 0.14791666666666667 0.103125
0 0.6838541666666667 0.7729166666666667 0.071875 0.16458333333333333
0 0.4921875 0.8036458333333333 0.13854166666666667 0.08645833333333333
0 0.5932291666666667 0.5296875 0.09479166666666666 0.128125
0 0.453125 0.6489583333333333 0.08958333333333333 0.14166666666666666
0 0.3229166666666667 0.8484375 0.12916666666666665 0.08645833333333333
0 0.234375 0.6317708333333333 0.13333333333333333 0.128125
0 0.2421875 0.43072916666666666 0.12604166666666666 0.13020833333333334
0 0.43333333333333335 0.3546875 0.14791666666666667 0.10729166666666666
1 0.29791666666666666 0.17291666666666666 0.0625 0.08333333333333333
1 0.7119791666666666 0.3927083333333333 0.103125 0.08958333333333333
1 0.9484374999999999 0.6390625 0.07395833333333333 0.09895833333333333
