0 0.4166666666666667 0.12239583333333333 0.1625 0.103125
0 0.6640625 0.2796875 0.10729166666666666 0.18229166666666666
0 0.6979166666666666 0.49114583333333334 0.175 0.096875
0 0.86875 0.7083333333333334 0.16875 0.10208333333333333
0 0.678125 0.8692708333333333 0.125 0.15520833333333334
0 0.6291666666666667 0.7182291666666667 0.08125 0.14479166666666665
0 0.5260416666666666 0.6291666666666667 0.125 0.1375
0 0.5026041666666666 0.4734375 0.128125 0.15520833333333334
0 0.334375 0.3578125 0.11875 0.14895833333333333
0 0.25 0.471875 0.13958333333333334 0.1375
0 0.23906249999999998 0.7088541666666667 0.15729166666666666 0.13229166666666667
0 0.4140625 0.778125 0.15729166666666666 0.09375
1 0.8630208333333333 0.33958333333333335 0.11562499999999999 0.09375
