1 0.3260416666666667 0.19947916666666665 0.07291666666666667 0.11562499999999999
1 0.73125 0.3442708333333333 0.08958333333333333 0.071875
1 0.22291666666666665 0.41041666666666665 0.075 0.10416666666666667
1 0.19479166666666667 0.13802083333333334 0.12708333333333333 0.09895833333333333
1 0.6802083333333333 0.6046875 0.09583333333333333 0.090625
0 0.8114583333333333 0.22447916666666667 0.13541666666666666 0.14895833333333333
0 0.5473958333333333 0.225 0.15520833333333334 0.09375
0 0.4265625 0.3614583333333333 0.09479166666666666 0.16875
0 0.340625 0.5473958333333333 0.125 0.140625
0 0.20677083333333332 0.6817708333333333 0.190625 0.09895833333333333
0 0.5380208333333333 0.6932291666666667 0.17395833333333333 0.08854166666666667
0 0.7635416666666667 0.84375 0.17291666666666666 0.09166666666666666
0 0.34270833333333334 0.88125 0.09375 0.15416666666666667
