1 0.3260416666666667 0.38177083333333334 0.0875 0.084375
1 0.6994791666666667 0.4192708333333333 0.071875 0.10520833333333333
2 0.46875 0.45625 0.035416666666666666 0.041666666666666664
0 0.5520833333333334 0.553125 0.13125 0.12291666666666666
0 0.7359375 0.5588541666666667 0.08645833333333333 0.165625
0 0.8880208333333334 0.7052083333333333 0.17604166666666665 0.09375
0 0.9130208333333333 0.4203125 0.090625 0.16354166666666667
0 0.7786458333333334 0.2328125 0.15520833333333334 0.14270833333333333
0 0.625 0.24687499999999998 0.09375 0.16666666666666666
0 0.484375 0.209375 0.09166666666666666 0.17291666666666666
0 0.2739583333333333 0.2421875 0.1625 0.11770833333333333
0 0.12447916666666667 0.6041666666666666 0.11562499999999999 0.15416666666666667
0 0.3177083333333333 0.6255208333333333 0.10208333333333333 0.140625
0 0.49374999999999997 0.8067708333333333 0.12708333333333333 0.11770833333333333
0 0.25625 0.8697916666666666 0.11041666666666666 0.16875
