1 0.1515625 0.365625 0.084375 0.06666666666666667
1 0.6098958333333333 0.10572916666666667 0.06979166666666667 0.096875
1 0.8135416666666666 0.17760416666666667 0.07916666666666666 0.06354166666666666
1 0.9208333333333333 0.7197916666666666 0.07708333333333334 0.075
1 0.27447916666666666 0.8526041666666666 0.08020833333333333 0.071875
0 0.3125 0.10833333333333334 0.13125 0.1
0 0.2828125 0.3390625 0.10520833333333333 0.13020833333333334
0 0.6098958333333333 0.2890625 0.13020833333333334 0.128125
0 0.4864583333333333 0.4427083333333333 0.14375 0.08125
0 0.23385416666666667 0.5354166666666667 0.165625 0.07916666666666666
0 0.4666666666666667 0.5833333333333334 0.08333333333333333 0.12916666666666665
0 0.8708333333333333 0.3385416666666667 0.0625 0.13125
0 0.9145833333333333 0.5354166666666667 0.08125 0.15208333333333332
0 0.8052083333333333 0.5578125 0.08958333333333333 0.12604166666666666
0 0.6536458333333334 0.5958333333333333 0.13229166666666667 0.075
0 0.6828125 0.7338541666666667 0.159375 0.08229166666666667
0 0.7317708333333334 0.8463541666666666 0.128125 0.11354166666666667
0 0.45260416666666664 0.8182291666666667 0.13020833333333334 0.10729166666666666
