1 0.4046875 0.5604166666666667 0.096875 0.09791666666666667
1 0.43697916666666664 0.7572916666666667 0.10104166666666667 0.08541666666666667
0 0.509375 0.15989583333333332 0.12708333333333333 0.090625
0 0.7911458333333333 0.203125 0.103125 0.1125
0 0.8963541666666667 0.4109375 0.07604166666666666 0.146875
0 0.7630208333333334 0.8494791666666667 0.128125 0.11770833333333333
0 0.6088541666666667 0.5671875 0.13645833333333332 0.10729166666666666
0 0.6015625 0.4348958333333333 0.12395833333333334 0.09895833333333333
0 0.603125 0.29010416666666666 0.10625 0.13645833333333332
0 0.2640625 0.22552083333333334 0.11770833333333333 0.09479166666666666
0 0.25729166666666664 0.40208333333333335 0.07291666666666667 0.16041666666666665
0 0.2859375 0.7583333333333333 0.08645833333333333 0.15625
