1 0.12395833333333334 0.31614583333333335 0.08125 0.10729166666666666
1 0.45729166666666665 0.38177083333333334 0.1125 0.08020833333333333
1 0.8791666666666667 0.3140625 0.09583333333333333 0.09895833333333333
1 0.7723958333333333 0.8333333333333334 0.09895833333333333 0.10625
0 0.6942708333333333 0.15208333333333332 0.140625 0.15208333333333332
0 0.7588541666666666 0.4317708333333333 0.14895833333333333 0.165625
0 0.784375 0.6229166666666667 0.14791666666666667 0.12291666666666666
0 0.6208333333333333 0.40572916666666664 0.09166666666666666 0.178125
0 0.6364583333333333 0.6520833333333333 0.11666666666666667 0.17291666666666666
0 0.47031249999999997 0.8666666666666667 0.09479166666666666 0.17083333333333334
0 0.4671875 0.6364583333333333 0.14895833333333333 0.13541666666666666
0 0.26927083333333335 0.7348958333333333 0.13854166666666667 0.178125
0 0.14947916666666666 0.6302083333333334 0.165625 0.1125
0 0.26979166666666665 0.44635416666666666 0.0875 0.178125
0 0.4734375 0.18489583333333334 0.16979166666666667 0.10729166666666666
0 0.21875 0.18072916666666666 0.18125 0.08854166666666667
