0 0.21510416666666665 0.14479166666666665 0.09270833333333334 0.17916666666666667
0 0.4786458333333333 0.1578125 0.121875 0.153125
0 0.4947916666666667 0.3546875 0.17083333333333334 0.10520833333333333
0 0.8395833333333333 0.3848958333333333 0.12916666666666665 0.14479166666666665
0 0.65 0.5614583333333333 0.10833333333333334 0.16875
0 0.4453125 0.5677083333333334 0.15104166666666666 0.15208333333333332
0 0.3796875 0.8156249999999999 0.12604166666666666 0.18958333333333333
0 0.6458333333333334 0.8401041666666667 0.1625 0.08229166666666667
0 0.24427083333333333 0.6375 0.10104166666666667 0.175
1 0.8734375 0.5510416666666667 0.11562499999999999 0.07291666666666667
1 0.26666666666666666 0.3171875 0.10208333333333333 0.09895833333333333
1 0.7322916666666667 0.20729166666666665 0.08125 0.11458333333333333
