1 0.3848958333333333 0.11041666666666666 0.096875 0.075
1 0.7375 0.12083333333333333 0.12083333333333333 0.1125
1 0.6604166666666667 0.6953125 0.07916666666666666 0.10520833333333333
1 0.4067708333333333 0.7463541666666667 0.10104166666666667 0.10729166666666666
0 0.8744791666666667 0.2635416666666667 0.15104166666666666 0.08125
0 0.728125 0.346875 0.16666666666666666 0.11041666666666666
0 0.471875 0.228125 0.09166666666666666 0.18333333333333332
0 0.24479166666666666 0.35625 0.09583333333333333 0.16458333333333333
0 0.4401041666666667 0.40572916666666664 0.13854166666666667 0.10729166666666666
0 0.3536458333333333 0.5578125 0.09270833333333334 0.171875
0 0.621875 0.5223958333333333 0.125 0.13229166666666667
0 0.8432291666666667 0.5739583333333333 0.178125 0.10416666666666667
0 0.8734375 0.7333333333333333 0.14479166666666665 0.11666666666666667
0 0.5552083333333333 0.7505208333333333 0.08125 0.16770833333333332
0 0.2760416666666667 0.8333333333333334 0.08958333333333333 0.19166666666666665
