1 0.6588541666666666 0.18020833333333333 0.10729166666666666 0.09166666666666666
1 0.8677083333333333 0.8046875 0.11041666666666666 0.08020833333333333
1 0.12916666666666665 0.7140625 0.11041666666666666 0.103125
0 0.4536458333333333 0.13020833333333334 0.153125 0.13958333333333334
0 0.16770833333333332 0.32135416666666666 0.10833333333333334 0.17395833333333333
0 0.16458333333333333 0.5192708333333333 0.1625 0.08229166666666667
0 0.37395833333333334 0.3697916666666667 0.11875 0.175
0 0.5255208333333333 0.3572916666666667 0.090625 0.18333333333333332
0 0.8286458333333333 0.26510416666666664 0.17395833333333333 0.08645833333333333
0 0.8312499999999999 0.47239583333333335 0.19583333333333333 0.096875
0 0.7421875 0.5979166666666667 0.12604166666666666 0.15833333333333333
0 0.56875 0.5713541666666666 0.14583333333333334 0.14895833333333333
0 0.31979166666666664 0.6020833333333333 0.15833333333333333 0.09166666666666666
0 0.3072916666666667 0.8109375 0.12291666666666666 0.18854166666666666
0 0.5203125 0.8239583333333333 0.13854166666666667 0.175
0 0.6432291666666666 0.7791666666666667 0.146875 0.14791666666666667
