1 0.49895833333333334 0.44479166666666664 0.09166666666666666 0.10416666666666667
0 0.7119791666666666 0.1203125 0.10729166666666666 0.16145833333333334
0 0.28541666666666665 0.10520833333333333 0.09375 0.17916666666666667
0 0.2765625 0.4765625 0.07395833333333333 0.184375
0 0.5046875 0.7286458333333333 0.12395833333333334 0.159375
0 0.2895833333333333 0.85 0.17083333333333334 0.08958333333333333
0 0.665625 0.8604166666666666 0.09583333333333333 0.16666666666666666
0 0.8541666666666666 0.6760416666666667 0.10625 0.12708333333333333
0 0.8130208333333333 0.5135416666666667 0.14479166666666665 0.11875
0 0.7401041666666667 0.30416666666666664 0.12395833333333334 0.15625
0 0.5109375 0.20781249999999998 0.109375 0.140625
