1 0.5348958333333333 0.4739583333333333 0.07604166666666666 0.09166666666666666
1 0.6125 0.7432291666666666 0.07083333333333333 0.07604166666666666
0 0.4942708333333333 0.20104166666666667 0.11562499999999999 0.125
0 0.3619791666666667 0.23020833333333332 0.11354166666666667 0.10416666666666667
0 0.30104166666666665 0.3848958333333333 0.1375 0.09479166666666666
0 0.4895833333333333 0.5890625 0.08125 0.121875
0 0.33958333333333335 0.6197916666666666 0.08125 0.14166666666666666
0 0.27760416666666665 0.8432291666666667 0.13854166666666667 0.12604166666666666
0 0.4947916666666667 0.8338541666666667 0.12708333333333333 0.10104166666666667
0 0.75 0.675 0.10833333333333334 0.14583333333333334
0 0.8307291666666666 0.4984375 0.16145833333333334 0.09479166666666666
0 0.6395833333333333 0.3385416666666667 0.16041666666666665 0.07083333333333333
