1 0.2739583333333333 0.1890625 0.09583333333333333 0.10104166666666667
1 0.8140625 0.24895833333333334 0.11770833333333333 0.09583333333333333
1 0.9166666666666666 0.7140625 0.12916666666666665 0.08645833333333333
0 0.49895833333333334 0.17135416666666667 0.08333333333333333 0.20729166666666665
0 0.6005208333333333 0.3380208333333333 0.134375 0.13854166666666667
0 0.4322916666666667 0.4145833333333333 0.13958333333333334 0.13958333333333334
0 0.1703125 0.3536458333333333 0.08645833333333333 0.171875
0 0.2838541666666667 0.5182291666666666 0.12395833333333334 0.16979166666666667
0 0.1796875 0.7729166666666667 0.14270833333333333 0.14791666666666667
0 0.4609375 0.8630208333333333 0.13229166666666667 0.12395833333333334
0 0.5041666666666667 0.60625 0.09583333333333333 0.18333333333333332
0 0.7203125 0.6276041666666666 0.084375 0.19895833333333332
0 0.7395833333333334 0.8619791666666666 0.14166666666666666 0.165625
0 0.9010416666666666 0.5536458333333333 0.16041666666666665 0.12604166666666666
