0 0.33541666666666664 0.25364583333333335 0.15416666666666667 0.096875
0 0.25885416666666666 0.378125 0.11145833333333333 0.11666666666666667
0 0.4734375 0.4036458333333333 0.11354166666666667 0.11770833333333333
0 0.5010416666666666 0.22604166666666667 0.10625 0.11041666666666666
0 0.7317708333333334 0.4276041666666667 0.146875 0.10520833333333333
0 0.8822916666666667 0.496875 0.15 0.09791666666666667
0 0.7927083333333333 0.771875 0.09166666666666666 0.13333333333333333
0 0.6135416666666667 0.6229166666666667 0.11875 0.14583333333333334
0 0.50625 0.8395833333333333 0.06666666666666667 0.13958333333333334
0 0.28541666666666665 0.8239583333333333 0.12083333333333333 0.12708333333333333
1 0.37604166666666666 0.7088541666666667 0.06666666666666667 0.07604166666666666
1 0.6994791666666667 0.26979166666666665 0.078125 0.08333333333333333
