0 0.7713541666666667 0.31614583333333335 0.15520833333333334 0.078125
0 0.5473958333333333 0.5619791666666667 0.121875 0.103125
0 0.6244791666666667 0.684375 0.12604166666666666 0.08541666666666667
0 0.5609375 0.8760416666666666 0.09895833333333333 0.15625
0 0.37864583333333335 0.7526041666666666 0.14270833333333333 0.08020833333333333
0 0.24270833333333333 0.6786458333333333 0.16041666666666665 0.08854166666666667
0 0.33541666666666664 0.5244791666666666 0.13125 0.09895833333333333
0 0.2546875 0.36666666666666664 0.13020833333333334 0.11666666666666667
0 0.3015625 0.17135416666666667 0.084375 0.153125
0 0.5723958333333333 0.2015625 0.13645833333333332 0.07395833333333333
1 0.4322916666666667 0.2973958333333333 0.09583333333333333 0.071875
1 0.7713541666666667 0.4536458333333333 0.09270833333333334 0.06145833333333333
1 0.7796875 0.5848958333333333 0.078125 0.065625
1 0.7796875 0.6994791666666667 0.06770833333333333 0.06770833333333333
