0 0.4557291666666667 0.15520833333333334 0.13854166666666667 0.12291666666666666
0 0.31354166666666666 0.18020833333333333 0.11666666666666667 0.12291666666666666
0 0.346875 0.3364583333333333 0.0875 0.14583333333333334
0 0.5552083333333333 0.509375 0.17083333333333334 0.09375
0 0.7421875 0.4145833333333333 0.11354166666666667 0.10625
0 0.8479166666666667 0.3645833333333333 0.175 0.07708333333333334
0 0.7338541666666667 0.25677083333333334 0.071875 0.16354166666666667
0 0.915625 0.5807291666666666 0.0875 0.15520833333333334
0 0.6916666666666667 0.6151041666666667 0.1375 0.096875
0 0.5322916666666666 0.675 0.06666666666666667 0.16458333333333333
0 0.3098958333333333 0.6359375 0.146875 0.084375
0 0.38958333333333334 0.8354166666666667 0.12708333333333333 0.09166666666666666
1 0.7552083333333334 0.8213541666666666 0.09166666666666666 0.08645833333333333
1 0.5541666666666667 0.38125 0.09166666666666666 0.06875
1 0.6364583333333333 0.16666666666666666 0.09166666666666666 0.06875
