0 0.24375 0.1828125 0.08125 0.159375
0 0.4630208333333333 0.1859375 0.078125 0.14479166666666665
0 0.7114583333333333 0.1328125 0.125 0.13020833333333334
0 0.7953125 0.3854166666666667 0.14479166666666665 0.13125
0 0.865625 0.6864583333333333 0.12916666666666665 0.1375
0 0.4692708333333333 0.7098958333333333 0.08229166666666667 0.165625
0 0.6270833333333333 0.7932291666666667 0.14166666666666666 0.08229166666666667
0 0.46041666666666664 0.40572916666666664 0.14791666666666667 0.08229166666666667
0 0.259375 0.6171875 0.07916666666666666 0.15520833333333334
1 0.6010416666666667 0.5364583333333334 0.07083333333333333 0.10625
