1 0.5828125 0.2994791666666667 0.08020833333333333 0.10729166666666666
1 0.3421875 0.4380208333333333 0.09895833333333333 0.11562499999999999
1 0.14270833333333333 0.7901041666666666 0.08958333333333333 0.109375
0 0.6760416666666667 0.20625 0.09375 0.15833333333333333
0 0.703125 0.471875 0.12291666666666666 0.15208333333333332
0 0.8755208333333333 0.44895833333333335 0.16979166666666667 0.08333333333333333
0 0.8604166666666666 0.753125 0.175 0.1
0 0.6635416666666667 0.8390624999999999 0.10416666666666667 0.16145833333333334
0 0.43697916666666664 0.84375 0.11562499999999999 0.17708333333333334
0 0.4630208333333333 0.6239583333333333 0.18229166666666666 0.08333333333333333
0 0.21614583333333334 0.525 0.096875 0.175
0 0.4817708333333333 0.39166666666666666 0.13229166666666667 0.13333333333333333
0 0.2375 0.23124999999999998 0.15416666666666667 0.11875
0 0.39479166666666665 0.1015625 0.1 0.17395833333333333
