0 0.3078125 0.3828125 0.165625 0.084375
0 0.5375 0.19479166666666667 0.14583333333333334 0.0875
0 0.6671875 0.28125 0.09270833333333334 0.14791666666666667
0 0.8203125 0.2984375 0.13645833333333332 0.096875
0 0.7817708333333333 0.528125 0.146875 0.08541666666666667
0 0.803125 0.7239583333333334 0.14375 0.11666666666666667
0 0.6203125 0.6973958333333333 0.09479166666666666 0.13854166666666667
0 0.41354166666666664 0.8427083333333333 0.14791666666666667 0.1
0 0.4473958333333333 0.6442708333333333 0.103125 0.140625
0 0.5557291666666666 0.371875 0.08645833333333333 0.13125
1 0.36822916666666666 0.21927083333333333 0.09479166666666666 0.059375
1 0.4359375 0.5192708333333333 0.06145833333333333 0.057291666666666664
1 0.7229166666666667 0.4458333333333333 0.07708333333333334 0.0625
