1 0.47552083333333334 0.06979166666666667 0.08645833333333333 0.11458333333333333
1 0.7234375 0.1421875 0.09895833333333333 0.08854166666666667
1 0.7666666666666666 0.3885416666666667 0.08333333333333333 0.10416666666666667
1 0.6463541666666667 0.7645833333333333 0.08854166666666667 0.09583333333333333
0 0.8609375 0.6177083333333333 0.084375 0.19375
0 0.9130208333333333 0.3302083333333333 0.096875 0.17083333333333334
0 0.6739583333333333 0.2630208333333333 0.19583333333333333 0.08645833333333333
0 0.40989583333333335 0.240625 0.18854166666666666 0.10625
0 0.24739583333333334 0.3177083333333333 0.09895833333333333 0.18333333333333332
0 0.17239583333333333 0.5802083333333333 0.096875 0.19166666666666665
0 0.1921875 0.8223958333333333 0.171875 0.11562499999999999
0 0.5026041666666666 0.9244791666666666 0.17395833333333333 0.11145833333333333
0 0.3489583333333333 0.6307291666666667 0.08958333333333333 0.190625
0 0.49374999999999997 0.6645833333333333 0.1 0.16666666666666666
0 0.6557291666666667 0.5536458333333333 0.16979166666666667 0.10104166666666667
0 0.4984375 0.4609375 0.171875 0.11979166666666667
