1 0.8541666666666666 0.4322916666666667 0.1 0.075
1 0.33125 0.1 0.08333333333333333 0.07708333333333334
1 0.7838541666666666 0.8484375 0.078125 0.10520833333333333
0 0.8692708333333333 0.6005208333333333 0.140625 0.12604166666666666
0 0.7739583333333333 0.16927083333333334 0.16875 0.084375
0 0.6994791666666667 0.3307291666666667 0.14270833333333333 0.103125
0 0.5526041666666667 0.2557291666666667 0.08854166666666667 0.16979166666666667
0 0.5140625 0.5005208333333333 0.16354166666666667 0.08854166666666667
0 0.6895833333333333 0.640625 0.14583333333333334 0.09375
0 0.2786458333333333 0.32447916666666665 0.15104166666666666 0.12604166666666666
0 0.20833333333333334 0.5510416666666667 0.18125 0.10208333333333333
0 0.4 0.6770833333333334 0.17083333333333334 0.09791666666666667
0 0.30052083333333335 0.8333333333333334 0.09270833333333334 0.19583333333333333
0 0.5505208333333333 0.8703124999999999 0.10104166666666667 0.18645833333333334
