0 0.31354166666666666 0.16354166666666667 0.09583333333333333 0.14791666666666667
0 0.2916666666666667 0.34479166666666666 0.16666666666666666 0.08333333333333333
0 0.5791666666666666 0.29270833333333335 0.12083333333333333 0.13333333333333333
0 0.7802083333333333 0.2640625 0.15416666666666667 0.14895833333333333
0 0.759375 0.5197916666666667 0.17083333333333334 0.09791666666666667
0 0.8114583333333333 0.8411458333333334 0.16041666666666665 0.12604166666666666
0 0.5197916666666667 0.540625 0.0875 0.16666666666666666
0 0.2953125 0.515625 0.121875 0.13333333333333333
0 0.25729166666666664 0.7119791666666666 0.15 0.11354166666666667
1 0.40260416666666665 0.8692708333333333 0.10104166666666667 0.10520833333333333
1 0.6328125 0.6697916666666667 0.090625 0.09791666666666667
1 0.8557291666666667 0.4239583333333333 0.084375 0.07083333333333333
1 0.5520833333333334 0.13958333333333334 0.1 0.0875
