0 0.17291666666666666 0.2869791666666667 0.10833333333333334 0.165625
0 0.25677083333333334 0.3833333333333333 0.12395833333333334 0.15833333333333333
0 0.3572916666666667 0.23906249999999998 0.1375 0.140625
0 0.5692708333333333 0.3765625 0.15520833333333334 0.09895833333333333
0 0.778125 0.3854166666666667 0.16458333333333333 0.08541666666666667
0 0.7463541666666667 0.5385416666666667 0.16770833333333332 0.10208333333333333
0 0.8692708333333333 0.628125 0.17604166666666665 0.11875
0 0.778125 0.778125 0.14583333333333334 0.10208333333333333
0 0.6536458333333334 0.5953125 0.11562499999999999 0.13229166666666667
0 0.42604166666666665 0.48020833333333335 0.15416666666666667 0.11875
0 0.36354166666666665 0.5942708333333333 0.10416666666666667 0.15520833333333334
0 0.2661458333333333 0.7796875 0.11770833333333333 0.165625
0 0.6895833333333333 0.25416666666666665 0.17291666666666666 0.07916666666666666
0 0.8479166666666667 0.203125 0.12916666666666665 0.16875
1 0.48385416666666664 0.16822916666666665 0.11770833333333333 0.08854166666666667
1 0.4890625 0.7255208333333333 0.109375 0.06979166666666667
