0 0.20989583333333334 0.146875 0.11979166666666667 0.1125
0 0.48125 0.2921875 0.1375 0.09270833333333334
0 0.2921875 0.340625 0.14479166666666665 0.08541666666666667
0 0.2171875 0.5484375 0.13020833333333334 0.11145833333333333
0 0.8161458333333333 0.4947916666666667 0.16770833333333332 0.07083333333333333
0 0.7703125 0.6338541666666666 0.140625 0.08854166666666667
0 0.4739583333333333 0.6401041666666667 0.0875 0.13020833333333334
0 0.81875 0.8713541666666667 0.14583333333333334 0.071875
1 0.5541666666666667 0.8557291666666667 0.08541666666666667 0.071875
1 0.44375 0.403125 0.08541666666666667 0.058333333333333334
1 0.6796875 0.2916666666666667 0.08229166666666667 0.08333333333333333
