0 0.2552083333333333 0.3333333333333333 0.125 0.1375
0 0.4848958333333333 0.403125 0.11979166666666667 0.15208333333333332
0 0.7036458333333333 0.4125 0.14479166666666665 0.10208333333333333
0 0.7041666666666666 0.16510416666666666 0.17083333333333334 0.09895833333333333
0 0.8505208333333333 0.3484375 0.16770833333333332 0.084375
0 0.6630208333333333 0.5302083333333333 0.15729166666666666 0.08541666666666667
0 0.690625 0.6963541666666666 0.13541666666666666 0.07604166666666666
0 0.428125 0.590625 0.09583333333333333 0.13541666666666666
0 0.26510416666666664 0.7536458333333333 0.140625 0.128125
1 0.6 0.8645833333333334 0.10208333333333333 0.09166666666666666
1 0.8635416666666667 0.803125 0.11666666666666667 0.08541666666666667
1 0.44947916666666665 0.22552083333333334 0.08854166666666667 0.11145833333333333
