1 0.6583333333333333 0.3723958333333333 0.11041666666666666 0.06979166666666667
1 0.7046875 0.5927083333333333 0.084375 0.10416666666666667
1 0.496875 0.7046875 0.11458333333333333 0.06979166666666667
1 0.4635416666666667 0.5557291666666666 0.09583333333333333 0.09270833333333334
0 0.6203125 0.18072916666666666 0.12604166666666666 0.14895833333333333
0 0.42083333333333334 0.23124999999999998 0.11666666666666667 0.17291666666666666
0 0.21510416666666665 0.26875 0.10729166666666666 0.1375
0 0.33541666666666664 0.4583333333333333 0.1625 0.1125
0 0.2833333333333333 0.7020833333333333 0.08958333333333333 0.17291666666666666
0 0.75 0.8473958333333333 0.15 0.11354166666666667
0 0.8895833333333333 0.6677083333333333 0.17291666666666666 0.10625
