0 0.3421875 0.284375 0.13229166666666667 0.15416666666666667
0 0.378125 0.10260416666666666 0.13333333333333333 0.159375
0 0.6364583333333333 0.15885416666666666 0.13333333333333333 0.16145833333333334
0 0.7932291666666667 0.23072916666666665 0.09270833333333334 0.16145833333333334
0 0.6859375 0.43854166666666666 0.178125 0.12083333333333333
0 0.5270833333333333 0.35104166666666664 0.16666666666666666 0.14166666666666666
0 0.22916666666666666 0.39166666666666666 0.15 0.15416666666666667
0 0.5369791666666667 0.590625 0.17395833333333333 0.09375
0 0.7520833333333333 0.6328125 0.11875 0.16979166666666667
0 0.7578125 0.8828125 0.11354166666666667 0.17395833333333333
0 0.4614583333333333 0.7848958333333333 0.15833333333333333 0.10729166666666666
0 0.21510416666666665 0.6588541666666666 0.15729166666666666 0.10520833333333333
1 0.1515625 0.5161458333333333 0.103125 0.090625
1 0.26510416666666664 0.8442708333333333 0.109375 0.078125
1 0.8432291666666667 0.7708333333333334 0.06145833333333333 0.10416666666666667
1 0.8755208333333333 0.47604166666666664 0.109375 0.06041666666666667
