0 0.5677083333333334 0.12708333333333333 0.17083333333333334 0.10833333333333334
0 0.7583333333333333 0.23333333333333334 0.16875 0.1125
0 0.6802083333333333 0.5005208333333333 0.1375 0.140625
0 0.5328125 0.771875 0.17395833333333333 0.11875
0 0.2015625 0.7359375 0.20104166666666667 0.10104166666666667
0 0.3286458333333333 0.5489583333333333 0.14270833333333333 0.14791666666666667
0 0.54375 0.5510416666666667 0.09791666666666667 0.14375
0 0.5302083333333333 0.303125 0.17708333333333334 0.09583333333333333
0 0.30416666666666664 0.12916666666666665 0.09166666666666666 0.17291666666666666
1 0.29791666666666666 0.28541666666666665 0.09166666666666666 0.07708333333333334
1 0.8604166666666666 0.509375 0.09791666666666667 0.1
1 0.7880208333333333 0.7567708333333333 0.07395833333333333 0.09479166666666666
1 0.2552083333333333 0.8973958333333333 0.08541666666666667 0.078125
