0 0.22083333333333333 0.21614583333333334 0.11875 0.14895833333333333
0 0.5473958333333333 0.11041666666666666 0.16145833333333334 0.1
0 0.7286458333333333 0.2734375 0.090625 0.14270833333333333
0 0.6015625 0.35625 0.15520833333333334 0.07916666666666666
0 0.42864583333333334 0.23854166666666665 0.103125 0.14583333333333334
0 0.12135416666666667 0.50625 0.103125 0.15625
0 0.22083333333333333 0.603125 0.1125 0.13541666666666666
0 0.36614583333333334 0.8239583333333333 0.11979166666666667 0.17708333333333334
0 0.4265625 0.5067708333333333 0.14270833333333333 0.096875
0 0.6848958333333334 0.5114583333333333 0.08645833333333333 0.14166666666666666
0 0.8791666666666667 0.6333333333333333 0.12708333333333333 0.13958333333333334
0 0.7239583333333334 0.7671875 0.1125 0.140625
1 0.32135416666666666 0.334375 0.109375 0.0875
1 0.8833333333333333 0.4171875 0.07708333333333334 0.07604166666666666
1 0.5229166666666667 0.6307291666666667 0.09375 0.08645833333333333
1 0.571875 0.9239583333333333 0.07708333333333334 0.0875
