0 0.2625 0.184375 0.09583333333333333 0.1375
0 0.53125 0.10989583333333333 0.12291666666666666 0.084375
0 0.5734375 0.340625 0.140625 0.06875
0 0.8171875 0.3796875 0.084375 0.15104166666666666
0 0.8822916666666667 0.7052083333333333 0.14791666666666667 0.0875
0 0.6864583333333333 0.5828125 0.1 0.13229166666666667
0 0.7151041666666667 0.8223958333333333 0.10729166666666666 0.13854166666666667
0 0.2546875 0.5265625 0.07395833333333333 0.121875
0 0.2557291666666667 0.7984375 0.08645833333333333 0.15729166666666666
1 0.21041666666666667 0.29583333333333334 0.06875 0.09583333333333333
1 0.41041666666666665 0.8005208333333333 0.075 0.096875
1 0.5041666666666667 0.6838541666666667 0.075 0.071875
