0 0.41770833333333335 0.30625 0.12916666666666665 0.12916666666666665
0 0.23072916666666665 0.296875 0.13020833333333334 0.14791666666666667
0 0.3421875 0.4817708333333333 0.096875 0.16145833333333334
0 0.5182291666666666 0.4536458333333333 0.14479166666666665 0.084375
0 0.6921875 0.35 0.11770833333333333 0.1125
0 0.590625 0.22708333333333333 0.12708333333333333 0.10625
0 0.7984375 0.6078125 0.16979166666666667 0.071875
0 0.78125 0.8130208333333333 0.15208333333333332 0.10104166666666667
0 0.5567708333333333 0.8510416666666667 0.13229166666666667 0.11875
0 0.5151041666666667 0.6260416666666666 0.18229166666666666 0.075
0 0.196875 0.5927083333333333 0.16666666666666666 0.08125
0 0.3796875 0.7901041666666666 0.14270833333333333 0.09479166666666666
1 0.26875 0.6744791666666666 0.09166666666666666 0.09895833333333333
1 0.6776041666666667 0.6677083333333333 0.10520833333333333 0.07708333333333334
1 0.7479166666666667 0.4614583333333333 0.10833333333333334 0.075
1 0.8755208333333333 0.3375 0.06354166666666666 0.10833333333333334
1 0.43906249999999997 0.1109375 0.11354166666666667 0.084375
