1 0.2635416666666667 0.30833333333333335 0.08958333333333333 0.09375
1 0.8817708333333333 0.5953125 0.109375 0.09479166666666666
0 0.3 0.11666666666666667 0.13125 0.13541666666666666
0 0.5036458333333333 0.16979166666666667 0.10520833333333333 0.15833333333333333
0 0.5046875 0.3151041666666667 0.159375 0.12604166666666666
0 0.20729166666666665 0.5416666666666666 0.18958333333333333 0.0875
0 0.3770833333333333 0.46822916666666664 0.09166666666666666 0.16354166666666667
0 0.23489583333333333 0.8052083333333333 0.11562499999999999 0.14375
0 0.41354166666666664 0.7125 0.11875 0.15416666666666667
0 0.6046875 0.6223958333333334 0.16979166666666667 0.090625
0 0.65625 0.859375 0.16666666666666666 0.10416666666666667
0 0.85625 0.7875 0.10416666666666667 0.175
0 0.6770833333333334 0.484375 0.16458333333333333 0.11458333333333333
0 0.7671875 0.3359375 0.08854166666666667 0.17604166666666665
0 0.7151041666666667 0.14375 0.15104166666666666 0.13125
