1 0.8947916666666667 0.43645833333333334 0.10625 0.07708333333333334
1 0.45260416666666664 0.8442708333333333 0.08020833333333333 0.07395833333333333
1 0.6734375 0.8604166666666666 0.12395833333333334 0.09583333333333333
0 0.35 0.178125 0.13125 0.14166666666666666
0 0.521875 0.2203125 0.16666666666666666 0.10729166666666666
0 0.7 0.31979166666666664 0.125 0.17708333333333334
0 0.6854166666666667 0.48541666666666666 0.14791666666666667 0.12291666666666666
0 0.30885416666666665 0.3567708333333333 0.121875 0.18645833333333334
0 0.22291666666666665 0.5447916666666667 0.17916666666666667 0.09166666666666666
0 0.48333333333333334 0.5307291666666667 0.09375 0.19270833333333334
0 0.7703125 0.7015625 0.11562499999999999 0.165625
0 0.28802083333333334 0.7276041666666666 0.11354166666666667 0.18645833333333334
