1 0.6197916666666666 0.24635416666666665 0.09791666666666667 0.08020833333333333
1 0.9052083333333333 0.7119791666666666 0.06666666666666667 0.11770833333333333
1 0.47031249999999997 0.8859374999999999 0.078125 0.08645833333333333
0 0.6296875 0.09895833333333333 0.15520833333333334 0.10208333333333333
0 0.8578125 0.20052083333333334 0.178125 0.090625
0 0.8875 0.45729166666666665 0.10625 0.17291666666666666
0 0.7588541666666666 0.4927083333333333 0.09270833333333334 0.17083333333333334
0 0.6015625 0.4223958333333333 0.090625 0.16354166666666667
0 0.6546875 0.6427083333333333 0.08645833333333333 0.18125
0 0.5348958333333333 0.7265625 0.09895833333333333 0.17395833333333333
0 0.4244791666666667 0.5682291666666667 0.18020833333333333 0.08229166666666667
0 0.23124999999999998 0.6817708333333333 0.11041666666666666 0.178125
0 0.14895833333333333 0.45260416666666664 0.12708333333333333 0.13645833333333332
0 0.28489583333333335 0.31354166666666666 0.09895833333333333 0.15833333333333333
0 0.3802083333333333 0.13072916666666667 0.16875 0.11145833333333333
