0 0.43385416666666665 0.2015625 0.190625 0.096875
0 0.1671875 0.3333333333333333 0.159375 0.17708333333333334
0 0.26510416666666664 0.4739583333333333 0.09270833333333334 0.15833333333333333
0 0.340625 0.6255208333333333 0.08958333333333333 0.20520833333333333
0 0.48593749999999997 0.6557291666666667 0.09479166666666666 0.21145833333333333
0 0.4661458333333333 0.4322916666666667 0.08020833333333333 0.10833333333333334
0 0.7598958333333333 0.7588541666666666 0.09479166666666666 0.190625
0 0.7630208333333334 0.20208333333333334 0.09270833333333334 0.18958333333333333
0 0.7901041666666666 0.40208333333333335 0.21145833333333333 0.09791666666666667
0 0.41041666666666665 0.8661458333333333 0.16041666666666665 0.121875
1 0.18854166666666666 0.7020833333333333 0.075 0.09166666666666666
1 0.6354166666666666 0.5130208333333334 0.09166666666666666 0.11145833333333333
1 0.88125 0.5614583333333333 0.0875 0.1125
