1 0.5625 0.43697916666666664 0.08541666666666667 0.109375
1 0.46510416666666665 0.8447916666666666 0.11145833333333333 0.11041666666666666
0 0.22760416666666666 0.1421875 0.090625 0.16145833333333334
0 0.44479166666666664 0.171875 0.09166666666666666 0.16666666666666666
0 0.6588541666666666 0.32708333333333334 0.171875 0.0875
0 0.8447916666666666 0.425 0.16666666666666666 0.07916666666666666
0 0.8859374999999999 0.5729166666666666 0.15520833333333334 0.08125
0 0.7947916666666667 0.7276041666666666 0.14791666666666667 0.13645833333333332
0 0.5302083333333333 0.5723958333333333 0.08958333333333333 0.16354166666666667
0 0.41875 0.6619791666666667 0.1625 0.090625
0 0.19791666666666666 0.5947916666666666 0.10416666666666667 0.18333333333333332
0 0.3078125 0.44635416666666666 0.11979166666666667 0.146875
0 0.40625 0.3208333333333333 0.17916666666666667 0.075
