1 0.2583333333333333 0.17916666666666667 0.125 0.12708333333333333
2 0.07604166666666666 0.5135416666666667 0.05 0.07708333333333334
0 0.44479166666666664 0.19114583333333332 0.11875 0.11770833333333333
0 0.6692708333333334 0.20677083333333332 0.090625 0.140625
0 0.7838541666666666 0.15625 0.10520833333333333 0.17291666666666666
0 0.7723958333333333 0.44635416666666666 0.190625 0.103125
0 0.4770833333333333 0.4947916666666667 0.125 0.15625
0 0.6473958333333333 0.734375 0.15520833333333334 0.11041666666666666
0 0.4640625 0.8791666666666667 0.08854166666666667 0.19375
0 0.23854166666666665 0.6895833333333333 0.15208333333333332 0.14791666666666667
