0 0.15677083333333333 0.19427083333333334 0.190625 0.12395833333333334
0 0.41875 0.2015625 0.10208333333333333 0.178125
0 0.6614583333333334 0.2046875 0.09583333333333333 0.17604166666666665
0 0.49114583333333334 0.5098958333333333 0.11770833333333333 0.16770833333333332
0 0.7838541666666666 0.7572916666666667 0.12604166666666666 0.16875
0 0.5625 0.803125 0.14375 0.15416666666666667
0 0.3651041666666667 0.8822916666666667 0.19270833333333334 0.10833333333333334
0 0.23802083333333332 0.7197916666666666 0.13229166666666667 0.16458333333333333
1 0.7651041666666667 0.49583333333333335 0.084375 0.09791666666666667
1 0.8213541666666666 0.25364583333333335 0.10729166666666666 0.11354166666666667
1 0.20416666666666666 0.35833333333333334 0.0875 0.10208333333333333
1 0.3109375 0.5703125 0.08645833333333333 0.08229166666666667
