0 0.25729166666666664 0.1953125 0.17708333333333334 0.109375
0 0.2578125 0.3359375 0.15520833333333334 0.128125
0 0.5046875 0.35520833333333335 0.146875 0.13958333333333334
0 0.6005208333333333 0.25729166666666664 0.09479166666666666 0.16875
0 0.8291666666666666 0.35520833333333335 0.18958333333333333 0.0875
0 0.7046875 0.48541666666666666 0.128125 0.14583333333333334
0 0.8765625 0.6125 0.10729166666666666 0.13541666666666666
0 0.6057291666666667 0.7010416666666667 0.096875 0.16875
0 0.4265625 0.584375 0.12604166666666666 0.16875
0 0.165625 0.596875 0.10625 0.16458333333333333
0 0.33541666666666664 0.7802083333333333 0.09166666666666666 0.20208333333333334
0 0.528125 0.865625 0.0875 0.18333333333333332
1 0.7557291666666667 0.8156249999999999 0.08854166666666667 0.11666666666666667
1 0.7171875 0.12343749999999999 0.121875 0.09270833333333334
1 0.5098958333333333 0.08385416666666666 0.057291666666666664 0.08229166666666667
