1 0.3776041666666667 0.384375 0.09270833333333334 0.058333333333333334
0 0.25364583333333335 0.30104166666666665 0.09895833333333333 0.11458333333333333
0 0.21197916666666666 0.5036458333333333 0.15520833333333334 0.09895833333333333
0 0.5635416666666666 0.3765625 0.13541666666666666 0.08020833333333333
0 0.5963541666666666 0.2713541666666667 0.13645833333333332 0.08020833333333333
0 0.7265625 0.36666666666666664 0.13229166666666667 0.11666666666666667
0 0.6947916666666667 0.6203125 0.1 0.13645833333333332
0 0.7270833333333333 0.7880208333333333 0.1125 0.15104166666666666
0 0.42864583333333334 0.6760416666666667 0.096875 0.15208333333333332
0 0.315625 0.8208333333333333 0.15833333333333333 0.08541666666666667
