1 0.5901041666666667 0.5182291666666666 0.10104166666666667 0.07395833333333333
1 0.5197916666666667 0.8723958333333334 0.07916666666666666 0.10104166666666667
0 0.27291666666666664 0.08958333333333333 0.19375 0.10416666666666667
0 0.5864583333333333 0.14375 0.17916666666666667 0.09583333333333333
0 0.7557291666666667 0.19791666666666666 0.09895833333333333 0.17708333333333334
0 0.43906249999999997 0.21302083333333333 0.16770833333333332 0.103125
0 0.6098958333333333 0.359375 0.11770833333333333 0.15208333333333332
0 0.3052083333333333 0.3625 0.1375 0.12083333333333333
0 0.453125 0.5135416666666667 0.08333333333333333 0.16041666666666665
0 0.3484375 0.5744791666666667 0.090625 0.16979166666666667
0 0.17708333333333334 0.690625 0.10625 0.16458333333333333
0 0.35260416666666666 0.8552083333333333 0.13020833333333334 0.15833333333333333
0 0.44635416666666666 0.7317708333333334 0.14270833333333333 0.121875
0 0.6203125 0.6369791666666667 0.15520833333333334 0.109375
0 0.7588541666666666 0.4927083333333333 0.13854166666666667 0.1625
0 0.8791666666666667 0.7135416666666666 0.16041666666666665 0.11875
0 0.7666666666666666 0.8916666666666666 0.17291666666666666 0.11041666666666666
