0 0.6609375 0.0921875 0.16979166666666667 0.09479166666666666
0 0.9234375 0.31666666666666665 0.14270833333333333 0.09375
0 0.6354166666666666 0.35572916666666665 0.19166666666666665 0.09270833333333334
0 0.7067708333333333 0.4942708333333333 0.16770833333333332 0.11979166666666667
0 0.8390624999999999 0.6546875 0.11562499999999999 0.165625
0 0.2109375 0.4145833333333333 0.171875 0.08958333333333333
0 0.5145833333333333 0.6682291666666667 0.19166666666666665 0.09479166666666666
1 0.49947916666666664 0.86875 0.09895833333333333 0.11666666666666667
1 0.3859375 0.2765625 0.09895833333333333 0.08854166666666667
2 0.09479166666666666 0.8296875 0.0625 0.05520833333333333
