1 0.8010416666666667 0.28072916666666664 0.08125 0.11979166666666667
1 0.48125 0.86875 0.08541666666666667 0.12916666666666665
0 0.6322916666666667 0.14895833333333333 0.1875 0.10625
0 0.3359375 0.121875 0.19479166666666667 0.0875
0 0.5432291666666667 0.36354166666666665 0.121875 0.16041666666666665
0 0.2942708333333333 0.40208333333333335 0.16145833333333334 0.12083333333333333
0 0.2578125 0.5958333333333333 0.10104166666666667 0.17708333333333334
0 0.6338541666666666 0.49322916666666666 0.178125 0.078125
0 0.8770833333333333 0.5 0.09791666666666667 0.19375
0 0.7067708333333333 0.6328125 0.178125 0.13645833333333332
0 0.6515625 0.7489583333333333 0.16770833333333332 0.14583333333333334
0 0.3963541666666667 0.7395833333333334 0.15729166666666666 0.12291666666666666
