1 0.6895833333333333 0.159375 0.09375 0.07291666666666667
1 0.690625 0.3703125 0.0875 0.10729166666666666
1 0.4979166666666667 0.8682291666666666 0.08541666666666667 0.11562499999999999
0 0.5276041666666667 0.17291666666666666 0.090625 0.15625
0 0.34270833333333334 0.2677083333333333 0.14375 0.15208333333333332
0 0.46979166666666666 0.4192708333333333 0.13541666666666666 0.14479166666666665
0 0.28072916666666664 0.5083333333333333 0.08854166666666667 0.175
0 0.23541666666666666 0.7854166666666667 0.12291666666666666 0.15625
0 0.45989583333333334 0.6421875 0.103125 0.16770833333333332
0 0.6125 0.5536458333333333 0.12916666666666665 0.13854166666666667
0 0.7942708333333334 0.6677083333333333 0.184375 0.08541666666666667
0 0.8708333333333333 0.3125 0.14583333333333334 0.07916666666666666
