0 0.7489583333333333 0.3828125 0.12083333333333333 0.13645833333333332
0 0.5932291666666667 0.284375 0.09270833333333334 0.13541666666666666
0 0.3052083333333333 0.2869791666666667 0.14791666666666667 0.09895833333333333
0 0.30052083333333335 0.44166666666666665 0.07395833333333333 0.14583333333333334
0 0.4270833333333333 0.484375 0.09166666666666666 0.13541666666666666
0 0.5822916666666667 0.5916666666666667 0.14166666666666666 0.08333333333333333
0 0.7442708333333333 0.6125 0.121875 0.125
0 0.6104166666666666 0.8713541666666667 0.11458333333333333 0.15520833333333334
0 0.3723958333333333 0.8296875 0.10520833333333333 0.14270833333333333
1 0.35104166666666664 0.6161458333333333 0.06041666666666667 0.071875
1 0.4588541666666667 0.22447916666666667 0.07604166666666666 0.07604166666666666
1 0.6536458333333334 0.4921875 0.08020833333333333 0.065625
1 0.8276041666666667 0.8046875 0.09270833333333334 0.071875
