0 0.4348958333333333 0.23072916666666665 0.178125 0.09895833333333333
0 0.284375 0.3734375 0.09375 0.184375
0 0.22343749999999998 0.6552083333333333 0.19270833333333334 0.13125
0 0.5286458333333334 0.47031249999999997 0.18854166666666666 0.08229166666666667
0 0.7760416666666666 0.31197916666666664 0.13541666666666666 0.17395833333333333
0 0.8416666666666667 0.4848958333333333 0.17916666666666667 0.109375
0 0.6046875 0.6161458333333333 0.171875 0.146875
0 0.3875 0.8255208333333334 0.16041666666666665 0.16770833333333332
0 0.6614583333333334 0.8619791666666666 0.08333333333333333 0.20729166666666665
0 0.8947916666666667 0.8286458333333333 0.14375 0.146875
1 0.7786458333333334 0.6026041666666666 0.10104166666666667 0.096875
