1 0.9197916666666667 0.584375 0.1 0.075
1 0.7145833333333333 0.7234375 0.10416666666666667 0.06354166666666666
1 0.8427083333333333 0.24375 0.06875 0.08541666666666667
0 0.3828125 0.11354166666666667 0.096875 0.13333333333333333
0 0.3380208333333333 0.3494791666666667 0.07604166666666666 0.146875
0 0.509375 0.3 0.13541666666666666 0.07708333333333334
0 0.6838541666666667 0.303125 0.13020833333333334 0.1
0 0.775 0.4401041666666667 0.175 0.08229166666666667
0 0.7026041666666667 0.5796875 0.128125 0.09479166666666666
0 0.534375 0.6125 0.1125 0.12916666666666665
0 0.5484375 0.8557291666666667 0.10104166666666667 0.14479166666666665
0 0.359375 0.5817708333333333 0.08541666666666667 0.153125
