1 0.29010416666666666 0.16041666666666665 0.109375 0.07708333333333334
1 0.8932291666666666 0.17083333333333334 0.11562499999999999 0.09375
1 0.9078125 0.7223958333333333 0.08854166666666667 0.08020833333333333
0 0.6546875 0.14166666666666666 0.14479166666666665 0.12083333333333333
0 0.8026041666666667 0.3015625 0.128125 0.146875
0 0.8427083333333333 0.48020833333333335 0.18333333333333332 0.12916666666666665
0 0.5041666666666667 0.2755208333333333 0.11875 0.15520833333333334
0 0.3453125 0.2864583333333333 0.10104166666666667 0.15625
0 0.2171875 0.5072916666666667 0.09895833333333333 0.21666666666666667
0 0.13645833333333332 0.7354166666666666 0.12916666666666665 0.19375
0 0.365625 0.5994791666666667 0.08333333333333333 0.20104166666666667
0 0.4046875 0.7536458333333333 0.16979166666666667 0.11770833333333333
0 0.7161458333333334 0.7692708333333333 0.16770833333333332 0.13229166666666667
0 0.6088541666666667 0.47760416666666666 0.121875 0.153125
0 0.5192708333333333 0.5515625 0.08020833333333333 0.14479166666666665
0 0.7135416666666666 0.6010416666666667 0.16458333333333333 0.07916666666666666
