0 0.2604166666666667 0.09114583333333333 0.15 0.14895833333333333
0 0.5286458333333334 0.15104166666666666 0.103125 0.1625
0 0.7427083333333333 0.24322916666666666 0.15416666666666667 0.13854166666666667
0 0.24427083333333333 0.4203125 0.15520833333333334 0.128125
0 0.47604166666666664 0.39166666666666666 0.16666666666666666 0.10833333333333334
0 0.24635416666666665 0.6265625 0.12604166666666666 0.16354166666666667
0 0.4869791666666667 0.6192708333333333 0.16979166666666667 0.10520833333333333
0 0.578125 0.8729166666666667 0.10625 0.17708333333333334
0 0.8098958333333334 0.6838541666666667 0.103125 0.165625
0 0.8520833333333333 0.5010416666666666 0.1125 0.16458333333333333
1 0.6630208333333333 0.5052083333333334 0.11770833333333333 0.06875
1 0.3260416666666667 0.8520833333333333 0.11041666666666666 0.09791666666666667
