0 0.7927083333333333 0.134375 0.10416666666666667 0.14583333333333334
0 0.5651041666666666 0.19739583333333333 0.17395833333333333 0.08645833333333333
0 0.8604166666666666 0.35052083333333334 0.12083333333333333 0.165625
0 0.20052083333333334 0.26197916666666665 0.16770833333333332 0.09270833333333334
0 0.3921875 0.3255208333333333 0.103125 0.159375
0 0.6947916666666667 0.396875 0.16041666666666665 0.11666666666666667
0 0.4421875 0.5067708333333333 0.14895833333333333 0.11354166666666667
0 0.17760416666666667 0.521875 0.159375 0.10416666666666667
0 0.24010416666666667 0.859375 0.17395833333333333 0.09375
0 0.75625 0.7875 0.18541666666666667 0.09375
0 0.5005208333333333 0.6895833333333333 0.13645833333333332 0.125
1 0.7020833333333333 0.5744791666666667 0.10208333333333333 0.08645833333333333
1 0.8671875 0.5640625 0.07395833333333333 0.10729166666666666
