0 0.30833333333333335 0.12239583333333333 0.15625 0.13229166666666667
0 0.5223958333333333 0.184375 0.11562499999999999 0.14375
0 0.7635416666666667 0.1625 0.15416666666666667 0.09375
0 0.8598958333333333 0.42552083333333335 0.159375 0.08229166666666667
0 0.746875 0.615625 0.14375 0.13541666666666666
0 0.7270833333333333 0.8796875 0.16041666666666665 0.134375
0 0.5447916666666667 0.7598958333333333 0.07916666666666666 0.19479166666666667
0 0.36614583333333334 0.6953125 0.08854166666666667 0.15520833333333334
0 0.15104166666666666 0.5677083333333334 0.16041666666666665 0.13958333333333334
0 0.3255208333333333 0.38229166666666664 0.15104166666666666 0.12708333333333333
1 0.5286458333333334 0.4453125 0.103125 0.09895833333333333
