0 0.1515625 0.23802083333333332 0.16770833333333332 0.128125
0 0.359375 0.3541666666666667 0.11041666666666666 0.19166666666666665
0 0.5546875 0.1578125 0.15104166666666666 0.13645833333333332
0 0.6869791666666667 0.23124999999999998 0.09270833333333334 0.16666666666666666
0 0.9083333333333333 0.24739583333333334 0.1375 0.16354166666666667
0 0.896875 0.49322916666666666 0.14791666666666667 0.153125
0 0.8583333333333333 0.7322916666666667 0.08958333333333333 0.19375
0 0.5973958333333333 0.5796875 0.146875 0.14270833333333333
0 0.6307291666666667 0.8333333333333334 0.18645833333333334 0.10208333333333333
0 0.5 0.6973958333333333 0.14375 0.15104166666666666
0 0.36614583333333334 0.521875 0.16979166666666667 0.10625
0 0.15520833333333334 0.496875 0.10833333333333334 0.17916666666666667
0 0.25885416666666666 0.8244791666666667 0.13229166666666667 0.16979166666666667
1 0.33489583333333334 0.14947916666666666 0.08645833333333333 0.10729166666666666
1 0.6260416666666666 0.3692708333333333 0.11041666666666666 0.09270833333333334
1 0.7140625 0.4578125 0.11145833333333333 0.08229166666666667
