0 0.42604166666666665 0.10677083333333333 0.13333333333333333 0.153125
0 0.32395833333333335 0.26875 0.09166666666666666 0.16041666666666665
0 0.44114583333333335 0.45416666666666666 0.16354166666666667 0.1
0 0.6916666666666667 0.6098958333333333 0.17083333333333334 0.084375
0 0.8291666666666666 0.3234375 0.10416666666666667 0.15104166666666666
0 0.565625 0.7328125 0.13958333333333334 0.11979166666666667
0 0.7505208333333333 0.8572916666666667 0.10729166666666666 0.175
0 0.4458333333333333 0.8453125 0.17291666666666666 0.103125
0 0.23697916666666666 0.5588541666666667 0.16770833333333332 0.12604166666666666
0 0.17552083333333332 0.7026041666666667 0.16770833333333332 0.09479166666666666
1 0.59375 0.3223958333333333 0.10416666666666667 0.08645833333333333
