1 0.6213541666666667 0.134375 0.121875 0.10416666666666667
1 0.19791666666666666 0.8541666666666666 0.10208333333333333 0.125
1 0.7645833333333333 0.7770833333333333 0.12916666666666665 0.0875
0 0.38697916666666665 0.16354166666666667 0.13854166666666667 0.10416666666666667
0 0.22239583333333332 0.37447916666666664 0.09895833333333333 0.18020833333333333
0 0.4067708333333333 0.4671875 0.17604166666666665 0.08645833333333333
0 0.2171875 0.6703125 0.16354166666666667 0.14895833333333333
0 0.3802083333333333 0.7619791666666667 0.15 0.153125
0 0.5380208333333333 0.7182291666666667 0.13229166666666667 0.15520833333333334
0 0.5890625 0.8932291666666666 0.15520833333333334 0.121875
0 0.8489583333333334 0.6302083333333334 0.10208333333333333 0.1875
0 0.6807291666666666 0.5661458333333333 0.11979166666666667 0.16770833333333332
0 0.6083333333333333 0.3802083333333333 0.175 0.12916666666666665
0 0.8588541666666667 0.38645833333333335 0.153125 0.15416666666666667
0 0.8489583333333334 0.1640625 0.16458333333333333 0.134375
