0 0.44479166666666664 0.19947916666666665 0.18333333333333332 0.13020833333333334
0 0.2609375 0.3098958333333333 0.18854166666666666 0.08854166666666667
0 0.14895833333333333 0.46197916666666666 0.09583333333333333 0.18645833333333334
0 0.18697916666666667 0.6817708333333333 0.10104166666666667 0.184375
0 0.5296875 0.7197916666666666 0.14479166666666665 0.16875
0 0.7197916666666666 0.6666666666666666 0.11666666666666667 0.18333333333333332
0 0.8703124999999999 0.6265625 0.16770833333333332 0.13229166666666667
0 0.6723958333333333 0.8890625 0.18020833333333333 0.096875
0 0.5208333333333334 0.4140625 0.19791666666666666 0.084375
0 0.7588541666666666 0.253125 0.13229166666666667 0.17916666666666667
0 0.7916666666666666 0.44635416666666666 0.16458333333333333 0.128125
1 0.6125 0.16666666666666666 0.07708333333333334 0.09375
1 0.4145833333333333 0.5520833333333334 0.09583333333333333 0.09791666666666667
1 0.3307291666666667 0.8479166666666667 0.08020833333333333 0.13125
