1 0.41302083333333334 0.41354166666666664 0.096875 0.10625
1 0.3677083333333333 0.5317708333333333 0.08333333333333333 0.078125
1 0.8567708333333334 0.3671875 0.10520833333333333 0.078125
0 0.30104166666666665 0.17708333333333334 0.16458333333333333 0.1375
0 0.20208333333333334 0.2635416666666667 0.1625 0.06666666666666667
0 0.13229166666666667 0.47604166666666664 0.12083333333333333 0.15
0 0.5671875 0.21145833333333333 0.134375 0.14791666666666667
0 0.5708333333333333 0.3692708333333333 0.17291666666666666 0.09895833333333333
0 0.8380208333333333 0.5552083333333333 0.13229166666666667 0.15
0 0.8963541666666667 0.8046875 0.14895833333333333 0.11979166666666667
0 0.6770833333333334 0.6276041666666666 0.12708333333333333 0.14479166666666665
0 0.5057291666666667 0.6760416666666667 0.17395833333333333 0.09375
0 0.575 0.8364583333333333 0.16875 0.09166666666666666
0 0.24583333333333332 0.8322916666666667 0.175 0.09375
0 0.15104166666666666 0.6489583333333333 0.1625 0.07916666666666666
