0 0.296875 0.2838541666666667 0.14791666666666667 0.078125
0 0.5046875 0.3125 0.11770833333333333 0.11458333333333333
0 0.6822916666666666 0.39375 0.10625 0.13333333333333333
0 0.8776041666666666 0.5166666666666666 0.07604166666666666 0.15416666666666667
0 0.8807291666666667 0.7229166666666667 0.06770833333333333 0.15416666666666667
0 0.6833333333333333 0.5822916666666667 0.14375 0.0875
0 0.22552083333333334 0.5958333333333333 0.13854166666666667 0.10208333333333333
0 0.3625 0.8276041666666667 0.08333333333333333 0.15104166666666666
1 0.5052083333333334 0.8432291666666667 0.07708333333333334 0.07395833333333333
1 0.7395833333333334 0.7895833333333333 0.08125 0.09166666666666666
1 0.49322916666666666 0.5838541666666667 0.06979166666666667 0.071875
1 0.22135416666666666 0.45416666666666666 0.071875 0.0875
