0 0.1671875 0.33541666666666664 0.071875 0.15
0 0.24583333333333332 0.5296875 0.15416666666666667 0.071875
0 0.31354166666666666 0.6890625 0.14791666666666667 0.08229166666666667
0 0.4192708333333333 0.8322916666666667 0.08020833333333333 0.16041666666666665
0 0.48541666666666666 0.39375 0.08333333333333333 0.14375
0 0.6473958333333333 0.5067708333333333 0.14479166666666665 0.08645833333333333
0 0.36875 0.22760416666666666 0.11458333333333333 0.09895833333333333
0 0.8833333333333333 0.3755208333333333 0.15625 0.08229166666666667
0 0.6572916666666666 0.30885416666666665 0.10625 0.15104166666666666
0 0.8385416666666666 0.6802083333333333 0.07708333333333334 0.1375
1 0.665625 0.7317708333333334 0.075 0.09270833333333334
1 0.5703125 0.19895833333333332 0.07395833333333333 0.09375
