0 0.49114583333333334 0.2604166666666667 0.11562499999999999 0.15416666666666667
0 0.7515625 0.31666666666666665 0.18229166666666666 0.0875
0 0.8442708333333333 0.5151041666666667 0.11145833333333333 0.18854166666666666
0 0.8442708333333333 0.7307291666666667 0.16770833333333332 0.121875
0 0.5671875 0.8005208333333333 0.159375 0.134375
0 0.471875 0.49947916666666664 0.16875 0.109375
0 0.196875 0.46822916666666664 0.20833333333333334 0.10104166666666667
0 0.2911458333333333 0.69375 0.103125 0.17708333333333334
1 0.5588541666666667 0.6140625 0.06979166666666667 0.06979166666666667
1 0.6911458333333333 0.19375 0.09270833333333334 0.09791666666666667
1 0.33541666666666664 0.19270833333333334 0.09791666666666667 0.1125
