1 0.3765625 0.14791666666666667 0.109375 0.125
1 0.6729166666666666 0.6651041666666666 0.07708333333333334 0.09479166666666666
0 0.5265625 0.121875 0.10729166666666666 0.175
0 0.7807291666666667 0.2171875 0.16145833333333334 0.090625
0 0.25885416666666666 0.28020833333333334 0.134375 0.1625
0 0.19583333333333333 0.4473958333333333 0.13541666666666666 0.146875
0 0.4505208333333333 0.428125 0.08854166666666667 0.16666666666666666
0 0.6182291666666666 0.39375 0.11979166666666667 0.14375
0 0.26979166666666665 0.671875 0.08541666666666667 0.18958333333333333
0 0.5098958333333333 0.79375 0.15520833333333334 0.14166666666666666
0 0.8114583333333333 0.5307291666666667 0.1 0.178125
0 0.734375 0.8130208333333333 0.13541666666666666 0.15104166666666666
