0 0.2765625 0.18333333333333332 0.15729166666666666 0.09166666666666666
0 0.31354166666666666 0.3385416666666667 0.14791666666666667 0.11041666666666666
0 0.20729166666666665 0.51875 0.16666666666666666 0.08958333333333333
0 0.6708333333333333 0.1375 0.11458333333333333 0.17083333333333334
0 0.7932291666666667 0.33229166666666665 0.11562499999999999 0.14583333333333334
0 0.8182291666666667 0.48385416666666664 0.146875 0.103125
0 0.8536458333333333 0.8354166666666667 0.084375 0.17083333333333334
0 0.6963541666666666 0.7932291666666667 0.090625 0.17395833333333333
0 0.4401041666666667 0.853125 0.09895833333333333 0.17083333333333334
0 0.421875 0.5208333333333334 0.1625 0.08541666666666667
1 0.5479166666666666 0.2546875 0.075 0.059375
1 0.6958333333333333 0.525 0.08333333333333333 0.07291666666666667
1 0.8864583333333333 0.6010416666666667 0.07291666666666667 0.058333333333333334
1 0.32135416666666666 0.7401041666666667 0.09895833333333333 0.084375
