1 0.4359375 0.5010416666666666 0.09479166666666666 0.09375
1 0.7140625 0.5458333333333333 0.11145833333333333 0.08125
1 0.8265625 0.7583333333333333 0.09479166666666666 0.09166666666666666
1 0.6359375 0.671875 0.10729166666666666 0.06875
1 0.484375 0.7822916666666666 0.08541666666666667 0.08541666666666667
0 0.26666666666666666 0.17760416666666667 0.17708333333333334 0.12604166666666666
0 0.509375 0.14791666666666667 0.16041666666666665 0.12708333333333333
0 0.7651041666666667 0.1328125 0.11770833333333333 0.15520833333333334
0 0.8312499999999999 0.309375 0.1375 0.14791666666666667
0 0.8505208333333333 0.5359375 0.09479166666666666 0.190625
0 0.5723958333333333 0.35833333333333334 0.11770833333333333 0.175
0 0.22239583333333332 0.38958333333333334 0.13645833333333332 0.18333333333333332
0 0.2359375 0.5572916666666666 0.15729166666666666 0.08541666666666667
0 0.25416666666666665 0.7375 0.19375 0.10208333333333333
0 0.70625 0.8833333333333333 0.18333333333333332 0.11666666666666667
0 0.5635416666666666 0.540625 0.1 0.15
