0 0.3645833333333333 0.153125 0.13333333333333333 0.16041666666666665
0 0.22083333333333333 0.378125 0.1 0.16666666666666666
0 0.4979166666666667 0.4578125 0.09166666666666666 0.18020833333333333
0 0.653125 0.2109375 0.15208333333333332 0.128125
0 0.9078125 0.39427083333333335 0.16145833333333334 0.14479166666666665
0 0.8109375 0.5697916666666667 0.14895833333333333 0.13958333333333334
0 0.6796875 0.7421875 0.09270833333333334 0.18854166666666666
0 0.4036458333333333 0.6489583333333333 0.12604166666666666 0.15416666666666667
0 0.42552083333333335 0.8817708333333333 0.109375 0.146875
0 0.13958333333333334 0.6901041666666666 0.09166666666666666 0.18645833333333334
1 0.6645833333333333 0.45677083333333335 0.09166666666666666 0.09479166666666666
