0 0.21927083333333333 0.20572916666666666 0.08645833333333333 0.165625
0 0.4473958333333333 0.23072916666666665 0.11145833333333333 0.159375
0 0.6458333333333334 0.13229166666666667 0.13958333333333334 0.10625
0 0.5994791666666667 0.3932291666666667 0.15104166666666666 0.08854166666666667
0 0.7703125 0.5739583333333333 0.128125 0.15
0 0.8052083333333333 0.7645833333333333 0.1 0.18958333333333333
0 0.5197916666666667 0.6744791666666666 0.13541666666666666 0.14270833333333333
0 0.3109375 0.5296875 0.090625 0.19479166666666667
0 0.196875 0.721875 0.175 0.1
1 0.1609375 0.553125 0.11145833333333333 0.08125
1 0.6083333333333333 0.7947916666666667 0.08541666666666667 0.10625
1 0.9114583333333334 0.4145833333333333 0.08541666666666667 0.08333333333333333
