0 0.33489583333333334 0.18645833333333334 0.14895833333333333 0.11875
0 0.2552083333333333 0.3020833333333333 0.09375 0.175
0 0.5692708333333333 0.18541666666666667 0.15520833333333334 0.0875
0 0.8223958333333333 0.2265625 0.078125 0.16979166666666667
0 0.7208333333333333 0.37083333333333335 0.16875 0.08541666666666667
0 0.5135416666666667 0.5630208333333333 0.14791666666666667 0.09479166666666666
0 0.296875 0.5890625 0.14375 0.08854166666666667
0 0.7703125 0.6942708333333333 0.134375 0.13229166666666667
0 0.6208333333333333 0.825 0.16041666666666665 0.11458333333333333
1 0.25677083333333334 0.4734375 0.090625 0.05520833333333333
1 0.5135416666666667 0.44166666666666665 0.10833333333333334 0.09791666666666667
1 0.8114583333333333 0.534375 0.06458333333333333 0.08541666666666667
1 0.43385416666666665 0.7005208333333334 0.057291666666666664 0.06770833333333333
