1 0.7765625 0.4848958333333333 0.08229166666666667 0.09479166666666666
1 0.4401041666666667 0.47239583333333335 0.09479166666666666 0.078125
1 0.23906249999999998 0.6578125 0.103125 0.08020833333333333
0 0.6671875 0.2125 0.13854166666666667 0.125
0 0.6182291666666666 0.3875 0.15104166666666666 0.11666666666666667
0 0.4375 0.3177083333333333 0.14375 0.12916666666666665
0 0.26979166666666665 0.19583333333333333 0.16458333333333333 0.08958333333333333
0 0.24635416666666665 0.44166666666666665 0.14895833333333333 0.13125
0 0.3958333333333333 0.6453125 0.09166666666666666 0.15520833333333334
0 0.5489583333333333 0.7661458333333333 0.12083333333333333 0.178125
0 0.6963541666666666 0.6447916666666667 0.08645833333333333 0.16875
0 0.7682291666666666 0.875 0.134375 0.12291666666666666
0 0.3671875 0.8125 0.11770833333333333 0.1625
