1 0.5229166666666667 0.40989583333333335 0.1125 0.08645833333333333
1 0.8067708333333333 0.1953125 0.10729166666666666 0.08020833333333333
1 0.8072916666666666 0.8979166666666667 0.08541666666666667 0.09583333333333333
1 0.3098958333333333 0.7661458333333333 0.09479166666666666 0.096875
1 0.11562499999999999 0.5567708333333333 0.125 0.09270833333333334
0 0.19427083333333334 0.35052083333333334 0.19479166666666667 0.103125
0 0.3463541666666667 0.20104166666666667 0.11562499999999999 0.16041666666666665
0 0.5 0.13645833333333332 0.1 0.18333333333333332
0 0.6375 0.3052083333333333 0.15 0.11666666666666667
0 0.3125 0.5479166666666666 0.1125 0.17916666666666667
0 0.6765625 0.5697916666666667 0.140625 0.16666666666666666
0 0.9015624999999999 0.4927083333333333 0.11770833333333333 0.17916666666666667
0 0.8817708333333333 0.7270833333333333 0.16979166666666667 0.09166666666666666
0 0.5458333333333333 0.8145833333333333 0.18541666666666667 0.09583333333333333
