0 0.6098958333333333 0.08958333333333333 0.190625 0.08125
0 0.7734375 0.3625 0.134375 0.11041666666666666
0 0.5369791666666667 0.28125 0.16354166666666667 0.08125
0 0.2984375 0.3140625 0.18020833333333333 0.07604166666666666
0 0.08229166666666667 0.39791666666666664 0.09583333333333333 0.17708333333333334
0 0.15677083333333333 0.5932291666666667 0.13645833333333332 0.159375
0 0.409375 0.5427083333333333 0.17916666666666667 0.09791666666666667
0 0.5671875 0.4796875 0.134375 0.140625
0 0.7145833333333333 0.4864583333333333 0.15208333333333332 0.12083333333333333
0 0.7135416666666666 0.6796875 0.0875 0.19479166666666667
0 0.6416666666666666 0.8307291666666666 0.07291666666666667 0.18854166666666666
0 0.4770833333333333 0.8859374999999999 0.10833333333333334 0.16979166666666667
0 0.8484375 0.8885416666666667 0.134375 0.14791666666666667
1 0.32135416666666666 0.10781249999999999 0.09479166666666666 0.09479166666666666
1 0.93125 0.4671875 0.08125 0.06770833333333333
1 0.8572916666666667 0.6895833333333333 0.1 0.08125
1 0.29583333333333334 0.7822916666666666 0.11458333333333333 0.12083333333333333
