1 0.39739583333333334 0.234375 0.08229166666666667 0.10416666666666667
1 0.27447916666666666 0.7192708333333333 0.08854166666666667 0.10729166666666666
0 0.20364583333333333 0.20416666666666666 0.18229166666666666 0.09375
0 0.13802083333333334 0.5416666666666666 0.165625 0.07291666666666667
0 0.36666666666666664 0.5776041666666667 0.15625 0.096875
0 0.3125 0.4192708333333333 0.1625 0.11354166666666667
0 0.5666666666666667 0.4828125 0.10208333333333333 0.16770833333333332
0 0.5411458333333333 0.15208333333333332 0.14895833333333333 0.10833333333333334
0 0.6083333333333333 0.2713541666666667 0.17083333333333334 0.090625
0 0.8041666666666667 0.3286458333333333 0.15 0.11770833333333333
0 0.9135416666666667 0.5505208333333333 0.10416666666666667 0.15520833333333334
0 0.6880208333333333 0.621875 0.08229166666666667 0.17083333333333334
0 0.6828125 0.796875 0.11562499999999999 0.15833333333333333
0 0.45416666666666666 0.8624999999999999 0.17083333333333334 0.10625
0 0.9041666666666667 0.7755208333333333 0.125 0.146875
