1 0.8140625 0.228125 0.10520833333333333 0.0875
1 0.35052083333333334 0.22343749999999998 0.109375 0.08020833333333333
1 0.7046875 0.8208333333333333 0.08020833333333333 0.11041666666666666
0 0.47812499999999997 0.13854166666666667 0.1375 0.14791666666666667
0 0.6567708333333333 0.2 0.146875 0.125
0 0.8265625 0.3546875 0.19895833333333332 0.084375
0 0.884375 0.5604166666666667 0.1625 0.10208333333333333
0 0.8317708333333333 0.74375 0.10104166666666667 0.18958333333333333
0 0.5828125 0.6260416666666666 0.16770833333333332 0.08541666666666667
0 0.6114583333333333 0.42343749999999997 0.10416666666666667 0.17395833333333333
0 0.325 0.40989583333333335 0.18125 0.090625
0 0.1453125 0.5270833333333333 0.17395833333333333 0.125
0 0.25 0.61875 0.14791666666666667 0.16458333333333333
0 0.459375 0.840625 0.09791666666666667 0.2
