1 0.48020833333333335 0.23072916666666665 0.1125 0.09479166666666666
1 0.7088541666666667 0.6171875 0.06354166666666666 0.06354166666666666
0 0.5432291666666667 0.6552083333333333 0.11354166666666667 0.13125
0 0.4869791666666667 0.8885416666666667 0.15729166666666666 0.11041666666666666
0 0.7244791666666667 0.7708333333333334 0.13854166666666667 0.14166666666666666
0 0.8317708333333333 0.7229166666666667 0.165625 0.08333333333333333
0 0.8739583333333333 0.5135416666666667 0.1625 0.10833333333333334
0 0.7359375 0.309375 0.084375 0.1875
0 0.6369791666666667 0.21354166666666666 0.084375 0.18958333333333333
0 0.5552083333333333 0.4640625 0.10416666666666667 0.16979166666666667
0 0.35 0.4203125 0.13125 0.13854166666666667
0 0.24947916666666667 0.2375 0.11770833333333333 0.16666666666666666
0 0.17083333333333334 0.5838541666666667 0.17708333333333334 0.10520833333333333
0 0.3375 0.659375 0.15208333333333332 0.13541666666666666
