0 0.3098958333333333 0.21770833333333334 0.09270833333333334 0.18125
0 0.51875 0.17760416666666667 0.09375 0.165625
0 0.803125 0.29375 0.15208333333333332 0.125
0 0.7473958333333334 0.5114583333333333 0.16979166666666667 0.08125
0 0.42916666666666664 0.43697916666666664 0.13541666666666666 0.13645833333333332
0 0.20520833333333333 0.4890625 0.175 0.090625
0 0.3338541666666667 0.6458333333333334 0.159375 0.10625
0 0.5296875 0.8140625 0.090625 0.178125
0 0.7442708333333333 0.7734375 0.10104166666666667 0.16145833333333334
1 0.5703125 0.5140625 0.08020833333333333 0.096875
