0 0.5354166666666667 0.2 0.11666666666666667 0.14375
0 0.21666666666666667 0.33697916666666666 0.15208333333333332 0.07604166666666666
0 0.4671875 0.42083333333333334 0.08854166666666667 0.15625
0 0.8442708333333333 0.49635416666666665 0.09270833333333334 0.15520833333333334
0 0.7463541666666667 0.6072916666666667 0.14270833333333333 0.08958333333333333
0 0.5552083333333333 0.6322916666666667 0.16041666666666665 0.10625
0 0.2760416666666667 0.5484375 0.075 0.16770833333333332
0 0.546875 0.8213541666666666 0.15833333333333333 0.09270833333333334
0 0.7671875 0.8489583333333334 0.096875 0.14583333333333334
1 0.384375 0.7364583333333333 0.07916666666666666 0.0875
1 0.5604166666666667 0.46875 0.06875 0.08125
1 0.7447916666666666 0.346875 0.0875 0.08125
1 0.35052083333333334 0.234375 0.065625 0.07708333333333334
