0 0.28802083333333334 0.3 0.159375 0.10833333333333334
0 0.3614583333333333 0.5234375 0.12916666666666665 0.13020833333333334
0 0.5302083333333333 0.38229166666666664 0.06875 0.16666666666666666
0 0.70625 0.2046875 0.09375 0.15729166666666666
0 0.7036458333333333 0.3911458333333333 0.14270833333333333 0.10729166666666666
0 0.6755208333333333 0.5239583333333333 0.159375 0.08125
0 0.8572916666666667 0.6098958333333333 0.15625 0.109375
0 0.41510416666666666 0.8661458333333333 0.140625 0.165625
1 0.6182291666666666 0.7807291666666667 0.09270833333333334 0.08854166666666667
1 0.4921875 0.22135416666666666 0.078125 0.08854166666666667
