0 0.2921875 0.1671875 0.13854166666666667 0.16145833333333334
0 0.42916666666666664 0.24687499999999998 0.11041666666666666 0.12291666666666666
0 0.5796875 0.23541666666666666 0.08020833333333333 0.16041666666666665
0 0.7416666666666667 0.11510416666666666 0.17083333333333334 0.10729166666666666
0 0.7869791666666667 0.4817708333333333 0.11145833333333333 0.14895833333333333
0 0.5515625 0.44114583333333335 0.078125 0.140625
0 0.2713541666666667 0.4635416666666667 0.15729166666666666 0.07291666666666667
0 0.3260416666666667 0.640625 0.14375 0.13333333333333333
0 0.6364583333333333 0.625 0.16875 0.075
0 0.6864583333333333 0.8270833333333333 0.0875 0.16666666666666666
0 0.27239583333333334 0.8276041666666667 0.08229166666666667 0.18020833333333333
1 0.5177083333333333 0.709375 0.07916666666666666 0.09166666666666666
1 0.8312499999999999 0.709375 0.07708333333333334 0.09583333333333333
1 0.803125 0.2953125 0.07291666666666667 0.06770833333333333
1 0.20364583333333333 0.28489583333333335 0.078125 0.09270833333333334
