1 0.7 0.1640625 0.07708333333333334 0.08854166666666667
1 0.3145833333333333 0.8729166666666667 0.08958333333333333 0.10625
1 0.8890625 0.8354166666666667 0.10729166666666666 0.10208333333333333
0 0.3385416666666667 0.0828125 0.17083333333333334 0.090625
0 0.4947916666666667 0.2375 0.17916666666666667 0.0875
0 0.2328125 0.22760416666666666 0.14270833333333333 0.15729166666666666
0 0.2817708333333333 0.43854166666666666 0.11354166666666667 0.175
0 0.4828125 0.44166666666666665 0.09270833333333334 0.16875
0 0.6859375 0.46770833333333334 0.165625 0.09166666666666666
0 0.7614583333333333 0.3203125 0.16875 0.10729166666666666
0 0.8666666666666667 0.4765625 0.09375 0.17395833333333333
0 0.8244791666666667 0.6302083333333334 0.159375 0.09791666666666667
0 0.64375 0.68125 0.13333333333333333 0.08333333333333333
0 0.43854166666666666 0.6328125 0.15 0.11770833333333333
0 0.2911458333333333 0.7463541666666667 0.16354166666666667 0.10104166666666667
0 0.4942708333333333 0.8645833333333334 0.15520833333333334 0.09375
0 0.6880208333333333 0.8432291666666667 0.096875 0.184375
