0 0.2265625 0.16145833333333334 0.13854166666666667 0.15833333333333333
0 0.20364583333333333 0.3125 0.165625 0.13541666666666666
0 0.4640625 0.3229166666666667 0.10520833333333333 0.17916666666666667
0 0.6052083333333333 0.39166666666666666 0.09166666666666666 0.16041666666666665
0 0.5911458333333334 0.13229166666666667 0.109375 0.17083333333333334
0 0.809375 0.5578125 0.11458333333333333 0.16145833333333334
0 0.621875 0.5635416666666666 0.12291666666666666 0.1375
0 0.7098958333333333 0.771875 0.18854166666666666 0.1125
0 0.4041666666666667 0.7677083333333333 0.175 0.12291666666666666
0 0.403125 0.5421875 0.10208333333333333 0.16979166666666667
0 0.2598958333333333 0.5505208333333333 0.159375 0.153125
1 0.23020833333333332 0.8208333333333333 0.08333333333333333 0.10625
1 0.5260416666666666 0.8921875 0.10208333333333333 0.084375
1 0.40625 0.15520833333333334 0.07916666666666666 0.11875
1 0.79375 0.29010416666666666 0.0875 0.103125
