0 0.19427083333333334 0.3296875 0.19479166666666667 0.11770833333333333
0 0.6020833333333333 0.15260416666666665 0.16875 0.121875
0 0.8739583333333333 0.3729166666666667 0.19166666666666665 0.09166666666666666
0 0.8536458333333333 0.6223958333333334 0.178125 0.090625
0 0.5760416666666667 0.5838541666666667 0.17083333333333334 0.09895833333333333
0 0.6177083333333333 0.74375 0.18541666666666667 0.09375
0 0.31145833333333334 0.8932291666666666 0.18541666666666667 0.109375
0 0.2375 0.5984375 0.16875 0.128125
1 0.54375 0.43385416666666665 0.11041666666666666 0.10520833333333333
2 0.24270833333333333 0.6765625 0.07708333333333334 0.030208333333333334
