0 0.3541666666666667 0.14739583333333334 0.14791666666666667 0.06979166666666667
0 0.6354166666666666 0.17864583333333334 0.11666666666666667 0.128125
0 0.7276041666666666 0.3598958333333333 0.16770833333333332 0.07604166666666666
0 0.8510416666666667 0.4901041666666667 0.08125 0.18020833333333333
0 0.7932291666666667 0.7625 0.121875 0.18333333333333332
0 0.6364583333333333 0.78125 0.14791666666666667 0.13541666666666666
0 0.3807291666666667 0.6208333333333333 0.171875 0.09166666666666666
0 0.40625 0.8312499999999999 0.11458333333333333 0.13541666666666666
0 0.6369791666666667 0.5354166666666667 0.090625 0.14375
0 0.5296875 0.4067708333333333 0.078125 0.16770833333333332
0 0.2911458333333333 0.34270833333333334 0.10104166666666667 0.17291666666666666
0 0.17916666666666667 0.5739583333333333 0.0875 0.17708333333333334
1 0.3609375 0.45416666666666666 0.08020833333333333 0.09166666666666666
1 0.7390625 0.6244791666666667 0.10104166666666667 0.07604166666666666
