1 0.13541666666666666 0.6067708333333334 0.11041666666666666 0.08020833333333333
1 0.4708333333333333 0.7807291666666667 0.09583333333333333 0.09895833333333333
1 0.24114583333333334 0.809375 0.096875 0.07083333333333333
1 0.4708333333333333 0.12239583333333333 0.09375 0.10104166666666667
0 0.6796875 0.18541666666666667 0.15104166666666666 0.10208333333333333
0 0.7026041666666667 0.34010416666666665 0.178125 0.084375
0 0.8697916666666666 0.4515625 0.09583333333333333 0.18854166666666666
0 0.8557291666666667 0.6942708333333333 0.15104166666666666 0.103125
0 0.7921875 0.834375 0.17395833333333333 0.08958333333333333
0 0.6348958333333333 0.8 0.08854166666666667 0.17291666666666666
0 0.6880208333333333 0.5171875 0.13854166666666667 0.14479166666666665
0 0.4869791666666667 0.5760416666666667 0.17395833333333333 0.09375
0 0.3104166666666667 0.5677083333333334 0.13958333333333334 0.1375
0 0.41302083333333334 0.3802083333333333 0.09895833333333333 0.16458333333333333
0 0.23020833333333332 0.171875 0.12291666666666666 0.16041666666666665
0 0.1609375 0.3328125 0.18229166666666666 0.08020833333333333
