1 0.5098958333333333 0.346875 0.10104166666666667 0.07708333333333334
1 0.7765625 0.5161458333333333 0.07604166666666666 0.11770833333333333
1 0.8703124999999999 0.7119791666666666 0.09895833333333333 0.090625
1 0.36354166666666665 0.5973958333333333 0.07083333333333333 0.096875
0 0.6484375 0.13645833333333332 0.12395833333333334 0.10416666666666667
0 0.7947916666666667 0.3302083333333333 0.15625 0.12708333333333333
0 0.6182291666666666 0.43645833333333334 0.11562499999999999 0.14375
0 0.6442708333333333 0.6572916666666666 0.12604166666666666 0.16666666666666666
0 0.6848958333333334 0.8447916666666666 0.17395833333333333 0.1
0 0.45989583333333334 0.8791666666666667 0.09479166666666666 0.17291666666666666
0 0.2203125 0.7432291666666666 0.165625 0.096875
0 0.40781249999999997 0.46979166666666666 0.15729166666666666 0.12291666666666666
0 0.23229166666666667 0.3671875 0.12291666666666666 0.15729166666666666
0 0.2265625 0.17135416666666667 0.17395833333333333 0.09479166666666666
0 0.46041666666666664 0.184375 0.09375 0.17708333333333334
