1 0.25677083333333334 0.2630208333333333 0.08854166666666667 0.109375
1 0.7083333333333334 0.3182291666666667 0.10208333333333333 0.08645833333333333
1 0.859375 0.5385416666666667 0.09166666666666666 0.09166666666666666
1 0.6411458333333333 0.7776041666666667 0.08645833333333333 0.09479166666666666
0 0.4359375 0.15364583333333334 0.13854166666666667 0.134375
0 0.6265625 0.15416666666666667 0.078125 0.15
0 0.4484375 0.38229166666666664 0.18020833333333333 0.11458333333333333
0 0.2515625 0.48020833333333335 0.14270833333333333 0.08958333333333333
0 0.15989583333333332 0.6770833333333334 0.15104166666666666 0.10833333333333334
0 0.35833333333333334 0.6614583333333334 0.15833333333333333 0.11666666666666667
0 0.27760416666666665 0.8515625 0.109375 0.14895833333333333
0 0.5015625 0.8817708333333333 0.18020833333333333 0.11354166666666667
0 0.8166666666666667 0.8114583333333333 0.11458333333333333 0.16875
0 0.7140625 0.615625 0.146875 0.1125
0 0.5734375 0.5338541666666666 0.08645833333333333 0.146875
