0 0.2171875 0.19114583333333332 0.10104166666666667 0.17395833333333333
0 0.19479166666666667 0.4786458333333333 0.17291666666666666 0.12604166666666666
0 0.5302083333333333 0.3859375 0.11041666666666666 0.146875
0 0.7317708333333334 0.23906249999999998 0.165625 0.11354166666666667
0 0.8291666666666666 0.4375 0.15625 0.12916666666666665
0 0.5848958333333333 0.55 0.140625 0.11041666666666666
0 0.7901041666666666 0.7380208333333333 0.17395833333333333 0.08020833333333333
0 0.30625 0.8713541666666667 0.18541666666666667 0.10104166666666667
1 0.6458333333333334 0.821875 0.06666666666666667 0.07708333333333334
1 0.3890625 0.690625 0.084375 0.10208333333333333
1 0.4635416666666667 0.11770833333333333 0.08333333333333333 0.08541666666666667
