1 0.3208333333333333 0.13697916666666665 0.06875 0.11145833333333333
1 0.7276041666666666 0.4119791666666667 0.090625 0.09270833333333334
0 0.16666666666666666 0.3609375 0.1625 0.128125
0 0.22916666666666666 0.6583333333333333 0.175 0.09583333333333333
0 0.44895833333333335 0.8624999999999999 0.0875 0.17291666666666666
0 0.7140625 0.85 0.11145833333333333 0.14791666666666667
0 0.7864583333333334 0.5833333333333334 0.1 0.15
0 0.5005208333333333 0.5041666666666667 0.18020833333333333 0.09791666666666667
0 0.4322916666666667 0.278125 0.11666666666666667 0.15
0 0.7796875 0.23385416666666667 0.171875 0.08854166666666667
