1 0.24375 0.11770833333333333 0.1125 0.08541666666666667
1 0.759375 0.29583333333333334 0.06666666666666667 0.06875
1 0.5208333333333334 0.4276041666666667 0.11041666666666666 0.059375
1 0.21510416666666665 0.6734375 0.08854166666666667 0.08020833333333333
0 0.3958333333333333 0.15208333333333332 0.125 0.14791666666666667
0 0.22864583333333333 0.24583333333333332 0.16145833333333334 0.10625
0 0.27708333333333335 0.39947916666666666 0.18958333333333333 0.11979166666666667
0 0.5520833333333334 0.12447916666666667 0.1375 0.146875
0 0.6317708333333333 0.31145833333333334 0.15520833333333334 0.11875
0 0.78125 0.39947916666666666 0.15208333333333332 0.12604166666666666
0 0.5307291666666667 0.54375 0.12395833333333334 0.13958333333333334
0 0.26666666666666666 0.584375 0.1625 0.12291666666666666
0 0.4421875 0.8119791666666667 0.096875 0.16145833333333334
0 0.7114583333333333 0.78125 0.15833333333333333 0.12708333333333333
0 0.6583333333333333 0.5979166666666667 0.07916666666666666 0.18125
0 0.8244791666666667 0.5645833333333333 0.17395833333333333 0.08125
1 0.7421875 0.16302083333333334 0.084375 0.09895833333333333
