0 0.21979166666666666 0.33541666666666664 0.20208333333333334 0.07916666666666666
0 0.4708333333333333 0.20625 0.1875 0.08333333333333333
0 0.5328125 0.43906249999999997 0.146875 0.12604166666666666
0 0.6947916666666667 0.359375 0.175 0.10833333333333334
0 0.84375 0.4005208333333333 0.14791666666666667 0.146875
0 0.7828125 0.578125 0.11562499999999999 0.14166666666666666
0 0.6791666666666667 0.6609375 0.08125 0.171875
1 0.7286458333333333 0.8703124999999999 0.08229166666666667 0.078125
1 0.5098958333333333 0.7578125 0.10104166666666667 0.084375
1 0.34739583333333335 0.7859375 0.07395833333333333 0.11562499999999999
1 0.15677083333333333 0.5848958333333333 0.08229166666666667 0.078125
1 0.3932291666666667 0.5328125 0.078125 0.090625
1 0.27239583333333334 0.11458333333333333 0.08229166666666667 0.10833333333333334
1 0.64375 0.17135416666666667 0.09583333333333333 0.103125
