1 0.10572916666666667 0.175 0.09270833333333334 0.09375
1 0.7932291666666667 0.3208333333333333 0.08854166666666667 0.09166666666666666
1 0.8364583333333333 0.6510416666666666 0.0875 0.09791666666666667
1 0.6583333333333333 0.7432291666666666 0.08125 0.08645833333333333
0 0.7989583333333333 0.1359375 0.1625 0.10729166666666666
0 0.6083333333333333 0.22916666666666666 0.1375 0.13125
0 0.46979166666666666 0.22343749999999998 0.08541666666666667 0.17604166666666665
0 0.2833333333333333 0.1625 0.16875 0.09583333333333333
0 0.20364583333333333 0.32447916666666665 0.14895833333333333 0.10520833333333333
0 0.5109375 0.4166666666666667 0.15520833333333334 0.10208333333333333
0 0.184375 0.4901041666666667 0.1375 0.13229166666666667
0 0.18229166666666666 0.634375 0.14375 0.10833333333333334
0 0.3046875 0.8234374999999999 0.103125 0.16979166666666667
0 0.5421875 0.8598958333333333 0.13229166666666667 0.165625
0 0.44687499999999997 0.5734375 0.14375 0.13229166666666667
0 0.6385416666666667 0.5630208333333333 0.0875 0.17395833333333333
0 0.871875 0.4869791666666667 0.17708333333333334 0.103125
