1 0.22708333333333333 0.6010416666666667 0.08333333333333333 0.08958333333333333
1 0.7755208333333333 0.5520833333333334 0.08020833333333333 0.10625
1 0.7598958333333333 0.275 0.11979166666666667 0.08541666666666667
0 0.5989583333333334 0.153125 0.13541666666666666 0.11875
0 0.39739583333333334 0.265625 0.14895833333333333 0.11875
0 0.2786458333333333 0.4354166666666667 0.13854166666666667 0.14375
0 0.5729166666666666 0.471875 0.17291666666666666 0.10208333333333333
0 0.8088541666666667 0.4223958333333333 0.16145833333333334 0.084375
0 0.49947916666666664 0.6630208333333333 0.18020833333333333 0.10104166666666667
0 0.48541666666666666 0.8427083333333333 0.17291666666666666 0.09583333333333333
0 0.7192708333333333 0.7244791666666667 0.134375 0.14479166666666665
