1 0.2864583333333333 0.5348958333333333 0.07291666666666667 0.06979166666666667
1 0.46458333333333335 0.696875 0.07083333333333333 0.10208333333333333
1 0.8182291666666667 0.425 0.08854166666666667 0.06875
0 0.23645833333333333 0.23333333333333334 0.075 0.15833333333333333
0 0.4614583333333333 0.15572916666666667 0.12708333333333333 0.11562499999999999
0 0.4671875 0.38125 0.09270833333333334 0.1375
0 0.696875 0.2791666666666667 0.14791666666666667 0.08958333333333333
0 0.5630208333333333 0.5729166666666666 0.15520833333333334 0.09375
0 0.6859375 0.6760416666666667 0.14479166666666665 0.12291666666666666
0 0.284375 0.7119791666666666 0.13541666666666666 0.11562499999999999
0 0.4666666666666667 0.8567708333333334 0.1 0.15520833333333334
