0 0.2875 0.228125 0.17083333333333334 0.10416666666666667
0 0.4427083333333333 0.1328125 0.1375 0.13020833333333334
0 0.5989583333333334 0.10833333333333334 0.11666666666666667 0.15416666666666667
0 0.7140625 0.3026041666666667 0.17604166666666665 0.090625
0 0.4635416666666667 0.37864583333333335 0.16041666666666665 0.08645833333333333
0 0.6677083333333333 0.434375 0.16666666666666666 0.09166666666666666
0 0.2640625 0.5276041666666667 0.16979166666666667 0.090625
0 0.4848958333333333 0.56875 0.140625 0.14375
0 0.6697916666666667 0.6223958333333334 0.09166666666666666 0.159375
0 0.8114583333333333 0.7369791666666666 0.13333333333333333 0.17604166666666665
0 0.4401041666666667 0.8786458333333333 0.13854166666666667 0.159375
0 0.35520833333333335 0.6942708333333333 0.17083333333333334 0.11562499999999999
1 0.6755208333333333 0.871875 0.084375 0.0875
1 0.8546874999999999 0.465625 0.11562499999999999 0.09791666666666667
1 0.31354166666666666 0.43124999999999997 0.09375 0.058333333333333334
