0 0.2375 0.315625 0.175 0.09791666666666667
0 0.36614583333333334 0.18541666666666667 0.121875 0.14375
0 0.5708333333333333 0.22760416666666666 0.12083333333333333 0.15520833333333334
0 0.8432291666666667 0.3364583333333333 0.11770833333333333 0.1625
0 0.30104166666666665 0.5447916666666667 0.1875 0.06875
0 0.5651041666666666 0.41510416666666666 0.165625 0.10104166666666667
0 0.746875 0.5166666666666666 0.13333333333333333 0.13541666666666666
0 0.3390625 0.7807291666666667 0.159375 0.11770833333333333
0 0.7708333333333334 0.7859375 0.1125 0.16354166666666667
1 0.6020833333333333 0.6140625 0.08125 0.08854166666666667
1 0.5822916666666667 0.7630208333333334 0.07916666666666666 0.10729166666666666
1 0.7276041666666666 0.1640625 0.08854166666666667 0.08020833333333333
1 0.8911458333333333 0.5817708333333333 0.07604166666666666 0.096875
