0 0.17708333333333334 0.16822916666666665 0.17083333333333334 0.11562499999999999
0 0.48541666666666666 0.22291666666666665 0.15208333333333332 0.09166666666666666
0 0.6296875 0.22447916666666667 0.11979166666666667 0.14895833333333333
0 0.8322916666666667 0.24479166666666666 0.13958333333333334 0.13958333333333334
0 0.8078124999999999 0.39166666666666666 0.165625 0.11041666666666666
0 0.6411458333333333 0.40520833333333334 0.140625 0.08125
0 0.3911458333333333 0.4109375 0.12604166666666666 0.140625
0 0.5453125 0.5614583333333333 0.08854166666666667 0.16875
0 0.7088541666666667 0.6114583333333333 0.121875 0.14791666666666667
0 0.8348958333333333 0.6947916666666667 0.11562499999999999 0.1375
0 0.7088541666666667 0.8578125 0.13854166666666667 0.140625
0 0.521875 0.7598958333333333 0.12291666666666666 0.171875
0 0.2359375 0.63125 0.134375 0.14166666666666666
0 0.20729166666666665 0.7854166666666667 0.16458333333333333 0.07708333333333334
1 0.20260416666666667 0.3416666666666667 0.109375 0.07083333333333333
1 0.8151041666666666 0.5317708333333333 0.08229166666666667 0.11562499999999999
