0 0.23124999999999998 0.11927083333333333 0.15208333333333332 0.11145833333333333
0 0.5125 0.12239583333333333 0.15 0.12395833333333334
0 0.7510416666666666 0.15416666666666667 0.10208333333333333 0.1875
0 0.8635416666666667 0.3223958333333333 0.1625 0.08020833333333333
0 0.6557291666666667 0.3671875 0.109375 0.12604166666666666
0 0.8166666666666667 0.5932291666666667 0.19375 0.10729166666666666
0 0.6369791666666667 0.5125 0.16979166666666667 0.09375
0 0.49583333333333335 0.3677083333333333 0.11875 0.15833333333333333
0 0.21979166666666666 0.35260416666666666 0.17291666666666666 0.10104166666666667
0 0.43333333333333335 0.5838541666666667 0.11875 0.128125
0 0.09010416666666667 0.5682291666666667 0.08020833333333333 0.19270833333333334
0 0.2557291666666667 0.671875 0.19270833333333334 0.09791666666666667
0 0.5869791666666666 0.7015625 0.12395833333333334 0.171875
0 0.7244791666666667 0.8833333333333333 0.17395833333333333 0.09791666666666667
0 0.25364583333333335 0.8755208333333333 0.13020833333333334 0.13854166666666667
1 0.4536458333333333 0.8895833333333333 0.09895833333333333 0.09791666666666667
1 0.7447916666666666 0.7291666666666666 0.08333333333333333 0.08125
1 0.3421875 0.228125 0.103125 0.08958333333333333
