0 0.21197916666666666 0.16458333333333333 0.12604166666666666 0.15625
0 0.4166666666666667 0.21614583333333334 0.13541666666666666 0.140625
0 0.27291666666666664 0.3390625 0.13958333333333334 0.12395833333333334
0 0.3645833333333333 0.5135416666666667 0.17291666666666666 0.10208333333333333
0 0.653125 0.30885416666666665 0.13333333333333333 0.146875
0 0.5817708333333333 0.4630208333333333 0.10520833333333333 0.16979166666666667
0 0.7088541666666667 0.5 0.128125 0.15208333333333332
0 0.8260416666666667 0.2505208333333333 0.08333333333333333 0.19270833333333334
0 0.23072916666666665 0.7005208333333334 0.17604166666666665 0.09479166666666666
0 0.4588541666666667 0.7635416666666667 0.18645833333333334 0.08125
0 0.6239583333333333 0.7630208333333334 0.10416666666666667 0.16979166666666667
0 0.8046875 0.8807291666666667 0.128125 0.15729166666666666
1 0.80625 0.6619791666666667 0.09375 0.08645833333333333
1 0.2796875 0.8765625 0.08229166666666667 0.08020833333333333
1 0.18020833333333333 0.49583333333333335 0.1 0.08958333333333333
1 0.5760416666666667 0.08645833333333333 0.06875 0.10625
