0 0.2734375 0.17708333333333334 0.134375 0.14583333333333334
0 0.3776041666666667 0.3989583333333333 0.15729166666666666 0.11041666666666666
0 0.6421875 0.22760416666666666 0.09270833333333334 0.178125
0 0.7401041666666667 0.4197916666666667 0.08645833333333333 0.18125
0 0.8864583333333333 0.48333333333333334 0.08541666666666667 0.18333333333333332
0 0.9 0.7765625 0.10833333333333334 0.165625
0 0.6229166666666667 0.634375 0.09791666666666667 0.16666666666666666
0 0.29270833333333335 0.5963541666666666 0.17708333333333334 0.084375
0 0.4479166666666667 0.8333333333333334 0.18125 0.09791666666666667
1 0.5072916666666667 0.5223958333333333 0.10416666666666667 0.09479166666666666
1 0.5005208333333333 0.22708333333333333 0.090625 0.08958333333333333
