0 0.30833333333333335 0.17552083333333332 0.14791666666666667 0.13020833333333334
0 0.24114583333333334 0.39479166666666665 0.153125 0.10625
0 0.5864583333333333 0.11875 0.1125 0.16666666666666666
0 0.8161458333333333 0.23645833333333333 0.090625 0.15833333333333333
0 0.7239583333333334 0.434375 0.15208333333333332 0.125
0 0.9213541666666667 0.5604166666666667 0.13020833333333334 0.13125
0 0.5130208333333334 0.4734375 0.08645833333333333 0.17395833333333333
0 0.6479166666666667 0.6515625 0.1625 0.08645833333333333
0 0.3677083333333333 0.6104166666666666 0.16666666666666666 0.07916666666666666
0 0.32395833333333335 0.8229166666666666 0.0875 0.17708333333333334
0 0.5276041666666667 0.875 0.19270833333333334 0.0875
1 0.7125 0.8208333333333333 0.0875 0.11666666666666667
1 0.8614583333333333 0.7510416666666666 0.07291666666666667 0.10208333333333333
1 0.14895833333333333 0.6171875 0.09583333333333333 0.08645833333333333
1 0.525 0.22760416666666666 0.09583333333333333 0.10729166666666666
