0 0.290625 0.23854166666666665 0.15 0.12916666666666665
0 0.3645833333333333 0.4453125 0.14375 0.128125
0 0.61875 0.475 0.0875 0.16041666666666665
0 0.7130208333333333 0.2505208333333333 0.15729166666666666 0.103125
0 0.8385416666666666 0.4348958333333333 0.09166666666666666 0.14895833333333333
0 0.5109375 0.6713541666666667 0.153125 0.11770833333333333
0 0.37083333333333335 0.8156249999999999 0.16458333333333333 0.0875
1 0.3052083333333333 0.6338541666666666 0.07708333333333334 0.08854166666666667
1 0.6494791666666666 0.8229166666666666 0.090625 0.09166666666666666
1 0.7427083333333333 0.6265625 0.08125 0.09479166666666666
1 0.4635416666666667 0.23124999999999998 0.09166666666666666 0.07708333333333334
