1 0.7229166666666667 0.20260416666666667 0.11041666666666666 0.08854166666666667
1 0.15364583333333334 0.44635416666666666 0.11979166666666667 0.08645833333333333
1 0.3203125 0.775 0.10729166666666666 0.08958333333333333
1 0.4515625 0.6515625 0.096875 0.09479166666666666
1 0.6541666666666667 0.7015625 0.1 0.103125
1 0.8234374999999999 0.7802083333333333 0.09270833333333334 0.09583333333333333
0 0.8322916666666667 0.5703125 0.10625 0.16145833333333334
0 0.7625 0.3338541666666667 0.16458333333333333 0.13645833333333332
0 0.628125 0.5526041666666667 0.17708333333333334 0.08020833333333333
0 0.5729166666666666 0.3776041666666667 0.07916666666666666 0.18020833333333333
0 0.3828125 0.5130208333333334 0.096875 0.140625
0 0.12447916666666667 0.5515625 0.165625 0.11770833333333333
0 0.18072916666666666 0.2921875 0.18229166666666666 0.11145833333333333
0 0.42343749999999997 0.31875 0.18020833333333333 0.08125
0 0.4875 0.13697916666666665 0.16666666666666666 0.090625
0 0.23697916666666666 0.1484375 0.18020833333333333 0.084375
