1 0.3911458333333333 0.23177083333333334 0.065625 0.08645833333333333
2 0.2557291666666667 0.33229166666666665 0.040625 0.07291666666666667
0 0.16354166666666667 0.22708333333333333 0.20208333333333334 0.09583333333333333
0 0.1015625 0.5880208333333333 0.103125 0.165625
0 0.21875 0.7895833333333333 0.18333333333333332 0.125
0 0.603125 0.8833333333333333 0.15 0.16458333333333333
0 0.5760416666666667 0.6171875 0.15416666666666667 0.121875
0 0.7984375 0.64375 0.10104166666666667 0.1625
0 0.46249999999999997 0.38385416666666666 0.12708333333333333 0.14895833333333333
0 0.7 0.2786458333333333 0.12916666666666665 0.15729166666666666
0 0.8755208333333333 0.4005208333333333 0.128125 0.15729166666666666
0 0.8859374999999999 0.14375 0.18645833333333334 0.0875
