0 0.2713541666666667 0.17708333333333334 0.096875 0.13333333333333333
0 0.5166666666666666 0.17864583333333334 0.14791666666666667 0.090625
0 0.45208333333333334 0.39010416666666664 0.1625 0.08020833333333333
0 0.6005208333333333 0.46822916666666664 0.09270833333333334 0.165625
0 0.26145833333333335 0.5401041666666666 0.08541666666666667 0.16145833333333334
0 0.36822916666666666 0.51875 0.078125 0.14583333333333334
0 0.4166666666666667 0.7015625 0.10625 0.15104166666666666
0 0.6072916666666667 0.6536458333333334 0.15 0.121875
0 0.7791666666666667 0.6572916666666666 0.14791666666666667 0.10416666666666667
1 0.7020833333333333 0.8682291666666666 0.0875 0.07395833333333333
1 0.8432291666666667 0.5140625 0.09895833333333333 0.078125
1 0.7338541666666667 0.24375 0.08854166666666667 0.06875
1 0.2791666666666667 0.3572916666666667 0.08958333333333333 0.0625
1 0.22604166666666667 0.7166666666666667 0.07708333333333334 0.09583333333333333
