0 0.23645833333333333 0.16770833333333332 0.15833333333333333 0.14375
0 0.434375 0.24114583333333334 0.14166666666666666 0.16145833333333334
0 0.5614583333333333 0.33229166666666665 0.1125 0.15625
0 0.7104166666666667 0.25104166666666666 0.08333333333333333 0.16458333333333333
0 0.7421875 0.4276041666666667 0.153125 0.11145833333333333
0 0.8578125 0.48593749999999997 0.10104166666666667 0.14895833333333333
0 0.8302083333333333 0.7260416666666667 0.17708333333333334 0.09791666666666667
0 0.6260416666666666 0.6734375 0.15625 0.13020833333333334
0 0.5416666666666666 0.5442708333333334 0.14583333333333334 0.13854166666666667
0 0.3421875 0.378125 0.16770833333333332 0.10416666666666667
0 0.24947916666666667 0.4890625 0.15520833333333334 0.090625
0 0.24583333333333332 0.6098958333333333 0.12916666666666665 0.11979166666666667
0 0.31145833333333334 0.728125 0.16666666666666666 0.09583333333333333
0 0.4828125 0.7723958333333333 0.103125 0.17604166666666665
1 0.4046875 0.9088541666666666 0.08854166666666667 0.084375
1 0.6619791666666667 0.8411458333333334 0.09270833333333334 0.090625
1 0.15729166666666666 0.33958333333333335 0.07708333333333334 0.08125
1 0.5739583333333333 0.12604166666666666 0.06666666666666667 0.06041666666666667
1 0.9015624999999999 0.3375 0.09270833333333334 0.10833333333333334
