0 0.5291666666666667 0.11875 0.11666666666666667 0.09791666666666667
0 0.30885416666666665 0.328125 0.109375 0.10416666666666667
0 0.665625 0.334375 0.13333333333333333 0.06875
0 0.8901041666666667 0.33125 0.140625 0.08541666666666667
0 0.7598958333333333 0.45625 0.06979166666666667 0.15208333333333332
0 0.64375 0.5723958333333333 0.06666666666666667 0.13229166666666667
0 0.9 0.6244791666666667 0.07083333333333333 0.128125
0 0.6848958333333334 0.7203125 0.10520833333333333 0.11562499999999999
0 0.5192708333333333 0.7015625 0.103125 0.11770833333333333
0 0.28854166666666664 0.6052083333333333 0.11041666666666666 0.12083333333333333
1 0.340625 0.7463541666666667 0.07916666666666666 0.07604166666666666
1 0.4479166666666667 0.45625 0.06041666666666667 0.07083333333333333
1 0.46770833333333334 0.2984375 0.07291666666666667 0.06770833333333333
1 0.7380208333333333 0.23177083333333334 0.07395833333333333 0.08020833333333333
1 0.7927083333333333 0.7244791666666667 0.075 0.07395833333333333
