1 0.6151041666666667 0.196875 0.057291666666666664 0.07083333333333333
1 0.6979166666666666 0.2942708333333333 0.058333333333333334 0.06145833333333333
1 0.403125 0.34010416666666665 0.06875 0.05520833333333333
0 0.41041666666666665 0.19895833333333332 0.1 0.09583333333333333
0 0.525 0.1984375 0.058333333333333334 0.09270833333333334
0 0.2635416666666667 0.325 0.08541666666666667 0.09166666666666666
0 0.2125 0.5322916666666666 0.07916666666666666 0.1125
0 0.4640625 0.5161458333333333 0.057291666666666664 0.109375
0 0.3802083333333333 0.6921875 0.08958333333333333 0.09895833333333333
0 0.6625 0.7041666666666666 0.058333333333333334 0.11666666666666667
0 0.625 0.56875 0.08541666666666667 0.09375
0 0.6796875 0.4223958333333333 0.109375 0.057291666666666664
0 0.5588541666666667 0.3385416666666667 0.09479166666666666 0.05625
