0 0.3203125 0.15052083333333333 0.14270833333333333 0.11562499999999999
0 0.5473958333333333 0.22916666666666666 0.15104166666666666 0.12708333333333333
0 0.8515625 0.3536458333333333 0.13229166666666667 0.153125
0 0.7869791666666667 0.49947916666666664 0.11354166666666667 0.159375
0 0.8838541666666666 0.746875 0.14895833333333333 0.075
0 0.70625 0.7338541666666667 0.10416666666666667 0.13229166666666667
0 0.5911458333333334 0.5005208333333333 0.08229166666666667 0.16354166666666667
0 0.4375 0.53125 0.11041666666666666 0.15416666666666667
0 0.2765625 0.40781249999999997 0.15520833333333334 0.103125
0 0.28489583333333335 0.6578125 0.15520833333333334 0.11562499999999999
0 0.38385416666666666 0.8802083333333334 0.14895833333333333 0.13333333333333333
1 0.23385416666666667 0.2682291666666667 0.08854166666666667 0.09895833333333333
1 0.63125 0.09322916666666667 0.08125 0.09479166666666666
1 0.7895833333333333 0.1625 0.09791666666666667 0.07916666666666666
1 0.8958333333333334 0.5125 0.08541666666666667 0.08958333333333333
2 0.534375 0.7927083333333333 0.05625 0.06875
