0 0.5104166666666666 0.20729166666666665 0.09166666666666666 0.1375
0 0.7182291666666667 0.2635416666666667 0.14479166666666665 0.075
0 0.7182291666666667 0.47031249999999997 0.096875 0.13229166666666667
0 0.8609375 0.7020833333333333 0.09479166666666666 0.15625
0 0.3776041666666667 0.3109375 0.15729166666666666 0.065625
0 0.20260416666666667 0.3645833333333333 0.07395833333333333 0.15208333333333332
0 0.3265625 0.5192708333333333 0.128125 0.109375
0 0.42343749999999997 0.6885416666666666 0.13854166666666667 0.08333333333333333
0 0.6838541666666667 0.7947916666666667 0.11562499999999999 0.125
1 0.5322916666666666 0.48385416666666664 0.08541666666666667 0.08854166666666667
1 0.23489583333333333 0.7057291666666666 0.08854166666666667 0.06979166666666667
