2 0.3880208333333333 0.23177083333333334 0.036458333333333336 0.030208333333333334
0 0.22395833333333334 0.4666666666666667 0.07083333333333333 0.07708333333333334
0 0.24895833333333334 0.6755208333333333 0.08333333333333333 0.05520833333333333
0 0.41822916666666665 0.6604166666666667 0.084375 0.052083333333333336
0 0.2864583333333333 0.5802083333333333 0.075 0.052083333333333336
0 0.396875 0.559375 0.0875 0.052083333333333336
0 0.50625 0.5536458333333333 0.08125 0.06145833333333333
0 0.5359375 0.5041666666666667 0.084375 0.03958333333333333
0 0.453125 0.4640625 0.0625 0.06979166666666667
0 0.5229166666666667 0.409375 0.07708333333333334 0.05
0 0.4036458333333333 0.39947916666666666 0.06145833333333333 0.059375
1 0.3265625 0.4984375 0.042708333333333334 0.059375
1 0.20781249999999998 0.6015625 0.04895833333333333 0.051041666666666666
1 0.528125 0.6182291666666666 0.05416666666666667 0.03854166666666667
