0 0.37604166666666666 0.11927083333333333 0.10625 0.15520833333333334
0 0.2864583333333333 0.3302083333333333 0.15625 0.0875
0 0.5015625 0.45677083333333335 0.13854166666666667 0.153125
0 0.7953125 0.22552083333333334 0.121875 0.15729166666666666
0 0.7557291666666667 0.43906249999999997 0.084375 0.16979166666666667
0 0.6953125 0.659375 0.165625 0.075
0 0.39791666666666664 0.8828125 0.14375 0.14895833333333333
0 0.13385416666666666 0.5385416666666667 0.13854166666666667 0.13125
1 0.3697916666666667 0.609375 0.10833333333333334 0.07291666666666667
1 0.49166666666666664 0.2713541666666667 0.06666666666666667 0.07604166666666666
1 0.74375 0.8708333333333333 0.09375 0.10625
