0 0.20520833333333333 0.3390625 0.12291666666666666 0.16979166666666667
0 0.4484375 0.28854166666666664 0.16979166666666667 0.10625
0 0.734375 0.30833333333333335 0.12916666666666665 0.17083333333333334
0 0.6515625 0.5302083333333333 0.146875 0.14166666666666666
0 0.8416666666666667 0.6244791666666667 0.12291666666666666 0.18229166666666666
0 0.7901041666666666 0.790625 0.15520833333333334 0.14166666666666666
0 0.5338541666666666 0.6984375 0.140625 0.15520833333333334
0 0.3052083333333333 0.6385416666666667 0.19791666666666666 0.1
0 0.2171875 0.7635416666666667 0.13854166666666667 0.16458333333333333
0 0.4192708333333333 0.86875 0.128125 0.19375
1 0.35260416666666666 0.10572916666666667 0.096875 0.11145833333333333
1 0.5802083333333333 0.19166666666666665 0.08541666666666667 0.09166666666666666
1 0.865625 0.3416666666666667 0.10625 0.08333333333333333
0 0.38385416666666666 0.45416666666666666 0.14895833333333333 0.16041666666666665
