1 0.7854166666666667 0.15260416666666665 0.09375 0.08020833333333333
1 0.2755208333333333 0.6421875 0.096875 0.09479166666666666
1 0.4875 0.8072916666666666 0.08958333333333333 0.0875
0 0.7473958333333334 0.9083333333333333 0.15104166666666666 0.11041666666666666
0 0.8161458333333333 0.6770833333333334 0.11562499999999999 0.15208333333333332
0 0.8312499999999999 0.4015625 0.11666666666666667 0.16770833333333332
0 0.5390625 0.22135416666666666 0.14270833333333333 0.13229166666666667
0 0.278125 0.16666666666666666 0.14166666666666666 0.12916666666666665
0 0.29010416666666666 0.38645833333333335 0.08229166666666667 0.16458333333333333
0 0.39791666666666664 0.525 0.10625 0.16875
0 0.6260416666666666 0.4890625 0.15416666666666667 0.08020833333333333
0 0.6286458333333333 0.69375 0.084375 0.17291666666666666
0 0.3359375 0.8552083333333333 0.08645833333333333 0.16041666666666665
