1 0.5307291666666667 0.36354166666666665 0.08645833333333333 0.08958333333333333
1 0.3807291666666667 0.8859374999999999 0.10104166666666667 0.07604166666666666
0 0.421875 0.19427083333333334 0.12916666666666665 0.15729166666666666
0 0.28854166666666664 0.3828125 0.10416666666666667 0.17604166666666665
0 0.3296875 0.6671875 0.134375 0.18229166666666666
0 0.5489583333333333 0.6510416666666666 0.0875 0.18125
0 0.7442708333333333 0.8848958333333333 0.11770833333333333 0.15520833333333334
0 0.8369791666666666 0.6317708333333333 0.10520833333333333 0.18020833333333333
0 0.6984375 0.3078125 0.10520833333333333 0.178125
0 0.834375 0.434375 0.18125 0.08958333333333333
