1 0.8182291666666667 0.1953125 0.06770833333333333 0.08020833333333333
1 0.8385416666666666 0.4119791666666667 0.075 0.071875
1 0.7807291666666667 0.828125 0.06354166666666666 0.08125
1 0.44895833333333335 0.5630208333333333 0.07708333333333334 0.096875
0 0.5567708333333333 0.21354166666666666 0.153125 0.06875
0 0.70625 0.35052083333333334 0.07708333333333334 0.128125
0 0.36041666666666666 0.296875 0.15208333333333332 0.10416666666666667
0 0.21666666666666667 0.44635416666666666 0.14375 0.09479166666666666
0 0.5494791666666666 0.4453125 0.14479166666666665 0.11354166666666667
0 0.71875 0.6067708333333334 0.07708333333333334 0.15104166666666666
0 0.5723958333333333 0.7401041666666667 0.15104166666666666 0.109375
0 0.32916666666666666 0.7125 0.15 0.08125
0 0.27708333333333335 0.5739583333333333 0.13333333333333333 0.06875
