0 0.315625 0.21197916666666666 0.09166666666666666 0.15104166666666666
0 0.6614583333333334 0.1609375 0.14583333333333334 0.109375
0 0.7520833333333333 0.3026041666666667 0.1375 0.134375
0 0.8677083333333333 0.4348958333333333 0.11458333333333333 0.121875
0 0.8026041666666667 0.6125 0.128125 0.0875
0 0.5026041666666666 0.49166666666666664 0.07395833333333333 0.14583333333333334
0 0.3307291666666667 0.4921875 0.096875 0.16354166666666667
0 0.2015625 0.5322916666666666 0.07395833333333333 0.14375
0 0.17291666666666666 0.7682291666666666 0.08333333333333333 0.15729166666666666
0 0.3109375 0.7645833333333333 0.10729166666666666 0.13958333333333334
0 0.5838541666666667 0.7411458333333333 0.08854166666666667 0.14895833333333333
0 0.7859375 0.8244791666666667 0.09270833333333334 0.153125
1 0.63125 0.5369791666666667 0.08541666666666667 0.07395833333333333
0 0.45729166666666665 0.18385416666666665 0.125 0.09479166666666666
1 0.21614583333333334 0.32395833333333335 0.078125 0.08541666666666667
1 0.5703125 0.29375 0.08645833333333333 0.07708333333333334
1 0.46770833333333334 0.7869791666666667 0.0625 0.08229166666666667
