0 0.38958333333333334 0.18645833333333334 0.09166666666666666 0.1
0 0.5708333333333333 0.23333333333333334 0.09791666666666667 0.08125
0 0.6177083333333333 0.38177083333333334 0.10416666666666667 0.103125
0 0.8624999999999999 0.5640625 0.10208333333333333 0.09270833333333334
0 0.7390625 0.6723958333333333 0.109375 0.096875
0 0.5885416666666666 0.6140625 0.06041666666666667 0.12395833333333334
0 0.3989583333333333 0.4005208333333333 0.10208333333333333 0.10520833333333333
0 0.15052083333333333 0.3927083333333333 0.11770833333333333 0.10416666666666667
0 0.271875 0.5817708333333333 0.07708333333333334 0.128125
0 0.484375 0.7932291666666667 0.12708333333333333 0.08645833333333333
0 0.19583333333333333 0.7760416666666666 0.09375 0.09791666666666667
1 0.821875 0.303125 0.07083333333333333 0.08541666666666667
