1 0.7979166666666666 0.4635416666666667 0.08541666666666667 0.07291666666666667
1 0.3151041666666667 0.7276041666666666 0.078125 0.09479166666666666
0 0.6020833333333333 0.1484375 0.09791666666666667 0.140625
0 0.6677083333333333 0.3729166666666667 0.14375 0.075
0 0.46770833333333334 0.25729166666666664 0.12708333333333333 0.08125
0 0.2734375 0.29791666666666666 0.084375 0.13333333333333333
0 0.2546875 0.44687499999999997 0.128125 0.08541666666666667
0 0.5145833333333333 0.521875 0.0875 0.1375
0 0.19583333333333333 0.6296875 0.125 0.11145833333333333
0 0.46875 0.7973958333333333 0.125 0.12395833333333334
0 0.64375 0.7046875 0.075 0.165625
0 0.8567708333333334 0.721875 0.12604166666666666 0.11458333333333333
