2 0.2015625 0.7442708333333333 0.051041666666666666 0.036458333333333336
1 0.47552083333333334 0.5010416666666666 0.08020833333333333 0.06458333333333333
1 0.8854166666666666 0.5208333333333334 0.09375 0.0625
0 0.796875 0.23333333333333334 0.14166666666666666 0.07291666666666667
0 0.35520833333333335 0.1890625 0.1125 0.11770833333333333
0 0.18125 0.3958333333333333 0.14166666666666666 0.1125
0 0.36822916666666666 0.3697916666666667 0.08645833333333333 0.14375
0 0.603125 0.33177083333333335 0.07916666666666666 0.13229166666666667
0 0.23697916666666666 0.6463541666666667 0.15520833333333334 0.07604166666666666
0 0.42916666666666664 0.61875 0.10208333333333333 0.13125
0 0.6005208333333333 0.6479166666666667 0.07395833333333333 0.15208333333333332
0 0.7640625 0.746875 0.078125 0.15625
0 0.5078125 0.828125 0.12604166666666666 0.0875
