1 0.440625 0.1515625 0.11458333333333333 0.10104166666666667
1 0.8494791666666667 0.5244791666666666 0.078125 0.09479166666666666
0 0.17083333333333334 0.2046875 0.12291666666666666 0.178125
0 0.17604166666666665 0.50625 0.1875 0.09583333333333333
0 0.41562499999999997 0.4614583333333333 0.11458333333333333 0.16875
0 0.5895833333333333 0.35520833333333335 0.16666666666666666 0.11875
0 0.8854166666666666 0.2947916666666667 0.14375 0.1375
0 0.6453125 0.1859375 0.090625 0.15520833333333334
0 0.5890625 0.6203125 0.140625 0.13020833333333334
0 0.9026041666666667 0.7005208333333334 0.09479166666666666 0.16145833333333334
0 0.6859375 0.8463541666666666 0.16770833333333332 0.12395833333333334
0 0.41510416666666666 0.9145833333333333 0.13229166666666667 0.14791666666666667
0 0.21927083333333333 0.8119791666666667 0.18645833333333334 0.109375
