0 0.2942708333333333 0.18802083333333333 0.12395833333333334 0.08229166666666667
0 0.5052083333333334 0.20677083333333332 0.0875 0.11770833333333333
0 0.6817708333333333 0.3421875 0.11770833333333333 0.084375
0 0.8072916666666666 0.334375 0.06458333333333333 0.12083333333333333
0 0.5833333333333334 0.45468749999999997 0.10625 0.10104166666666667
0 0.4479166666666667 0.33958333333333335 0.12291666666666666 0.06666666666666667
0 0.2526041666666667 0.6911458333333333 0.09895833333333333 0.11145833333333333
0 0.41770833333333335 0.7296875 0.12916666666666665 0.065625
1 0.6453125 0.703125 0.08020833333333333 0.06666666666666667
1 0.3802083333333333 0.5010416666666666 0.08333333333333333 0.06875
1 0.2552083333333333 0.4166666666666667 0.08958333333333333 0.0625
