1 0.6869791666666667 0.31614583333333335 0.08020833333333333 0.10520833333333333
1 0.7765625 0.7421875 0.096875 0.084375
1 0.3052083333333333 0.7088541666666667 0.075 0.11979166666666667
0 0.38958333333333334 0.16041666666666665 0.16666666666666666 0.075
0 0.26197916666666665 0.375 0.103125 0.13333333333333333
0 0.41041666666666665 0.47031249999999997 0.14166666666666666 0.09895833333333333
0 0.5197916666666667 0.32916666666666666 0.14791666666666667 0.075
0 0.6838541666666667 0.4901041666666667 0.090625 0.14895833333333333
0 0.5057291666666667 0.7536458333333333 0.13645833333333332 0.15520833333333334
0 0.8197916666666667 0.3302083333333333 0.1125 0.14375
