0 0.434375 0.13177083333333334 0.17083333333333334 0.096875
0 0.15364583333333334 0.47552083333333334 0.190625 0.103125
0 0.23124999999999998 0.6916666666666667 0.15625 0.125
0 0.5588541666666667 0.38229166666666664 0.19479166666666667 0.11875
0 0.4661458333333333 0.8473958333333333 0.109375 0.19479166666666667
0 0.6619791666666667 0.6546875 0.18020833333333333 0.090625
0 0.8760416666666666 0.5828125 0.10625 0.14479166666666665
0 0.8484375 0.3265625 0.10520833333333333 0.18645833333333334
1 0.25 0.2713541666666667 0.10208333333333333 0.09479166666666666
2 0.9114583333333334 0.9421875 0.06875 0.05520833333333333
