1 0.4375 0.4244791666666667 0.07291666666666667 0.084375
1 0.6416666666666666 0.22760416666666666 0.075 0.09479166666666666
1 0.7802083333333333 0.31354166666666666 0.08333333333333333 0.08541666666666667
1 0.8380208333333333 0.46249999999999997 0.08645833333333333 0.11458333333333333
1 0.28072916666666664 0.5447916666666667 0.10520833333333333 0.075
0 0.3802083333333333 0.1453125 0.11458333333333333 0.16354166666666667
0 0.31614583333333335 0.3578125 0.128125 0.121875
0 0.6 0.4864583333333333 0.13958333333333334 0.10625
0 0.7385416666666667 0.6463541666666667 0.125 0.14479166666666665
0 0.4473958333333333 0.796875 0.078125 0.15833333333333333
0 0.28802083333333334 0.7223958333333333 0.103125 0.159375
