0 0.24322916666666666 0.15052083333333333 0.090625 0.140625
0 0.45 0.19375 0.09375 0.12916666666666665
0 0.6619791666666667 0.1546875 0.08020833333333333 0.12395833333333334
0 0.8291666666666666 0.14947916666666666 0.12708333333333333 0.071875
0 0.7697916666666667 0.2942708333333333 0.09791666666666667 0.128125
0 0.8880208333333334 0.6322916666666667 0.08645833333333333 0.15416666666666667
0 0.6713541666666667 0.5213541666666667 0.12395833333333334 0.109375
0 0.5234375 0.3625 0.090625 0.14791666666666667
0 0.2265625 0.4536458333333333 0.140625 0.103125
0 0.37916666666666665 0.525 0.13958333333333334 0.08333333333333333
0 0.20989583333333334 0.6239583333333333 0.13854166666666667 0.09583333333333333
0 0.3333333333333333 0.8130208333333333 0.09791666666666667 0.153125
1 0.534375 0.565625 0.06458333333333333 0.08125
1 0.7828125 0.853125 0.078125 0.07708333333333334
2 0.6557291666666667 0.8135416666666666 0.036458333333333336 0.058333333333333334
