0 0.30833333333333335 0.21302083333333333 0.12708333333333333 0.14479166666666665
0 0.49114583333333334 0.30364583333333334 0.146875 0.109375
0 0.8755208333333333 0.3578125 0.14895833333333333 0.109375
0 0.8864583333333333 0.5822916666666667 0.10833333333333334 0.16041666666666665
0 0.7447916666666666 0.4557291666666667 0.15625 0.065625
0 0.5505208333333333 0.46041666666666664 0.08645833333333333 0.14791666666666667
0 0.6869791666666667 0.6796875 0.09895833333333333 0.18229166666666666
0 0.2484375 0.4036458333333333 0.159375 0.071875
0 0.12135416666666667 0.5395833333333333 0.13229166666666667 0.12916666666666665
0 0.3208333333333333 0.5734375 0.1 0.16145833333333334
0 0.4 0.8468749999999999 0.15625 0.11875
1 0.5958333333333333 0.8651041666666667 0.06458333333333333 0.08229166666666667
1 0.15 0.7510416666666666 0.09375 0.08541666666666667
1 0.4848958333333333 0.13645833333333332 0.096875 0.06458333333333333
1 0.728125 0.17552083333333332 0.06875 0.090625
