1 0.5619791666666667 0.4515625 0.071875 0.09270833333333334
2 0.4510416666666667 0.475 0.07291666666666667 0.058333333333333334
1 0.5234375 0.8036458333333333 0.090625 0.10104166666666667
0 0.6885416666666666 0.24010416666666667 0.1125 0.146875
0 0.5375 0.2708333333333333 0.1375 0.0875
0 0.2484375 0.31666666666666665 0.153125 0.12708333333333333
0 0.24739583333333334 0.5359375 0.09895833333333333 0.15729166666666666
0 0.23072916666666665 0.7708333333333334 0.159375 0.12291666666666666
0 0.5161458333333333 0.6364583333333333 0.159375 0.075
0 0.7958333333333333 0.7854166666666667 0.16041666666666665 0.1375
0 0.7453125 0.5067708333333333 0.12604166666666666 0.146875
