0 0.24010416666666667 0.28020833333333334 0.10104166666666667 0.14375
0 0.43854166666666666 0.190625 0.08958333333333333 0.19375
0 0.5838541666666667 0.3541666666666667 0.128125 0.13333333333333333
0 0.6760416666666667 0.5109375 0.11875 0.159375
0 0.8734375 0.6005208333333333 0.14895833333333333 0.140625
0 0.7307291666666667 0.8166666666666667 0.159375 0.14375
0 0.5869791666666666 0.6473958333333333 0.17604166666666665 0.09270833333333334
0 0.5296875 0.85 0.14270833333333333 0.14166666666666666
0 0.25625 0.7567708333333333 0.12916666666666665 0.11979166666666667
0 0.25416666666666665 0.4770833333333333 0.17291666666666666 0.0875
1 0.4109375 0.49895833333333334 0.090625 0.11458333333333333
1 0.21302083333333333 0.6223958333333334 0.10520833333333333 0.090625
1 0.6260416666666666 0.14010416666666667 0.07708333333333334 0.09895833333333333
1 0.753125 0.3296875 0.09583333333333333 0.08645833333333333
