1 0.5880208333333333 0.3 0.09479166666666666 0.08125
1 0.5729166666666666 0.48385416666666664 0.09166666666666666 0.08229166666666667
1 0.6057291666666667 0.7885416666666667 0.10520833333333333 0.08125
0 0.36041666666666666 0.2630208333333333 0.10416666666666667 0.140625
0 0.28125 0.4666666666666667 0.13541666666666666 0.09583333333333333
0 0.2265625 0.8171875 0.11979166666666667 0.15729166666666666
0 0.4171875 0.6833333333333333 0.096875 0.15416666666666667
0 0.746875 0.6286458333333333 0.15 0.084375
0 0.8270833333333333 0.384375 0.13958333333333334 0.12291666666666666
0 0.8510416666666667 0.8588541666666667 0.17291666666666666 0.08854166666666667
