0 0.33125 0.1359375 0.08125 0.18020833333333333
0 0.5291666666666667 0.11197916666666667 0.16458333333333333 0.08229166666666667
0 0.7348958333333333 0.178125 0.13854166666666667 0.1375
0 0.7947916666666667 0.38177083333333334 0.15416666666666667 0.07395833333333333
0 0.58125 0.334375 0.1625 0.09791666666666667
0 0.20572916666666666 0.315625 0.084375 0.175
0 0.17760416666666667 0.5822916666666667 0.14895833333333333 0.10833333333333334
0 0.49322916666666666 0.6760416666666667 0.16770833333333332 0.08333333333333333
0 0.5432291666666667 0.8494791666666667 0.14895833333333333 0.11562499999999999
1 0.37083333333333335 0.4505208333333333 0.09583333333333333 0.08854166666666667
1 0.7302083333333333 0.5875 0.08541666666666667 0.10208333333333333
