1 0.13645833333333332 0.41041666666666665 0.06666666666666667 0.10208333333333333
1 0.6572916666666666 0.253125 0.05625 0.08958333333333333
1 0.8192708333333333 0.6895833333333333 0.09479166666666666 0.06666666666666667
0 0.4927083333333333 0.2703125 0.13333333333333333 0.11979166666666667
0 0.3338541666666667 0.3151041666666667 0.10520833333333333 0.13020833333333334
0 0.3302083333333333 0.4947916666666667 0.15 0.09791666666666667
0 0.6291666666666667 0.45208333333333334 0.11458333333333333 0.1375
0 0.821875 0.3875 0.13958333333333334 0.11041666666666666
0 0.8630208333333333 0.5520833333333334 0.14895833333333333 0.09166666666666666
0 0.5848958333333333 0.6578125 0.09270833333333334 0.134375
0 0.6885416666666666 0.7901041666666666 0.12708333333333333 0.13645833333333332
0 0.4 0.7479166666666667 0.09791666666666667 0.16666666666666666
