0 0.3416666666666667 0.1484375 0.11041666666666666 0.11562499999999999
0 0.715625 0.253125 0.15833333333333333 0.08125
0 0.515625 0.31979166666666664 0.08333333333333333 0.15208333333333332
0 0.69375 0.4125 0.08125 0.13333333333333333
0 0.8776041666666666 0.4036458333333333 0.153125 0.08645833333333333
0 0.5307291666666667 0.5921875 0.09479166666666666 0.134375
0 0.32135416666666666 0.5947916666666666 0.090625 0.18125
0 0.228125 0.46510416666666665 0.12291666666666666 0.10520833333333333
0 0.2520833333333333 0.796875 0.14791666666666667 0.10833333333333334
0 0.5807291666666666 0.8781249999999999 0.128125 0.1125
1 0.6822916666666666 0.7234375 0.08541666666666667 0.08020833333333333
1 0.81875 0.6109375 0.09583333333333333 0.09479166666666666
1 0.28489583333333335 0.30625 0.09895833333333333 0.07916666666666666
1 0.6796875 0.12395833333333334 0.08020833333333333 0.0875
