1 0.24010416666666667 0.25364583333333335 0.08020833333333333 0.090625
1 0.7901041666666666 0.47291666666666665 0.08229166666666667 0.075
1 0.4921875 0.8229166666666666 0.07395833333333333 0.08541666666666667
1 0.1828125 0.7895833333333333 0.08854166666666667 0.0625
0 0.4036458333333333 0.12916666666666665 0.13229166666666667 0.10208333333333333
0 0.6536458333333334 0.24791666666666667 0.134375 0.07916666666666666
0 0.825 0.2994791666666667 0.07291666666666667 0.13020833333333334
0 0.45677083333333335 0.34375 0.084375 0.14166666666666666
0 0.6421875 0.4692708333333333 0.134375 0.07395833333333333
0 0.6875 0.7203125 0.1 0.13854166666666667
0 0.7953125 0.8770833333333333 0.134375 0.07291666666666667
0 0.44947916666666665 0.6255208333333333 0.14270833333333333 0.09895833333333333
0 0.2760416666666667 0.44427083333333334 0.14583333333333334 0.078125
0 0.2640625 0.6171875 0.140625 0.08854166666666667
