0 0.6125 0.2 0.0875 0.15416666666666667
0 0.8015625 0.2546875 0.08645833333333333 0.13645833333333332
0 0.559375 0.40208333333333335 0.10625 0.125
0 0.7125 0.5979166666666667 0.09583333333333333 0.14166666666666666
0 0.5416666666666666 0.5875 0.14375 0.10833333333333334
0 0.5166666666666666 0.7630208333333334 0.14166666666666666 0.07604166666666666
0 0.23802083333333332 0.5864583333333333 0.090625 0.15625
0 0.3390625 0.36875 0.134375 0.10625
1 0.3723958333333333 0.22760416666666666 0.08229166666666667 0.09479166666666666
1 0.2526041666666667 0.44687499999999997 0.06354166666666666 0.07291666666666667
1 0.3390625 0.7901041666666666 0.09270833333333334 0.084375
1 0.7734375 0.7822916666666666 0.090625 0.08541666666666667
1 0.7484375 0.4161458333333333 0.08020833333333333 0.084375
