1 0.6567708333333333 0.37447916666666664 0.07604166666666666 0.121875
0 0.25729166666666664 0.10104166666666667 0.13958333333333334 0.13541666666666666
0 0.26979166666666665 0.3140625 0.14375 0.10729166666666666
0 0.4479166666666667 0.2609375 0.13958333333333334 0.06770833333333333
0 0.7510416666666666 0.12135416666666667 0.13541666666666666 0.13645833333333332
0 0.9145833333333333 0.4817708333333333 0.12083333333333333 0.14895833333333333
0 0.5057291666666667 0.5015625 0.11770833333333333 0.14895833333333333
0 0.18333333333333332 0.5369791666666667 0.18333333333333332 0.07604166666666666
0 0.2890625 0.8536458333333333 0.11770833333333333 0.13020833333333334
0 0.6333333333333333 0.8010416666666667 0.14166666666666666 0.0875
