0 0.30885416666666665 0.23697916666666666 0.10729166666666666 0.12395833333333334
0 0.25625 0.44166666666666665 0.07916666666666666 0.17708333333333334
0 0.22083333333333333 0.6385416666666667 0.13541666666666666 0.09375
0 0.49583333333333335 0.6255208333333333 0.11041666666666666 0.14895833333333333
0 0.7885416666666667 0.4640625 0.14166666666666666 0.11770833333333333
0 0.546875 0.35 0.11041666666666666 0.11458333333333333
0 0.8114583333333333 0.753125 0.16458333333333333 0.1
0 0.39947916666666666 0.790625 0.13020833333333334 0.09583333333333333
1 0.6411458333333333 0.7567708333333333 0.090625 0.096875
1 0.7848958333333333 0.26927083333333335 0.10104166666666667 0.07604166666666666
1 0.4458333333333333 0.15833333333333333 0.08333333333333333 0.08541666666666667
