1 0.49583333333333335 0.3229166666666667 0.09375 0.08333333333333333
1 0.6807291666666666 0.8020833333333334 0.07395833333333333 0.11875
0 0.18020833333333333 0.33541666666666664 0.16458333333333333 0.10208333333333333
0 0.3260416666666667 0.18645833333333334 0.08541666666666667 0.18125
0 0.640625 0.10104166666666667 0.0875 0.15208333333333332
0 0.784375 0.29635416666666664 0.11666666666666667 0.15104166666666666
0 0.875 0.484375 0.08333333333333333 0.14583333333333334
0 0.6791666666666667 0.5640625 0.16041666666666665 0.08645833333333333
0 0.5307291666666667 0.6802083333333333 0.16770833333333332 0.08541666666666667
0 0.5052083333333334 0.8645833333333334 0.17291666666666666 0.08958333333333333
0 0.2 0.7046875 0.18958333333333333 0.08229166666666667
0 0.28541666666666665 0.5411458333333333 0.15833333333333333 0.078125
