0 0.4265625 0.17239583333333333 0.09270833333333334 0.12395833333333334
0 0.5796875 0.20729166666666665 0.084375 0.12708333333333333
0 0.8265625 0.23333333333333334 0.13645833333333332 0.06875
0 0.7598958333333333 0.4041666666666667 0.13229166666666667 0.07291666666666667
0 0.36302083333333335 0.41770833333333335 0.10520833333333333 0.11666666666666667
0 0.47552083333333334 0.5203125 0.06354166666666666 0.12604166666666666
0 0.7145833333333333 0.7598958333333333 0.075 0.140625
0 0.428125 0.7838541666666666 0.12083333333333333 0.08645833333333333
1 0.21614583333333334 0.5984375 0.078125 0.08854166666666667
1 0.625 0.4041666666666667 0.06458333333333333 0.07916666666666666
1 0.7697916666666667 0.5677083333333334 0.08333333333333333 0.0625
