0 0.5322916666666666 0.13802083333333334 0.14583333333333334 0.07395833333333333
0 0.665625 0.19791666666666666 0.08125 0.13958333333333334
0 0.35052083333333334 0.296875 0.07395833333333333 0.14791666666666667
0 0.24687499999999998 0.4015625 0.12916666666666665 0.134375
0 0.26979166666666665 0.5734375 0.13333333333333333 0.12604166666666666
0 0.5151041666666667 0.4708333333333333 0.09479166666666666 0.12083333333333333
0 0.5005208333333333 0.6317708333333333 0.07395833333333333 0.128125
0 0.74375 0.6244791666666667 0.07291666666666667 0.16145833333333334
0 0.9072916666666666 0.6520833333333333 0.10208333333333333 0.12291666666666666
0 0.69375 0.8614583333333333 0.11666666666666667 0.12083333333333333
0 0.2453125 0.8401041666666667 0.13020833333333334 0.08645833333333333
1 0.43645833333333334 0.8458333333333333 0.08333333333333333 0.08333333333333333
1 0.7479166666666667 0.4276041666666667 0.07291666666666667 0.08645833333333333
1 0.8161458333333333 0.7630208333333334 0.071875 0.084375
