0 0.20729166666666665 0.309375 0.13125 0.1125
0 0.3145833333333333 0.25 0.12291666666666666 0.125
0 0.7208333333333333 0.2640625 0.10208333333333333 0.128125
0 0.9072916666666666 0.5588541666666667 0.14375 0.090625
0 0.22708333333333333 0.48072916666666665 0.13125 0.109375
0 0.19583333333333333 0.6682291666666667 0.11666666666666667 0.11145833333333333
0 0.4557291666666667 0.5885416666666666 0.153125 0.08541666666666667
0 0.6822916666666666 0.8317708333333333 0.13958333333333334 0.10520833333333333
1 0.5572916666666666 0.21510416666666665 0.09791666666666667 0.09895833333333333
1 0.6671875 0.4088541666666667 0.06354166666666666 0.07604166666666666
2 0.3833333333333333 0.8453125 0.05 0.051041666666666666
