0 0.3104166666666667 0.07552083333333333 0.07916666666666666 0.13229166666666667
0 0.6229166666666667 0.0984375 0.08125 0.153125
0 0.7770833333333333 0.18697916666666667 0.08333333333333333 0.15520833333333334
0 0.5135416666666667 0.2703125 0.11041666666666666 0.121875
0 0.3151041666666667 0.38229166666666664 0.10104166666666667 0.16041666666666665
0 0.40781249999999997 0.5614583333333333 0.171875 0.08333333333333333
0 0.8239583333333333 0.6317708333333333 0.1125 0.153125
0 0.8260416666666667 0.8994791666666666 0.14375 0.11770833333333333
0 0.6005208333333333 0.8364583333333333 0.134375 0.15208333333333332
0 0.334375 0.7307291666666667 0.15 0.08854166666666667
1 0.21979166666666666 0.6354166666666666 0.08958333333333333 0.06041666666666667
1 0.6177083333333333 0.6421875 0.09375 0.06770833333333333
1 0.5588541666666667 0.4479166666666667 0.071875 0.09791666666666667
1 0.8416666666666667 0.40520833333333334 0.07291666666666667 0.058333333333333334
