1 0.6546875 0.17239583333333333 0.09895833333333333 0.09270833333333334
1 0.5901041666666667 0.7677083333333333 0.071875 0.08541666666666667
0 0.2296875 0.128125 0.109375 0.19791666666666666
0 0.434375 0.15104166666666666 0.11458333333333333 0.15625
0 0.15260416666666665 0.37604166666666666 0.16354166666666667 0.09791666666666667
0 0.3932291666666667 0.44427083333333334 0.20729166666666665 0.084375
0 0.6567708333333333 0.3411458333333333 0.16354166666666667 0.090625
0 0.8473958333333333 0.4270833333333333 0.13020833333333334 0.18125
0 0.6369791666666667 0.578125 0.12395833333333334 0.15416666666666667
0 0.8708333333333333 0.6416666666666666 0.14375 0.16875
0 0.8130208333333333 0.8729166666666667 0.15729166666666666 0.13541666666666666
0 0.4010416666666667 0.84375 0.16041666666666665 0.10416666666666667
0 0.1984375 0.6723958333333333 0.15729166666666666 0.14895833333333333
