0 0.6036458333333333 0.18697916666666667 0.134375 0.12395833333333334
0 0.4479166666666667 0.253125 0.12916666666666665 0.11666666666666667
0 0.24479166666666666 0.3416666666666667 0.11458333333333333 0.09791666666666667
0 0.3645833333333333 0.41562499999999997 0.07916666666666666 0.14166666666666666
0 0.3385416666666667 0.5947916666666666 0.09583333333333333 0.15
0 0.3130208333333333 0.7869791666666667 0.13645833333333332 0.103125
0 0.48854166666666665 0.8833333333333333 0.13541666666666666 0.0875
0 0.7546875 0.7510416666666666 0.15104166666666666 0.08125
0 0.896875 0.6921875 0.15 0.08645833333333333
0 0.88125 0.5005208333333333 0.15 0.090625
0 0.60625 0.44635416666666666 0.075 0.146875
0 0.7046875 0.3927083333333333 0.08854166666666667 0.12083333333333333
1 0.7963541666666667 0.2630208333333333 0.08645833333333333 0.07395833333333333
1 0.5078125 0.65625 0.109375 0.052083333333333336
