0 0.2140625 0.43072916666666666 0.17395833333333333 0.06354166666666666
0 0.42291666666666666 0.35833333333333334 0.14583333333333334 0.06041666666666667
0 0.5755208333333334 0.403125 0.10520833333333333 0.14375
0 0.559375 0.2125 0.14375 0.09583333333333333
0 0.8 0.3380208333333333 0.1 0.15729166666666666
0 0.7744791666666666 0.6697916666666667 0.165625 0.09791666666666667
0 0.45677083333333335 0.6067708333333334 0.12395833333333334 0.13645833333333332
0 0.32916666666666666 0.7484375 0.125 0.13645833333333332
1 0.2765625 0.5864583333333333 0.08229166666666667 0.09166666666666666
1 0.275 0.22343749999999998 0.09375 0.07604166666666666
1 0.6713541666666667 0.5151041666666667 0.07604166666666666 0.09270833333333334
1 0.84375 0.5484375 0.08125 0.06354166666666666
1 0.575 0.7911458333333333 0.1 0.07604166666666666
