0 0.2765625 0.20364583333333333 0.11562499999999999 0.159375
0 0.4328125 0.2682291666666667 0.15729166666666666 0.11770833333333333
0 0.5213541666666667 0.42916666666666664 0.16770833333333332 0.0875
0 0.7182291666666667 0.38645833333333335 0.140625 0.12291666666666666
0 0.859375 0.49895833333333334 0.18541666666666667 0.08958333333333333
0 0.8781249999999999 0.6864583333333333 0.1125 0.15208333333333332
0 0.6760416666666667 0.6385416666666667 0.15416666666666667 0.08125
0 0.7 0.8489583333333334 0.16666666666666666 0.10208333333333333
0 0.1671875 0.428125 0.15104166666666666 0.13125
0 0.3578125 0.5197916666666667 0.109375 0.15625
0 0.30104166666666665 0.6723958333333333 0.12708333333333333 0.15104166666666666
0 0.48020833333333335 0.85625 0.0875 0.15833333333333333
0 0.5041666666666667 0.6192708333333333 0.16041666666666665 0.11562499999999999
1 0.134375 0.6817708333333333 0.10208333333333333 0.08854166666666667
1 0.6864583333333333 0.5067708333333333 0.08541666666666667 0.084375
1 0.5875 0.19635416666666666 0.07083333333333333 0.10520833333333333
