0 0.3364583333333333 0.09635416666666667 0.15625 0.11562499999999999
0 0.16458333333333333 0.35052083333333334 0.15833333333333333 0.09895833333333333
0 0.39739583333333334 0.32395833333333335 0.14479166666666665 0.1
0 0.5114583333333333 0.1390625 0.12291666666666666 0.11979166666666667
0 0.709375 0.08125 0.175 0.09583333333333333
0 0.90625 0.1828125 0.15 0.096875
0 0.825 0.37447916666666664 0.10833333333333334 0.12395833333333334
0 0.8697916666666666 0.6453125 0.11041666666666666 0.16354166666666667
0 0.596875 0.5604166666666667 0.15625 0.1
0 0.6463541666666667 0.7286458333333333 0.159375 0.10104166666666667
0 0.390625 0.79375 0.14583333333333334 0.13958333333333334
0 0.24791666666666667 0.60625 0.15208333333333332 0.10416666666666667
1 0.6651041666666666 0.4354166666666667 0.109375 0.1125
