0 0.25729166666666664 0.15677083333333333 0.09583333333333333 0.16770833333333332
0 0.278125 0.30364583333333334 0.1625 0.09270833333333334
0 0.5078125 0.41510416666666666 0.16979166666666667 0.09895833333333333
0 0.703125 0.45416666666666666 0.15625 0.1125
0 0.6354166666666666 0.15625 0.12291666666666666 0.09583333333333333
0 0.7979166666666666 0.2375 0.17291666666666666 0.09375
0 0.7755208333333333 0.6276041666666666 0.06770833333333333 0.18229166666666666
0 0.3734375 0.7333333333333333 0.096875 0.16666666666666666
0 0.17083333333333334 0.7296875 0.09166666666666666 0.14479166666666665
0 0.21927083333333333 0.4015625 0.10729166666666666 0.146875
1 0.5046875 0.5411458333333333 0.08020833333333333 0.109375
1 0.5854166666666667 0.7578125 0.1125 0.071875
1 0.4302083333333333 0.15052083333333333 0.09375 0.07604166666666666
