0 0.2921875 0.17760416666666667 0.15520833333333334 0.08645833333333333
0 0.3958333333333333 0.31197916666666664 0.10625 0.121875
0 0.21197916666666666 0.4302083333333333 0.11979166666666667 0.12083333333333333
0 0.32447916666666665 0.5380208333333333 0.13020833333333334 0.12395833333333334
0 0.41770833333333335 0.7739583333333333 0.13541666666666666 0.08541666666666667
0 0.6416666666666666 0.6682291666666667 0.16041666666666665 0.06979166666666667
0 0.521875 0.4197916666666667 0.08958333333333333 0.14166666666666666
0 0.7125 0.2505208333333333 0.075 0.14479166666666665
0 0.8520833333333333 0.3265625 0.11041666666666666 0.10729166666666666
0 0.7427083333333333 0.5067708333333333 0.0875 0.12604166666666666
0 0.8473958333333333 0.5760416666666667 0.09479166666666666 0.14375
1 0.5739583333333333 0.17083333333333334 0.08958333333333333 0.06041666666666667
1 0.7609375 0.7713541666666667 0.08645833333333333 0.071875
