1 0.28541666666666665 0.371875 0.07708333333333334 0.09166666666666666
1 0.7354166666666666 0.40572916666666664 0.06666666666666667 0.08229166666666667
0 0.7453125 0.18125 0.096875 0.15625
0 0.3697916666666667 0.2046875 0.13541666666666666 0.11562499999999999
0 0.5619791666666667 0.234375 0.103125 0.14791666666666667
0 0.5104166666666666 0.4609375 0.11458333333333333 0.134375
0 0.7244791666666667 0.5447916666666667 0.16354166666666667 0.07291666666666667
0 0.8010416666666667 0.6635416666666667 0.14375 0.07708333333333334
0 0.575 0.6296875 0.11666666666666667 0.134375
0 0.6270833333333333 0.8114583333333333 0.08541666666666667 0.17291666666666666
0 0.37135416666666665 0.7453125 0.11979166666666667 0.13645833333333332
0 0.2796875 0.5260416666666666 0.146875 0.1125
