0 0.39166666666666666 0.18541666666666667 0.13541666666666666 0.12291666666666666
0 0.6119791666666666 0.15416666666666667 0.14270833333333333 0.10833333333333334
0 0.7088541666666667 0.2713541666666667 0.11145833333333333 0.11145833333333333
0 0.7828125 0.3963541666666667 0.11354166666666667 0.134375
0 0.7734375 0.5197916666666667 0.14479166666666665 0.1
0 0.484375 0.42083333333333334 0.15416666666666667 0.09166666666666666
0 0.5088541666666666 0.5854166666666667 0.14479166666666665 0.1
0 0.48854166666666665 0.7515625 0.14375 0.096875
0 0.2526041666666667 0.5697916666666667 0.13229166666666667 0.10208333333333333
0 0.20260416666666667 0.403125 0.10729166666666666 0.125
1 0.30416666666666664 0.27760416666666665 0.08333333333333333 0.084375
1 0.7234375 0.7723958333333333 0.09479166666666666 0.08229166666666667
