1 0.5677083333333334 0.10781249999999999 0.07291666666666667 0.07395833333333333
1 0.7552083333333334 0.2171875 0.06875 0.09479166666666666
1 0.1859375 0.4817708333333333 0.08645833333333333 0.07395833333333333
1 0.6916666666666667 0.8265625 0.1 0.071875
1 0.184375 0.7333333333333333 0.07291666666666667 0.10416666666666667
0 0.3567708333333333 0.703125 0.10104166666666667 0.1375
0 0.5635416666666666 0.6958333333333333 0.14166666666666666 0.09166666666666666
0 0.8338541666666667 0.653125 0.07604166666666666 0.13125
0 0.6208333333333333 0.5755208333333334 0.15833333333333333 0.06770833333333333
0 0.7833333333333333 0.43124999999999997 0.10416666666666667 0.11666666666666667
0 0.5838541666666667 0.46197916666666666 0.13229166666666667 0.09895833333333333
0 0.36875 0.4458333333333333 0.14166666666666666 0.07916666666666666
0 0.4822916666666667 0.2942708333333333 0.13541666666666666 0.090625
0 0.23802083333333332 0.2942708333333333 0.146875 0.12395833333333334
0 0.340625 0.09166666666666666 0.11666666666666667 0.11458333333333333
