0 0.4083333333333333 0.1859375 0.11458333333333333 0.08020833333333333
0 0.3625 0.3614583333333333 0.125 0.12291666666666666
0 0.5838541666666667 0.440625 0.071875 0.14791666666666667
0 0.753125 0.2791666666666667 0.08333333333333333 0.13333333333333333
0 0.2817708333333333 0.5489583333333333 0.14270833333333333 0.06666666666666667
0 0.48385416666666664 0.6453125 0.084375 0.153125
0 0.6630208333333333 0.6463541666666667 0.09270833333333334 0.146875
0 0.778125 0.7635416666666667 0.07708333333333334 0.16041666666666665
0 0.21041666666666667 0.721875 0.14791666666666667 0.0875
0 0.5114583333333333 0.8786458333333333 0.10625 0.12604166666666666
1 0.834375 0.4484375 0.08125 0.10520833333333333
1 0.5427083333333333 0.2890625 0.09791666666666667 0.071875
