0 0.2953125 0.2505208333333333 0.153125 0.096875
0 0.6671875 0.159375 0.08854166666666667 0.15625
0 0.6895833333333333 0.3958333333333333 0.08333333333333333 0.16458333333333333
0 0.8848958333333333 0.4302083333333333 0.14479166666666665 0.0875
0 0.7255208333333333 0.6130208333333333 0.153125 0.078125
0 0.5697916666666667 0.7723958333333333 0.16875 0.090625
0 0.5088541666666666 0.6072916666666667 0.13854166666666667 0.10625
0 0.49947916666666664 0.3885416666666667 0.13645833333333332 0.125
0 0.34739583333333335 0.43645833333333334 0.08854166666666667 0.15416666666666667
0 0.1796875 0.5484375 0.15729166666666666 0.08645833333333333
0 0.26458333333333334 0.7458333333333333 0.14791666666666667 0.1125
1 0.46041666666666664 0.19479166666666667 0.07083333333333333 0.06875
