0 0.24375 0.4661458333333333 0.17083333333333334 0.06979166666666667
0 0.4401041666666667 0.2796875 0.16979166666666667 0.10104166666666667
0 0.6744791666666666 0.26145833333333335 0.17604166666666665 0.09791666666666667
0 0.5255208333333333 0.5489583333333333 0.15729166666666666 0.07708333333333334
0 0.3854166666666667 0.7744791666666666 0.14375 0.09270833333333334
1 0.7270833333333333 0.8291666666666666 0.1 0.07291666666666667
1 0.7130208333333333 0.5302083333333333 0.07395833333333333 0.06458333333333333
1 0.8078124999999999 0.328125 0.08020833333333333 0.07291666666666667
1 0.2921875 0.19947916666666665 0.09270833333333334 0.08645833333333333
1 0.17864583333333334 0.8333333333333334 0.084375 0.07083333333333333
