1 0.16145833333333334 0.4375 0.08541666666666667 0.10833333333333334
1 0.7348958333333333 0.7510416666666666 0.078125 0.08958333333333333
2 0.5755208333333334 0.7651041666666667 0.053125 0.06979166666666667
0 0.2875 0.25885416666666666 0.10416666666666667 0.15729166666666666
0 0.4515625 0.23229166666666667 0.165625 0.07916666666666666
0 0.7135416666666666 0.30052083333333335 0.12291666666666666 0.146875
0 0.5890625 0.440625 0.16979166666666667 0.075
0 0.7541666666666667 0.5515625 0.16666666666666666 0.08854166666666667
0 0.4713541666666667 0.5729166666666666 0.171875 0.08333333333333333
0 0.26927083333333335 0.6328125 0.084375 0.14479166666666665
0 0.375 0.7942708333333334 0.10416666666666667 0.13020833333333334
