1 0.7411458333333333 0.33125 0.078125 0.09583333333333333
1 0.36302083333333335 0.5317708333333333 0.084375 0.09895833333333333
1 0.22760416666666666 0.5416666666666666 0.06770833333333333 0.06666666666666667
0 0.26979166666666665 0.2921875 0.09791666666666667 0.16145833333333334
0 0.47031249999999997 0.21302083333333333 0.16770833333333332 0.078125
0 0.7302083333333333 0.18125 0.16041666666666665 0.08125
0 0.7802083333333333 0.509375 0.14583333333333334 0.10833333333333334
0 0.7114583333333333 0.7671875 0.15833333333333333 0.103125
0 0.528125 0.7020833333333333 0.14166666666666666 0.125
0 0.5682291666666667 0.5395833333333333 0.171875 0.08125
0 0.5072916666666667 0.3723958333333333 0.1125 0.13020833333333334
0 0.2994791666666667 0.7916666666666666 0.159375 0.1
