0 0.45416666666666666 0.11875 0.14583333333333334 0.075
0 0.6484375 0.16979166666666667 0.096875 0.11458333333333333
0 0.6473958333333333 0.3442708333333333 0.090625 0.14895833333333333
0 0.7453125 0.5515625 0.153125 0.08020833333333333
0 0.8572916666666667 0.3104166666666667 0.10416666666666667 0.10416666666666667
0 0.47031249999999997 0.3546875 0.11562499999999999 0.09270833333333334
0 0.553125 0.56875 0.0875 0.13958333333333334
0 0.5958333333333333 0.759375 0.07083333333333333 0.1375
0 0.3421875 0.5635416666666666 0.13854166666666667 0.07708333333333334
0 0.3807291666666667 0.7713541666666667 0.146875 0.11354166666666667
1 0.23697916666666666 0.6604166666666667 0.09895833333333333 0.07083333333333333
1 0.8364583333333333 0.7229166666666667 0.07083333333333333 0.075
1 0.353125 0.22083333333333333 0.09375 0.07291666666666667
2 0.296875 0.40989583333333335 0.05 0.028125
