1 0.5463541666666667 0.35104166666666664 0.071875 0.075
1 0.21197916666666666 0.35572916666666665 0.08020833333333333 0.09479166666666666
1 0.41822916666666665 0.6354166666666666 0.09270833333333334 0.09375
0 0.3020833333333333 0.171875 0.11666666666666667 0.1375
0 0.5 0.19635416666666666 0.07291666666666667 0.165625
0 0.671875 0.121875 0.1 0.14166666666666666
0 0.7494791666666667 0.3515625 0.13020833333333334 0.09895833333333333
0 0.85 0.4942708333333333 0.13333333333333333 0.10520833333333333
0 0.7432291666666666 0.6697916666666667 0.09479166666666666 0.15833333333333333
0 0.565625 0.6619791666666667 0.0875 0.13020833333333334
0 0.18854166666666666 0.7192708333333333 0.14375 0.078125
0 0.22135416666666666 0.5114583333333333 0.13854166666666667 0.08333333333333333
0 0.4223958333333333 0.36666666666666664 0.096875 0.14583333333333334
