0 0.7229166666666667 0.13802083333333334 0.125 0.11354166666666667
0 0.4322916666666667 0.190625 0.1125 0.14375
0 0.2739583333333333 0.28489583333333335 0.14583333333333334 0.13854166666666667
0 0.5463541666666667 0.34479166666666666 0.16770833333333332 0.08541666666666667
0 0.88125 0.6203125 0.16041666666666665 0.11354166666666667
0 0.8010416666666667 0.8020833333333334 0.1125 0.14375
0 0.6489583333333333 0.7520833333333333 0.08541666666666667 0.16041666666666665
0 0.4765625 0.6109375 0.13645833333333332 0.10104166666666667
0 0.23645833333333333 0.5260416666666666 0.16041666666666665 0.09166666666666666
0 0.2911458333333333 0.8557291666666667 0.15104166666666666 0.090625
1 0.725 0.3875 0.1125 0.06458333333333333
