0 0.23958333333333334 0.3890625 0.15208333333333332 0.06770833333333333
0 0.48072916666666665 0.19270833333333334 0.146875 0.07083333333333333
0 0.6005208333333333 0.3453125 0.103125 0.11562499999999999
0 0.79375 0.22604166666666667 0.14791666666666667 0.0875
0 0.8468749999999999 0.47812499999999997 0.10416666666666667 0.1375
0 0.6239583333333333 0.546875 0.07083333333333333 0.16458333333333333
0 0.7671875 0.8604166666666666 0.14479166666666665 0.10208333333333333
0 0.4328125 0.6104166666666666 0.10104166666666667 0.12083333333333333
0 0.2296875 0.625 0.13854166666666667 0.1125
0 0.378125 0.8781249999999999 0.14166666666666666 0.09583333333333333
1 0.6973958333333333 0.7307291666666667 0.09270833333333334 0.06979166666666667
1 0.37083333333333335 0.2671875 0.09375 0.07604166666666666
1 0.5557291666666666 0.0734375 0.065625 0.08645833333333333
