0 0.515625 0.203125 0.12083333333333333 0.10833333333333334
0 0.5067708333333333 0.3729166666666667 0.13645833333333332 0.09375
0 0.8557291666666667 0.45208333333333334 0.140625 0.10208333333333333
0 0.8416666666666667 0.7432291666666666 0.07916666666666666 0.15520833333333334
0 0.5838541666666667 0.7197916666666666 0.09479166666666666 0.14166666666666666
0 0.31875 0.628125 0.09375 0.14375
0 0.4223958333333333 0.7989583333333333 0.084375 0.14791666666666667
1 0.5598958333333334 0.5447916666666667 0.09270833333333334 0.09166666666666666
1 0.6994791666666667 0.3442708333333333 0.059375 0.06770833333333333
1 0.31666666666666665 0.465625 0.08541666666666667 0.06458333333333333
1 0.28229166666666666 0.28072916666666664 0.08958333333333333 0.071875
