1 0.30833333333333335 0.12395833333333334 0.08125 0.06875
1 0.628125 0.33958333333333335 0.07708333333333334 0.0625
1 0.2942708333333333 0.721875 0.06770833333333333 0.05625
1 0.4973958333333333 0.8380208333333333 0.065625 0.078125
1 0.7760416666666666 0.7880208333333333 0.08958333333333333 0.078125
0 0.534375 0.1328125 0.14583333333333334 0.08854166666666667
0 0.6791666666666667 0.20572916666666666 0.14375 0.078125
0 0.8364583333333333 0.2989583333333333 0.07916666666666666 0.14166666666666666
0 0.8624999999999999 0.5833333333333334 0.125 0.12916666666666665
0 0.7203125 0.46249999999999997 0.12604166666666666 0.125
0 0.6473958333333333 0.6447916666666667 0.09270833333333334 0.14375
0 0.4166666666666667 0.3046875 0.16041666666666665 0.07395833333333333
0 0.15364583333333334 0.32447916666666665 0.16979166666666667 0.07395833333333333
0 0.1734375 0.5442708333333334 0.090625 0.18020833333333333
0 0.3385416666666667 0.5604166666666667 0.13333333333333333 0.11041666666666666
0 0.48020833333333335 0.4609375 0.15208333333333332 0.09270833333333334
0 0.46770833333333334 0.7119791666666666 0.09166666666666666 0.165625
