0 0.30052083333333335 0.1875 0.10104166666666667 0.14791666666666667
0 0.63125 0.14583333333333334 0.07916666666666666 0.15
0 0.7692708333333333 0.33177083333333335 0.128125 0.09270833333333334
0 0.8661458333333333 0.4630208333333333 0.121875 0.13020833333333334
0 0.5552083333333333 0.32135416666666666 0.12708333333333333 0.090625
0 0.2791666666666667 0.43385416666666665 0.14583333333333334 0.071875
0 0.5072916666666667 0.5067708333333333 0.14166666666666666 0.11770833333333333
0 0.27239583333333334 0.6036458333333333 0.09479166666666666 0.140625
0 0.5390625 0.6692708333333334 0.16770833333333332 0.084375
0 0.8317708333333333 0.7671875 0.15104166666666666 0.11145833333333333
0 0.3359375 0.7833333333333333 0.14895833333333333 0.08125
1 0.5744791666666667 0.809375 0.08229166666666667 0.08333333333333333
1 0.7604166666666666 0.60625 0.09375 0.06875
1 0.8895833333333333 0.6421875 0.08541666666666667 0.08229166666666667
1 0.7989583333333333 0.225 0.09375 0.08125
1 0.4458333333333333 0.13958333333333334 0.07916666666666666 0.11041666666666666
