0 0.25677083333333334 0.24166666666666667 0.109375 0.14166666666666666
0 0.63125 0.1375 0.14375 0.10833333333333334
0 0.834375 0.221875 0.15833333333333333 0.09791666666666667
0 0.7875 0.34010416666666665 0.15625 0.10520833333333333
0 0.44687499999999997 0.3848958333333333 0.14375 0.12395833333333334
0 0.6927083333333334 0.4947916666666667 0.075 0.15208333333333332
0 0.8697916666666666 0.6838541666666667 0.13125 0.13020833333333334
0 0.7661458333333333 0.8833333333333333 0.159375 0.10833333333333334
0 0.515625 0.6859375 0.14375 0.128125
0 0.2994791666666667 0.5208333333333334 0.08645833333333333 0.15208333333333332
0 0.43072916666666666 0.8536458333333333 0.134375 0.11770833333333333
1 0.6588541666666666 0.7661458333333333 0.06770833333333333 0.078125
1 0.16614583333333333 0.6588541666666666 0.09479166666666666 0.09479166666666666
1 0.4166666666666667 0.20052083333333334 0.09791666666666667 0.06979166666666667
