0 0.24791666666666667 0.21354166666666666 0.11666666666666667 0.14583333333333334
0 0.45677083333333335 0.3729166666666667 0.11562499999999999 0.13958333333333334
0 0.6541666666666667 0.35104166666666664 0.1625 0.10833333333333334
0 0.5807291666666666 0.19010416666666666 0.08645833333333333 0.171875
0 0.85 0.6838541666666667 0.13125 0.12604166666666666
0 0.5416666666666666 0.6125 0.14166666666666666 0.07708333333333334
0 0.4942708333333333 0.85 0.078125 0.17291666666666666
0 0.29583333333333334 0.7677083333333333 0.16666666666666666 0.08958333333333333
0 0.25885416666666666 0.5984375 0.11770833333333333 0.12395833333333334
1 0.2578125 0.4348958333333333 0.09895833333333333 0.071875
1 0.7125 0.746875 0.08333333333333333 0.09791666666666667
1 0.6989583333333333 0.5421875 0.0875 0.090625
1 0.8213541666666666 0.41875 0.078125 0.075
1 0.7869791666666667 0.19791666666666666 0.09895833333333333 0.08333333333333333
1 0.4354166666666667 0.12135416666666667 0.0875 0.08229166666666667
