1 0.6015625 0.20520833333333333 0.065625 0.08541666666666667
1 0.34739583333333335 0.34270833333333334 0.08020833333333333 0.0625
1 0.45625 0.7270833333333333 0.0875 0.06666666666666667
1 0.6380208333333334 0.8005208333333333 0.08854166666666667 0.08645833333333333
1 0.24895833333333334 0.7895833333333333 0.09166666666666666 0.09375
0 0.20416666666666666 0.5338541666666666 0.12083333333333333 0.14895833333333333
0 0.4421875 0.5661458333333333 0.13645833333333332 0.10104166666666667
0 0.5661458333333333 0.40520833333333334 0.06979166666666667 0.18333333333333332
0 0.725 0.45468749999999997 0.10625 0.128125
0 0.8166666666666667 0.6390625 0.10208333333333333 0.159375
