1 0.35520833333333335 0.2140625 0.06875 0.06145833333333333
1 0.8364583333333333 0.41041666666666665 0.08333333333333333 0.08333333333333333
1 0.7604166666666666 0.5671875 0.08125 0.07604166666666666
1 0.4109375 0.8276041666666667 0.08645833333333333 0.084375
1 0.16666666666666666 0.5822916666666667 0.0875 0.08333333333333333
0 0.22395833333333334 0.2609375 0.13125 0.09895833333333333
0 0.5911458333333334 0.128125 0.11770833333333333 0.09375
0 0.6552083333333333 0.271875 0.12291666666666666 0.11458333333333333
0 0.5296875 0.4197916666666667 0.12395833333333334 0.09791666666666667
0 0.28489583333333335 0.44687499999999997 0.159375 0.07291666666666667
0 0.40520833333333334 0.5911458333333334 0.15416666666666667 0.08854166666666667
0 0.5526041666666667 0.6984375 0.159375 0.090625
0 0.771875 0.875 0.08333333333333333 0.13333333333333333
0 0.18125 0.8255208333333334 0.09583333333333333 0.14270833333333333
