0 0.1953125 0.2125 0.15729166666666666 0.08125
0 0.4239583333333333 0.15 0.11458333333333333 0.13125
0 0.6510416666666666 0.1859375 0.09583333333333333 0.153125
0 0.6401041666666667 0.3541666666666667 0.12604166666666666 0.10208333333333333
0 0.228125 0.35520833333333335 0.14375 0.10625
0 0.21510416666666665 0.5177083333333333 0.153125 0.09583333333333333
0 0.47552083333333334 0.5630208333333333 0.10104166666666667 0.14895833333333333
0 0.5557291666666666 0.7479166666666667 0.15520833333333334 0.07916666666666666
0 0.7614583333333333 0.8192708333333333 0.11666666666666667 0.134375
0 0.403125 0.8838541666666666 0.1375 0.090625
0 0.240625 0.7130208333333333 0.12916666666666665 0.11354166666666667
1 0.6713541666666667 0.5786458333333333 0.07604166666666666 0.078125
1 0.7713541666666667 0.5192708333333333 0.07395833333333333 0.065625
1 0.428125 0.4083333333333333 0.08125 0.08541666666666667
1 0.8515625 0.3619791666666667 0.10520833333333333 0.07395833333333333
