0 0.25 0.20989583333333334 0.14166666666666666 0.07395833333333333
0 0.5296875 0.19739583333333333 0.10104166666666667 0.11145833333333333
0 0.7640625 0.2328125 0.08645833333333333 0.13020833333333334
0 0.8927083333333333 0.4244791666666667 0.15625 0.06979166666666667
0 0.21875 0.3880208333333333 0.15416666666666667 0.08020833333333333
0 0.5046875 0.55625 0.08229166666666667 0.14791666666666667
0 0.8171875 0.5682291666666667 0.10520833333333333 0.13645833333333332
0 0.8026041666666667 0.8109375 0.14479166666666665 0.084375
0 0.4276041666666667 0.8427083333333333 0.07604166666666666 0.1625
0 0.2203125 0.7197916666666666 0.07604166666666666 0.17083333333333334
0 0.1890625 0.5567708333333333 0.08020833333333333 0.146875
1 0.5598958333333334 0.375 0.065625 0.08125
1 0.6083333333333333 0.7046875 0.07291666666666667 0.06145833333333333
2 0.34479166666666666 0.6161458333333333 0.03333333333333333 0.057291666666666664
