1 0.9036458333333334 0.56875 0.10729166666666666 0.075
1 0.5395833333333333 0.19375 0.10625 0.10208333333333333
1 0.165625 0.5015625 0.07291666666666667 0.084375
0 0.3671875 0.1140625 0.134375 0.14270833333333333
0 0.2625 0.27708333333333335 0.17291666666666666 0.10416666666666667
0 0.5041666666666667 0.4395833333333333 0.15625 0.07708333333333334
0 0.7604166666666666 0.3703125 0.10625 0.159375
0 0.6567708333333333 0.5197916666666667 0.11562499999999999 0.14583333333333334
0 0.7244791666666667 0.7130208333333333 0.08645833333333333 0.16770833333333332
0 0.5255208333333333 0.8958333333333334 0.11770833333333333 0.14375
0 0.496875 0.70625 0.16458333333333333 0.07291666666666667
0 0.2557291666666667 0.7291666666666666 0.090625 0.14166666666666666
