0 0.2890625 0.17083333333333334 0.153125 0.07708333333333334
0 0.4786458333333333 0.17395833333333333 0.07604166666666666 0.12916666666666665
0 0.671875 0.165625 0.13333333333333333 0.11458333333333333
0 0.6192708333333333 0.3567708333333333 0.10729166666666666 0.128125
0 0.3052083333333333 0.35260416666666666 0.1375 0.096875
0 0.5354166666666667 0.5619791666666667 0.09583333333333333 0.14270833333333333
0 0.3390625 0.61875 0.15104166666666666 0.08125
0 0.86875 0.7911458333333333 0.0875 0.153125
0 0.7635416666666667 0.8598958333333333 0.12708333333333333 0.103125
1 0.8130208333333333 0.5354166666666667 0.078125 0.0875
1 0.8416666666666667 0.34739583333333335 0.07916666666666666 0.08229166666666667
1 0.1734375 0.4947916666666667 0.084375 0.09166666666666666
1 0.3614583333333333 0.875 0.08125 0.09583333333333333
