0 0.5270833333333333 0.3463541666666667 0.11041666666666666 0.053125
0 0.3489583333333333 0.33229166666666665 0.058333333333333334 0.10833333333333334
0 0.5630208333333333 0.45989583333333334 0.11770833333333333 0.04895833333333333
0 0.721875 0.553125 0.08333333333333333 0.08958333333333333
0 0.5453125 0.6036458333333333 0.10104166666666667 0.065625
0 0.3645833333333333 0.6291666666666667 0.11875 0.05625
1 0.3614583333333333 0.7364583333333333 0.05 0.05416666666666667
1 0.5057291666666667 0.7442708333333333 0.053125 0.05520833333333333
1 0.665625 0.6875 0.07083333333333333 0.04791666666666666
1 0.7807291666666667 0.653125 0.057291666666666664 0.052083333333333336
1 0.7125 0.4328125 0.05 0.03854166666666667
1 0.4119791666666667 0.4119791666666667 0.04479166666666667 0.04479166666666667
