1 0.28541666666666665 0.32760416666666664 0.06875 0.07604166666666666
1 0.5447916666666667 0.2895833333333333 0.06666666666666667 0.08958333333333333
0 0.6734375 0.128125 0.103125 0.12916666666666665
0 0.7671875 0.36822916666666666 0.14479166666666665 0.06979166666666667
0 0.7760416666666666 0.5369791666666667 0.07916666666666666 0.12395833333333334
0 0.8203125 0.6791666666666667 0.12395833333333334 0.09791666666666667
0 0.6395833333333333 0.4375 0.1 0.12291666666666666
0 0.4067708333333333 0.2817708333333333 0.11770833333333333 0.084375
0 0.46875 0.44375 0.07708333333333334 0.14375
0 0.559375 0.5927083333333333 0.14166666666666666 0.075
0 0.2359375 0.4510416666666667 0.13854166666666667 0.0625
0 0.31979166666666664 0.671875 0.1125 0.12708333333333333
0 0.48072916666666665 0.771875 0.14479166666666665 0.07916666666666666
0 0.30364583333333334 0.8744791666666667 0.10520833333333333 0.14895833333333333
