1 0.36614583333333334 0.4171875 0.096875 0.08229166666666667
1 0.753125 0.2671875 0.08333333333333333 0.07604166666666666
1 0.7369791666666666 0.7578125 0.084375 0.06354166666666666
0 0.284375 0.2015625 0.10208333333333333 0.128125
0 0.4692708333333333 0.23802083333333332 0.13854166666666667 0.08229166666666667
0 0.6177083333333333 0.3963541666666667 0.12291666666666666 0.10520833333333333
0 0.8619791666666666 0.4015625 0.14479166666666665 0.078125
0 0.8125 0.5838541666666667 0.11041666666666666 0.090625
0 0.5229166666666667 0.5880208333333333 0.07291666666666667 0.134375
0 0.21770833333333334 0.32760416666666664 0.15625 0.07395833333333333
0 0.20572916666666666 0.4895833333333333 0.14895833333333333 0.08125
0 0.3598958333333333 0.7375 0.153125 0.08125
0 0.5489583333333333 0.8156249999999999 0.1375 0.08333333333333333
