1 0.7213541666666666 0.2984375 0.090625 0.06354166666666666
1 0.7614583333333333 0.6739583333333333 0.0875 0.075
1 0.553125 0.5380208333333333 0.06875 0.096875
1 0.27239583333333334 0.5354166666666667 0.06145833333333333 0.09791666666666667
2 0.4734375 0.46458333333333335 0.053125 0.06666666666666667
0 0.2453125 0.16302083333333334 0.08645833333333333 0.159375
0 0.4708333333333333 0.16666666666666666 0.10208333333333333 0.12708333333333333
0 0.6869791666666667 0.1296875 0.16354166666666667 0.09270833333333334
0 0.7270833333333333 0.45677083333333335 0.10416666666666667 0.14479166666666665
0 0.5682291666666667 0.3223958333333333 0.09895833333333333 0.159375
0 0.2515625 0.3807291666666667 0.16354166666666667 0.084375
0 0.36302083333333335 0.7645833333333333 0.10104166666666667 0.15625
0 0.5447916666666667 0.7114583333333333 0.11458333333333333 0.12083333333333333
0 0.6546875 0.8859374999999999 0.090625 0.159375
