0 0.48593749999999997 0.15208333333333332 0.15520833333333334 0.13125
0 0.7005208333333334 0.1859375 0.140625 0.10104166666666667
0 0.8401041666666667 0.37395833333333334 0.11354166666666667 0.16041666666666665
0 0.6864583333333333 0.5265625 0.09791666666666667 0.146875
0 0.5984375 0.37135416666666665 0.096875 0.153125
0 0.5494791666666666 0.5802083333333333 0.09479166666666666 0.15
0 0.45625 0.3109375 0.125 0.08229166666666667
0 0.26979166666666665 0.42343749999999997 0.12916666666666665 0.090625
0 0.3145833333333333 0.6427083333333333 0.07916666666666666 0.14166666666666666
0 0.34375 0.8505208333333333 0.16875 0.071875
1 0.23385416666666667 0.21822916666666667 0.07604166666666666 0.10520833333333333
1 0.890625 0.615625 0.08333333333333333 0.0875
2 0.48385416666666664 0.7973958333333333 0.053125 0.06770833333333333
