0 0.28020833333333334 0.24739583333333334 0.10833333333333334 0.15104166666666666
0 0.48802083333333335 0.26510416666666664 0.15520833333333334 0.11145833333333333
0 0.6828125 0.2817708333333333 0.15520833333333334 0.10729166666666666
0 0.8713541666666667 0.3729166666666667 0.07604166666666666 0.17708333333333334
0 0.6463541666666667 0.559375 0.153125 0.09583333333333333
0 0.7072916666666667 0.8208333333333333 0.15 0.0875
0 0.4140625 0.6041666666666666 0.16770833333333332 0.08958333333333333
0 0.41041666666666665 0.7416666666666667 0.1625 0.08333333333333333
0 0.17395833333333333 0.6583333333333333 0.0875 0.1625
1 0.18541666666666667 0.4 0.0875 0.10625
1 0.3125 0.4244791666666667 0.07916666666666666 0.078125
1 0.7213541666666666 0.46458333333333335 0.05520833333333333 0.06666666666666667
1 0.8583333333333333 0.5807291666666666 0.06875 0.103125
