0 0.5713541666666666 0.18177083333333333 0.090625 0.14895833333333333
0 0.809375 0.2739583333333333 0.11458333333333333 0.15833333333333333
0 0.384375 0.3359375 0.15 0.11145833333333333
0 0.2203125 0.39375 0.196875 0.0875
0 0.15260416666666665 0.5838541666666667 0.159375 0.13020833333333334
0 0.5515625 0.5005208333333333 0.165625 0.121875
0 0.7515625 0.5458333333333333 0.10520833333333333 0.14791666666666667
0 0.6338541666666666 0.7875 0.13854166666666667 0.12291666666666666
0 0.44114583333333335 0.659375 0.184375 0.10208333333333333
0 0.36614583333333334 0.8609375 0.103125 0.178125
1 0.18072916666666666 0.8442708333333333 0.090625 0.09479166666666666
1 0.8479166666666667 0.8130208333333333 0.10208333333333333 0.09895833333333333
1 0.8973958333333333 0.5078125 0.10520833333333333 0.07395833333333333
1 0.3567708333333333 0.11822916666666666 0.078125 0.096875
