0 0.4348958333333333 0.4041666666666667 0.096875 0.06041666666666667
0 0.55625 0.5484375 0.09791666666666667 0.051041666666666666
0 0.42864583333333334 0.5588541666666667 0.096875 0.06354166666666666
0 0.2864583333333333 0.5125 0.1 0.08958333333333333
0 0.24739583333333334 0.6338541666666666 0.08229166666666667 0.08020833333333333
1 0.29270833333333335 0.42083333333333334 0.058333333333333334 0.04375
1 0.53125 0.41041666666666665 0.06666666666666667 0.05416666666666667
1 0.6 0.4822916666666667 0.058333333333333334 0.04375
1 0.5921875 0.6583333333333333 0.04479166666666667 0.07083333333333333
1 0.5463541666666667 0.7875 0.071875 0.05
1 0.48385416666666664 0.7 0.05520833333333333 0.04375
1 0.3755208333333333 0.6479166666666667 0.07395833333333333 0.052083333333333336
1 0.4119791666666667 0.7786458333333334 0.046875 0.04895833333333333
1 0.28854166666666664 0.7635416666666667 0.05 0.07083333333333333
