1 0.30416666666666664 0.10260416666666666 0.06875 0.078125
0 0.575 0.2109375 0.09375 0.18229166666666666
0 0.296875 0.32916666666666666 0.15 0.10625
0 0.5854166666666667 0.4203125 0.14166666666666666 0.153125
0 0.6776041666666667 0.6458333333333334 0.209375 0.07083333333333333
0 0.6848958333333334 0.8192708333333333 0.096875 0.21145833333333333
0 0.4609375 0.8156249999999999 0.06145833333333333 0.17291666666666666
0 0.32916666666666666 0.5802083333333333 0.09375 0.14791666666666667
0 0.24635416666666665 0.7640625 0.103125 0.171875
1 0.7807291666666667 0.3932291666666667 0.08645833333333333 0.084375
