1 0.5505208333333333 0.20625 0.071875 0.08958333333333333
1 0.8229166666666666 0.5088541666666666 0.06666666666666667 0.09479166666666666
0 0.7557291666666667 0.3671875 0.15729166666666666 0.12604166666666666
0 0.37447916666666664 0.159375 0.16770833333333332 0.09166666666666666
0 0.3625 0.38125 0.175 0.07916666666666666
0 0.6260416666666666 0.5833333333333334 0.13541666666666666 0.1
0 0.3703125 0.6015625 0.13229166666666667 0.15729166666666666
0 0.34791666666666665 0.79375 0.08125 0.19791666666666666
0 0.5520833333333334 0.7916666666666666 0.07708333333333334 0.16458333333333333
0 0.8739583333333333 0.809375 0.1875 0.08125
