0 0.24375 0.3671875 0.11666666666666667 0.12604166666666666
0 0.38125 0.5203125 0.07083333333333333 0.16354166666666667
0 0.5744791666666667 0.6177083333333333 0.121875 0.12083333333333333
0 0.7963541666666667 0.6734375 0.15104166666666666 0.08229166666666667
0 0.80625 0.303125 0.13541666666666666 0.1125
0 0.5708333333333333 0.19427083333333334 0.16666666666666666 0.06979166666666667
0 0.603125 0.3416666666666667 0.12916666666666665 0.0875
0 0.7276041666666666 0.5161458333333333 0.13229166666666667 0.09479166666666666
0 0.2734375 0.7140625 0.10520833333333333 0.140625
1 0.5838541666666667 0.8046875 0.06770833333333333 0.078125
1 0.23645833333333333 0.5552083333333333 0.058333333333333334 0.06875
1 0.51875 0.4401041666666667 0.09375 0.08229166666666667
1 0.3807291666666667 0.21770833333333334 0.06145833333333333 0.07291666666666667
