0 0.3651041666666667 0.17604166666666665 0.078125 0.16875
0 0.4661458333333333 0.303125 0.13854166666666667 0.13541666666666666
0 0.6541666666666667 0.30885416666666665 0.11458333333333333 0.14895833333333333
0 0.6890625 0.6067708333333334 0.11354166666666667 0.11145833333333333
0 0.4953125 0.4973958333333333 0.128125 0.12395833333333334
0 0.5046875 0.6765625 0.096875 0.13854166666666667
0 0.26666666666666666 0.6359375 0.07708333333333334 0.16770833333333332
0 0.3302083333333333 0.7869791666666667 0.15208333333333332 0.08645833333333333
1 0.746875 0.7609375 0.07708333333333334 0.06354166666666666
1 0.7265625 0.4765625 0.08020833333333333 0.08854166666666667
1 0.6244791666666667 0.1265625 0.07604166666666666 0.07395833333333333
1 0.25364583333333335 0.3963541666666667 0.07604166666666666 0.090625
