0 0.2765625 0.3776041666666667 0.165625 0.11145833333333333
0 0.5697916666666667 0.10833333333333334 0.15625 0.07708333333333334
0 0.5484375 0.3104166666666667 0.14895833333333333 0.08541666666666667
0 0.6583333333333333 0.40781249999999997 0.13541666666666666 0.12604166666666666
0 0.8713541666666667 0.3927083333333333 0.15104166666666666 0.13333333333333333
0 0.7760416666666666 0.5802083333333333 0.09166666666666666 0.16666666666666666
0 0.6041666666666666 0.5890625 0.15208333333333332 0.06770833333333333
0 0.4197916666666667 0.6395833333333333 0.14583333333333334 0.10416666666666667
0 0.21666666666666667 0.5661458333333333 0.09791666666666667 0.159375
0 0.365625 0.8463541666666666 0.10625 0.15729166666666666
1 0.703125 0.784375 0.06875 0.10833333333333334
1 0.2635416666666667 0.19427083333333334 0.09583333333333333 0.103125
1 0.784375 0.1359375 0.07916666666666666 0.11562499999999999
