0 0.21354166666666666 0.3015625 0.125 0.16145833333333334
0 0.37083333333333335 0.2328125 0.08333333333333333 0.16770833333333332
0 0.5796875 0.1515625 0.11979166666666667 0.134375
0 0.7416666666666667 0.27291666666666664 0.11458333333333333 0.15416666666666667
0 0.5994791666666667 0.3411458333333333 0.14895833333333333 0.09479166666666666
0 0.31354166666666666 0.48541666666666666 0.11458333333333333 0.15416666666666667
0 0.6140625 0.5395833333333333 0.10104166666666667 0.15208333333333332
0 0.7739583333333333 0.6989583333333333 0.14583333333333334 0.11041666666666666
0 0.615625 0.8895833333333333 0.1625 0.09791666666666667
0 0.3677083333333333 0.8244791666666667 0.12916666666666665 0.11979166666666667
1 0.840625 0.5338541666666666 0.07708333333333334 0.09270833333333334
2 0.46197916666666666 0.6489583333333333 0.059375 0.06875
