0 0.58125 0.14739583333333334 0.17083333333333334 0.12604166666666666
0 0.31927083333333334 0.22864583333333333 0.07604166666666666 0.15729166666666666
0 0.5046875 0.48072916666666665 0.13229166666666667 0.13229166666666667
0 0.6947916666666667 0.5072916666666667 0.12708333333333333 0.13125
0 0.8354166666666667 0.7104166666666667 0.1125 0.17708333333333334
0 0.49166666666666664 0.7333333333333333 0.14791666666666667 0.1
0 0.2833333333333333 0.6041666666666666 0.17291666666666666 0.08958333333333333
0 0.221875 0.8291666666666666 0.11458333333333333 0.14583333333333334
1 0.6635416666666667 0.8557291666666667 0.08125 0.10520833333333333
1 0.12916666666666665 0.4296875 0.06875 0.11979166666666667
1 0.8755208333333333 0.4161458333333333 0.109375 0.07604166666666666
