0 0.259375 0.35572916666666665 0.07708333333333334 0.159375
0 0.42916666666666664 0.46458333333333335 0.14375 0.08125
0 0.5776041666666667 0.25677083333333334 0.09895833333333333 0.159375
0 0.7598958333333333 0.30885416666666665 0.14895833333333333 0.071875
0 0.7598958333333333 0.7010416666666667 0.08229166666666667 0.15416666666666667
0 0.47239583333333335 0.6807291666666666 0.14895833333333333 0.08229166666666667
0 0.23697916666666666 0.6020833333333333 0.07604166666666666 0.16666666666666666
0 0.30833333333333335 0.8354166666666667 0.15416666666666667 0.07708333333333334
1 0.5880208333333333 0.8848958333333333 0.078125 0.07395833333333333
1 0.8505208333333333 0.5432291666666667 0.06770833333333333 0.084375
1 0.6442708333333333 0.47812499999999997 0.07604166666666666 0.075
1 0.36302083333333335 0.1921875 0.084375 0.08020833333333333
