0 0.37916666666666665 0.13125 0.12916666666666665 0.125
0 0.5265625 0.21822916666666667 0.08645833333333333 0.16354166666666667
0 0.7010416666666667 0.24270833333333333 0.12083333333333333 0.11875
0 0.7166666666666667 0.38958333333333334 0.15416666666666667 0.10416666666666667
0 0.8317708333333333 0.55 0.15520833333333334 0.0875
0 0.6947916666666667 0.5994791666666667 0.12708333333333333 0.11562499999999999
0 0.4875 0.5145833333333333 0.10625 0.14166666666666666
0 0.2296875 0.3182291666666667 0.121875 0.16354166666666667
0 0.27291666666666664 0.5296875 0.15 0.090625
0 0.3052083333333333 0.8276041666666667 0.08958333333333333 0.153125
0 0.5630208333333333 0.8994791666666666 0.15104166666666666 0.09270833333333334
0 0.4942708333333333 0.6885416666666666 0.078125 0.15625
1 0.23489583333333333 0.6536458333333334 0.084375 0.09270833333333334
1 0.4244791666666667 0.359375 0.084375 0.07291666666666667
1 0.715625 0.7859375 0.07291666666666667 0.071875
1 0.8578125 0.7145833333333333 0.084375 0.09375
2 0.8223958333333333 0.8984375 0.06770833333333333 0.046875
