1 0.31614583333333335 0.14947916666666666 0.078125 0.10729166666666666
1 0.409375 0.42135416666666664 0.06041666666666667 0.06979166666666667
1 0.5875 0.7375 0.09583333333333333 0.1
1 0.46249999999999997 0.8739583333333333 0.06458333333333333 0.10416666666666667
0 0.5125 0.16041666666666665 0.16041666666666665 0.09375
0 0.7604166666666666 0.23906249999999998 0.11666666666666667 0.153125
0 0.8395833333333333 0.5734375 0.1625 0.12604166666666666
0 0.8125 0.7588541666666666 0.11458333333333333 0.165625
0 0.33697916666666666 0.5416666666666666 0.15104166666666666 0.10625
0 0.2760416666666667 0.7182291666666667 0.13125 0.12395833333333334
0 0.209375 0.3390625 0.15 0.11979166666666667
0 0.6302083333333334 0.39947916666666666 0.09166666666666666 0.16145833333333334
