1 0.6109375 0.22864583333333333 0.065625 0.084375
1 0.6552083333333333 0.8098958333333334 0.08333333333333333 0.071875
0 0.8822916666666667 0.6828125 0.06875 0.14270833333333333
0 0.8229166666666666 0.45989583333333334 0.08541666666666667 0.134375
0 0.7869791666666667 0.31979166666666664 0.14479166666666665 0.0875
0 0.8010416666666667 0.17395833333333333 0.12083333333333333 0.09791666666666667
0 0.3885416666666667 0.21770833333333334 0.14791666666666667 0.075
0 0.49583333333333335 0.3578125 0.09583333333333333 0.11979166666666667
0 0.6041666666666666 0.4744791666666667 0.10833333333333334 0.10520833333333333
0 0.6875 0.5552083333333333 0.1375 0.075
0 0.6098958333333333 0.7109375 0.09895833333333333 0.109375
0 0.515625 0.5880208333333333 0.08125 0.13020833333333334
0 0.31875 0.5338541666666666 0.08333333333333333 0.134375
0 0.37604166666666666 0.7421875 0.125 0.08854166666666667
