0 0.3609375 0.24427083333333333 0.15104166666666666 0.078125
0 0.5729166666666666 0.2864583333333333 0.16041666666666665 0.09166666666666666
0 0.7848958333333333 0.3484375 0.15729166666666666 0.06770833333333333
0 0.5984375 0.4114583333333333 0.15520833333333334 0.07708333333333334
0 0.3609375 0.390625 0.14479166666666665 0.09791666666666667
0 0.3078125 0.5677083333333334 0.15104166666666666 0.1
0 0.5765625 0.5807291666666666 0.14895833333333333 0.071875
0 0.8333333333333334 0.7161458333333334 0.08541666666666667 0.14895833333333333
1 0.8140625 0.53125 0.090625 0.07708333333333334
1 0.6583333333333333 0.7192708333333333 0.07916666666666666 0.05520833333333333
1 0.359375 0.7328125 0.09375 0.057291666666666664
