0 0.31197916666666664 0.1796875 0.16770833333333332 0.08229166666666667
0 0.4947916666666667 0.29010416666666666 0.15833333333333333 0.084375
0 0.7744791666666666 0.22291666666666665 0.17395833333333333 0.09375
0 0.8916666666666666 0.4270833333333333 0.10833333333333334 0.15
0 0.8260416666666667 0.628125 0.08125 0.15208333333333332
0 0.7177083333333333 0.5015625 0.10625 0.13645833333333332
0 0.5796875 0.5708333333333333 0.08229166666666667 0.15833333333333333
0 0.46979166666666666 0.6609375 0.1 0.146875
0 0.265625 0.5442708333333334 0.15416666666666667 0.13645833333333332
0 0.35520833333333335 0.7708333333333334 0.11875 0.125
0 0.7046875 0.8942708333333333 0.17395833333333333 0.07395833333333333
1 0.6515625 0.7385416666666667 0.08854166666666667 0.0875
1 0.4197916666666667 0.4302083333333333 0.08958333333333333 0.0625
1 0.6557291666666667 0.11458333333333333 0.07604166666666666 0.08333333333333333
