0 0.4 0.19010416666666666 0.10208333333333333 0.11770833333333333
0 0.26927083333333335 0.3255208333333333 0.09270833333333334 0.103125
0 0.4536458333333333 0.4614583333333333 0.11770833333333333 0.09375
0 0.6510416666666666 0.16927083333333334 0.12291666666666666 0.08229166666666667
0 0.653125 0.3958333333333333 0.08333333333333333 0.125
0 0.5776041666666667 0.5578125 0.121875 0.10729166666666666
0 0.7682291666666666 0.6354166666666666 0.071875 0.13958333333333334
0 0.3307291666666667 0.7145833333333333 0.09270833333333334 0.14375
1 0.24114583333333334 0.5182291666666666 0.06979166666666667 0.071875
1 0.5854166666666667 0.7619791666666667 0.07291666666666667 0.065625
1 0.7942708333333334 0.403125 0.06145833333333333 0.07916666666666666
1 0.5567708333333333 0.271875 0.06354166666666666 0.06458333333333333
