1 0.6541666666666667 0.45208333333333334 0.06875 0.052083333333333336
1 0.8286458333333333 0.6369791666666667 0.09270833333333334 0.06145833333333333
0 0.45625 0.2869791666666667 0.10416666666666667 0.128125
0 0.6072916666666667 0.23177083333333334 0.15208333333333332 0.065625
0 0.7515625 0.34479166666666666 0.12395833333333334 0.10833333333333334
0 0.7890625 0.5041666666666667 0.11562499999999999 0.09791666666666667
0 0.6942708333333333 0.8098958333333334 0.10104166666666667 0.11979166666666667
0 0.5838541666666667 0.7005208333333334 0.11979166666666667 0.096875
0 0.5401041666666666 0.5552083333333333 0.065625 0.12708333333333333
0 0.41041666666666665 0.4822916666666667 0.075 0.14583333333333334
0 0.21510416666666665 0.5432291666666667 0.08020833333333333 0.14479166666666665
0 0.3677083333333333 0.7635416666666667 0.14166666666666666 0.09791666666666667
