0 0.46822916666666664 0.18333333333333332 0.08645833333333333 0.16666666666666666
0 0.7036458333333333 0.18020833333333333 0.16770833333333332 0.07291666666666667
0 0.6744791666666666 0.43697916666666664 0.09270833333333334 0.13854166666666667
0 0.5494791666666666 0.4864583333333333 0.090625 0.16041666666666665
0 0.8838541666666666 0.5302083333333333 0.08645833333333333 0.12916666666666665
0 0.2760416666666667 0.36302083333333335 0.15833333333333333 0.090625
0 0.31354166666666666 0.5151041666666667 0.16041666666666665 0.08020833333333333
0 0.2817708333333333 0.6880208333333333 0.14479166666666665 0.096875
0 0.46041666666666664 0.74375 0.07708333333333334 0.16458333333333333
0 0.6333333333333333 0.81875 0.08333333333333333 0.1625
1 0.8541666666666666 0.7911458333333333 0.07291666666666667 0.078125
1 0.6541666666666667 0.603125 0.07083333333333333 0.058333333333333334
1 0.28229166666666666 0.19739583333333333 0.07291666666666667 0.078125
1 0.7614583333333333 0.30052083333333335 0.0875 0.084375
