1 0.6619791666666667 0.3 0.08229166666666667 0.06458333333333333
1 0.8677083333333333 0.8125 0.0875 0.07291666666666667
1 0.1328125 0.6265625 0.09479166666666666 0.078125
0 0.2598958333333333 0.18854166666666666 0.14895833333333333 0.11458333333333333
0 0.5130208333333334 0.31145833333333334 0.13645833333333332 0.12291666666666666
0 0.778125 0.3802083333333333 0.15833333333333333 0.1
0 0.78125 0.6265625 0.07916666666666666 0.15104166666666666
0 0.6114583333333333 0.5401041666666666 0.08958333333333333 0.14270833333333333
0 0.43385416666666665 0.4223958333333333 0.13645833333333332 0.128125
0 0.19270833333333334 0.4359375 0.15 0.11145833333333333
0 0.2760416666666667 0.6880208333333333 0.08541666666666667 0.17604166666666665
0 0.5067708333333333 0.7098958333333333 0.09479166666666666 0.16979166666666667
0 0.6598958333333333 0.734375 0.09270833333333334 0.16041666666666665
