1 0.6895833333333333 0.1796875 0.09583333333333333 0.07604166666666666
1 0.24635416666666665 0.35625 0.078125 0.09791666666666667
1 0.65 0.5786458333333333 0.058333333333333334 0.103125
1 0.31614583333333335 0.5739583333333333 0.09479166666666666 0.06458333333333333
1 0.7875 0.5520833333333334 0.06458333333333333 0.06666666666666667
1 0.8614583333333333 0.6833333333333333 0.10208333333333333 0.06875
0 0.33177083333333335 0.27239583333333334 0.09895833333333333 0.134375
0 0.5036458333333333 0.23541666666666666 0.10104166666666667 0.14583333333333334
0 0.7401041666666667 0.42291666666666666 0.078125 0.15
0 0.41302083333333334 0.49114583333333334 0.13645833333333332 0.090625
0 0.4239583333333333 0.7661458333333333 0.07083333333333333 0.13645833333333332
0 0.6786458333333333 0.7994791666666666 0.065625 0.14270833333333333
