1 0.35052083333333334 0.7375 0.065625 0.058333333333333334
1 0.7505208333333333 0.15416666666666667 0.09479166666666666 0.08125
0 0.48541666666666666 0.17291666666666666 0.13958333333333334 0.11875
0 0.20625 0.2552083333333333 0.12708333333333333 0.12916666666666665
0 0.384375 0.40260416666666665 0.1 0.165625
0 0.7463541666666667 0.3223958333333333 0.178125 0.08020833333333333
0 0.8223958333333333 0.5661458333333333 0.15104166666666666 0.109375
0 0.5833333333333334 0.4505208333333333 0.13958333333333334 0.08229166666666667
0 0.6255208333333333 0.5807291666666666 0.146875 0.109375
0 0.7416666666666667 0.7630208333333334 0.125 0.13645833333333332
0 0.5739583333333333 0.7421875 0.15 0.11145833333333333
1 0.4192708333333333 0.8869791666666667 0.09270833333333334 0.08020833333333333
0 0.4 0.6369791666666667 0.14791666666666667 0.109375
0 0.22760416666666666 0.5479166666666666 0.153125 0.09583333333333333
