1 0.7661458333333333 0.2265625 0.051041666666666666 0.051041666666666666
1 0.584375 0.315625 0.075 0.05625
1 0.2578125 0.3520833333333333 0.051041666666666666 0.05625
1 0.26666666666666666 0.6822916666666666 0.058333333333333334 0.05416666666666667
1 0.6901041666666666 0.6677083333333333 0.078125 0.07083333333333333
0 0.32135416666666666 0.13020833333333334 0.059375 0.14791666666666667
0 0.39375 0.3171875 0.0875 0.13020833333333334
0 0.3609375 0.5354166666666667 0.06354166666666666 0.14375
0 0.61875 0.20781249999999998 0.06875 0.140625
0 0.665625 0.428125 0.1125 0.07291666666666667
0 0.8557291666666667 0.4401041666666667 0.07604166666666666 0.11770833333333333
0 0.8416666666666667 0.6125 0.08541666666666667 0.14166666666666666
0 0.5734375 0.6078125 0.071875 0.11562499999999999
0 0.7291666666666666 0.8270833333333333 0.10416666666666667 0.11041666666666666
0 0.5020833333333333 0.8375 0.07083333333333333 0.12083333333333333
0 0.3640625 0.8510416666666667 0.12395833333333334 0.06875
