0 0.20104166666666667 0.2755208333333333 0.1375 0.13854166666666667
0 0.3619791666666667 0.10781249999999999 0.084375 0.153125
0 0.6911458333333333 0.15260416666666665 0.15520833333333334 0.08020833333333333
0 0.6713541666666667 0.39791666666666664 0.16145833333333334 0.07916666666666666
0 0.8645833333333334 0.5489583333333333 0.09166666666666666 0.13541666666666666
0 0.7557291666666667 0.796875 0.153125 0.11458333333333333
0 0.48593749999999997 0.8869791666666667 0.121875 0.140625
0 0.5010416666666666 0.42864583333333334 0.10416666666666667 0.14270833333333333
0 0.2203125 0.4536458333333333 0.15520833333333334 0.078125
0 0.28229166666666666 0.6161458333333333 0.11458333333333333 0.146875
0 0.19322916666666667 0.8239583333333333 0.10520833333333333 0.14791666666666667
1 0.434375 0.20052083333333334 0.08125 0.08645833333333333
1 0.8734375 0.25729166666666664 0.06770833333333333 0.09375
1 0.5505208333333333 0.6255208333333333 0.07395833333333333 0.090625
