0 0.3375 0.14427083333333332 0.09791666666666667 0.15104166666666666
0 0.3697916666666667 0.34375 0.10833333333333334 0.14791666666666667
0 0.32760416666666664 0.6203125 0.17395833333333333 0.071875
0 0.6375 0.5744791666666667 0.08333333333333333 0.17604166666666665
0 0.7755208333333333 0.753125 0.11979166666666667 0.1125
0 0.7817708333333333 0.39427083333333335 0.15520833333333334 0.08229166666666667
0 0.7713541666666667 0.12864583333333332 0.11145833333333333 0.12604166666666666
1 0.6463541666666667 0.15104166666666666 0.065625 0.08958333333333333
1 0.5895833333333333 0.290625 0.05416666666666667 0.06666666666666667
1 0.45729166666666665 0.5182291666666666 0.08541666666666667 0.09270833333333334
1 0.16979166666666667 0.4895833333333333 0.08333333333333333 0.08125
1 0.5463541666666667 0.8255208333333334 0.08020833333333333 0.090625
1 0.6609375 0.8796875 0.07395833333333333 0.109375
1 0.8578125 0.55 0.065625 0.0875
