1 0.2921875 0.19583333333333333 0.071875 0.08333333333333333
1 0.6401041666666667 0.47031249999999997 0.090625 0.071875
1 0.8197916666666667 0.3921875 0.06875 0.08854166666666667
1 0.6619791666666667 0.6322916666666667 0.090625 0.06875
0 0.5822916666666667 0.16458333333333333 0.09166666666666666 0.12916666666666665
0 0.74375 0.27239583333333334 0.09791666666666667 0.14895833333333333
0 0.465625 0.24791666666666667 0.13125 0.13541666666666666
0 0.30625 0.3989583333333333 0.13541666666666666 0.09375
0 0.38958333333333334 0.5 0.15625 0.07916666666666666
0 0.5526041666666667 0.5208333333333334 0.07604166666666666 0.13333333333333333
0 0.7328125 0.4302083333333333 0.13020833333333334 0.10625
0 0.8213541666666666 0.6932291666666667 0.14479166666666665 0.10520833333333333
0 0.6322916666666667 0.8468749999999999 0.14375 0.07916666666666666
0 0.440625 0.7838541666666666 0.14791666666666667 0.090625
0 0.29375 0.6875 0.14166666666666666 0.09166666666666666
0 0.15625 0.5666666666666667 0.1125 0.1125
