0 0.6723958333333333 0.13125 0.096875 0.1
0 0.5427083333333333 0.23854166666666665 0.11875 0.05416666666666667
0 0.60625 0.378125 0.09166666666666666 0.11666666666666667
0 0.4 0.18489583333333334 0.10416666666666667 0.103125
0 0.4848958333333333 0.46458333333333335 0.11145833333333333 0.09583333333333333
0 0.2895833333333333 0.40208333333333335 0.0625 0.12708333333333333
0 0.384375 0.6895833333333333 0.1125 0.08333333333333333
0 0.5552083333333333 0.6958333333333333 0.08333333333333333 0.125
0 0.7953125 0.47291666666666665 0.078125 0.10416666666666667
0 0.2708333333333333 0.5692708333333333 0.058333333333333334 0.12604166666666666
1 0.2625 0.2682291666666667 0.07083333333333333 0.057291666666666664
1 0.7442708333333333 0.29375 0.053125 0.058333333333333334
1 0.6828125 0.5859375 0.071875 0.05520833333333333
