1 0.4583333333333333 0.21927083333333333 0.075 0.103125
1 0.7911458333333333 0.6666666666666666 0.084375 0.06875
1 0.7380208333333333 0.81875 0.057291666666666664 0.09166666666666666
0 0.2796875 0.26458333333333334 0.09895833333333333 0.14791666666666667
0 0.2828125 0.5229166666666667 0.159375 0.10833333333333334
0 0.47812499999999997 0.5302083333333333 0.09375 0.14791666666666667
0 0.6432291666666666 0.5546875 0.090625 0.14895833333333333
0 0.6609375 0.2703125 0.14479166666666665 0.08020833333333333
0 0.8473958333333333 0.4244791666666667 0.07604166666666666 0.16354166666666667
0 0.48541666666666666 0.8052083333333333 0.14166666666666666 0.10208333333333333
0 0.23854166666666665 0.7614583333333333 0.13958333333333334 0.10416666666666667
