0 0.4661458333333333 0.22239583333333332 0.08020833333333333 0.14895833333333333
0 0.3442708333333333 0.36822916666666666 0.096875 0.140625
0 0.5348958333333333 0.42291666666666666 0.09479166666666666 0.12291666666666666
0 0.7166666666666667 0.30364583333333334 0.12916666666666665 0.09895833333333333
0 0.7536458333333333 0.4661458333333333 0.153125 0.06979166666666667
0 0.7447916666666666 0.8270833333333333 0.13333333333333333 0.11458333333333333
0 0.5427083333333333 0.8895833333333333 0.09583333333333333 0.15
0 0.3255208333333333 0.7973958333333333 0.065625 0.171875
1 0.2942708333333333 0.584375 0.06979166666666667 0.075
1 0.496875 0.6890625 0.08125 0.065625
1 0.6072916666666667 0.5802083333333333 0.09166666666666666 0.07916666666666666
1 0.76875 0.5973958333333333 0.06041666666666667 0.053125
