0 0.275 0.1265625 0.09791666666666667 0.13854166666666667
0 0.640625 0.1359375 0.1375 0.071875
0 0.6885416666666666 0.3145833333333333 0.13958333333333334 0.06875
0 0.4661458333333333 0.25104166666666666 0.07395833333333333 0.15833333333333333
0 0.1953125 0.30885416666666665 0.07604166666666666 0.16145833333333334
0 0.3854166666666667 0.4276041666666667 0.12083333333333333 0.109375
0 0.5916666666666667 0.44427083333333334 0.10416666666666667 0.13020833333333334
0 0.4552083333333333 0.5822916666666667 0.15833333333333333 0.07708333333333334
0 0.5067708333333333 0.8088541666666667 0.140625 0.11562499999999999
0 0.20208333333333334 0.771875 0.11458333333333333 0.11666666666666667
0 0.7057291666666666 0.8994791666666666 0.14270833333333333 0.096875
1 0.7854166666666667 0.6604166666666667 0.08541666666666667 0.06666666666666667
1 0.7901041666666666 0.4671875 0.08229166666666667 0.06354166666666666
1 0.8854166666666666 0.3140625 0.09583333333333333 0.065625
1 0.17552083333333332 0.49635416666666665 0.09479166666666666 0.078125
