0 0.45677083333333335 0.15052083333333333 0.109375 0.11562499999999999
0 0.28020833333333334 0.21822916666666667 0.10833333333333334 0.109375
0 0.4166666666666667 0.3416666666666667 0.16041666666666665 0.07083333333333333
0 0.7203125 0.19375 0.14270833333333333 0.09166666666666666
0 0.7401041666666667 0.4505208333333333 0.14270833333333333 0.08645833333333333
0 0.7427083333333333 0.684375 0.06458333333333333 0.14166666666666666
0 0.5651041666666666 0.7567708333333333 0.121875 0.140625
0 0.4302083333333333 0.5276041666666667 0.08541666666666667 0.15520833333333334
0 0.30052083333333335 0.734375 0.09270833333333334 0.15416666666666667
0 0.146875 0.6619791666666667 0.14583333333333334 0.08645833333333333
1 0.19114583333333332 0.4223958333333333 0.103125 0.084375
1 0.6083333333333333 0.31666666666666665 0.09166666666666666 0.08125
1 0.8338541666666667 0.6046875 0.084375 0.06770833333333333
