0 0.2833333333333333 0.16927083333333334 0.15 0.08020833333333333
0 0.6588541666666666 0.22864583333333333 0.08854166666666667 0.11562499999999999
0 0.78125 0.3328125 0.15416666666666667 0.07395833333333333
0 0.6182291666666666 0.4354166666666667 0.08229166666666667 0.15416666666666667
0 0.6489583333333333 0.6375 0.06875 0.14166666666666666
0 0.8151041666666666 0.8578125 0.109375 0.13645833333333332
0 0.48020833333333335 0.640625 0.08125 0.14583333333333334
0 0.31354166666666666 0.6020833333333333 0.13541666666666666 0.1125
0 0.41302083333333334 0.8213541666666666 0.103125 0.128125
1 0.31354166666666666 0.3927083333333333 0.07291666666666667 0.09583333333333333
1 0.42291666666666666 0.19479166666666667 0.075 0.075
1 0.8505208333333333 0.53125 0.08020833333333333 0.06666666666666667
