0 0.39427083333333335 0.13854166666666667 0.134375 0.07708333333333334
0 0.6119791666666666 0.13697916666666665 0.12604166666666666 0.11979166666666667
0 0.7057291666666666 0.40781249999999997 0.109375 0.10729166666666666
0 0.8302083333333333 0.4317708333333333 0.11041666666666666 0.096875
0 0.6729166666666666 0.6520833333333333 0.1125 0.13541666666666666
0 0.5244791666666666 0.5802083333333333 0.096875 0.15
0 0.41822916666666665 0.2984375 0.13645833333333332 0.08229166666666667
0 0.42343749999999997 0.4395833333333333 0.13229166666666667 0.12083333333333333
0 0.2375 0.43124999999999997 0.1 0.12291666666666666
0 0.3234375 0.590625 0.10104166666666667 0.14166666666666666
1 0.22447916666666667 0.2515625 0.05520833333333333 0.065625
1 0.7354166666666666 0.2328125 0.07083333333333333 0.08020833333333333
1 0.8156249999999999 0.7536458333333333 0.06875 0.071875
1 0.56875 0.8807291666666667 0.0875 0.08645833333333333
1 0.34322916666666664 0.778125 0.09270833333333334 0.0875
