0 0.3776041666666667 0.15729166666666666 0.121875 0.1125
0 0.2526041666666667 0.5161458333333333 0.165625 0.071875
0 0.696875 0.4479166666666667 0.14583333333333334 0.08125
0 0.7557291666666667 0.71875 0.11979166666666667 0.14166666666666666
0 0.4822916666666667 0.6947916666666667 0.14166666666666666 0.0875
0 0.23802083333333332 0.7682291666666666 0.071875 0.16145833333333334
1 0.2916666666666667 0.3145833333333333 0.07916666666666666 0.06041666666666667
1 0.5458333333333333 0.3208333333333333 0.0625 0.0625
1 0.615625 0.15677083333333333 0.058333333333333334 0.084375
1 0.853125 0.5140625 0.08541666666666667 0.06145833333333333
2 0.4828125 0.553125 0.03229166666666666 0.06041666666666667
