0 0.2734375 0.26458333333333334 0.12395833333333334 0.12708333333333333
0 0.5671875 0.24739583333333334 0.11979166666666667 0.11979166666666667
0 0.790625 0.2734375 0.14791666666666667 0.07604166666666666
0 0.5541666666666667 0.39427083333333335 0.12291666666666666 0.103125
0 0.6770833333333334 0.6380208333333334 0.08333333333333333 0.16145833333333334
0 0.8296875 0.6708333333333333 0.08645833333333333 0.15625
0 0.3833333333333333 0.7703125 0.07291666666666667 0.16145833333333334
0 0.22395833333333334 0.5755208333333334 0.1 0.14895833333333333
1 0.16822916666666665 0.3541666666666667 0.08229166666666667 0.07708333333333334
1 0.4041666666666667 0.13645833333333332 0.06875 0.07916666666666666
1 0.48333333333333334 0.5979166666666667 0.06041666666666667 0.07916666666666666
1 0.828125 0.48385416666666664 0.06041666666666667 0.06145833333333333
1 0.7572916666666667 0.8859374999999999 0.07916666666666666 0.071875
