0 0.3286458333333333 0.14270833333333333 0.13854166666666667 0.15208333333333332
0 0.515625 0.11562499999999999 0.10625 0.16666666666666666
0 0.584375 0.34322916666666664 0.18333333333333332 0.08229166666666667
0 0.22708333333333333 0.28489583333333335 0.15416666666666667 0.10520833333333333
0 0.16145833333333334 0.5817708333333333 0.14166666666666666 0.128125
0 0.25364583333333335 0.7182291666666667 0.15729166666666666 0.146875
0 0.42604166666666665 0.6166666666666667 0.09166666666666666 0.15416666666666667
0 0.6479166666666667 0.5640625 0.16458333333333333 0.13229166666666667
0 0.7479166666666667 0.7130208333333333 0.17708333333333334 0.08229166666666667
0 0.6354166666666666 0.8770833333333333 0.18541666666666667 0.09375
0 0.4067708333333333 0.8453125 0.20520833333333333 0.10520833333333333
1 0.8786458333333333 0.6385416666666667 0.11979166666666667 0.07916666666666666
1 0.8989583333333333 0.4380208333333333 0.1 0.109375
1 0.7989583333333333 0.24166666666666667 0.07916666666666666 0.08333333333333333
1 0.27291666666666664 0.42916666666666664 0.10625 0.075
