0 0.46822916666666664 0.18958333333333333 0.13020833333333334 0.19166666666666665
0 0.29375 0.25 0.16666666666666666 0.12916666666666665
0 0.6052083333333333 0.4453125 0.125 0.146875
0 0.8859374999999999 0.4640625 0.109375 0.165625
0 0.8484375 0.7677083333333333 0.14895833333333333 0.14791666666666667
0 0.5692708333333333 0.8854166666666666 0.178125 0.1125
0 0.4614583333333333 0.6729166666666666 0.17708333333333334 0.11666666666666667
0 0.240625 0.596875 0.16458333333333333 0.10208333333333333
0 0.11979166666666667 0.49635416666666665 0.11875 0.14270833333333333
1 0.35104166666666664 0.8734375 0.1125 0.071875
1 0.6822916666666666 0.728125 0.09375 0.0875
1 0.7151041666666667 0.25104166666666666 0.08645833333333333 0.11875
