1 0.3380208333333333 0.2359375 0.096875 0.07604166666666666
1 0.8526041666666666 0.47760416666666666 0.10520833333333333 0.08645833333333333
1 0.8005208333333333 0.746875 0.09895833333333333 0.09791666666666667
0 0.7442708333333333 0.24166666666666667 0.11145833333333333 0.16458333333333333
0 0.6145833333333334 0.3520833333333333 0.14375 0.08958333333333333
0 0.6848958333333334 0.5177083333333333 0.08020833333333333 0.16041666666666665
0 0.5359375 0.49635416666666665 0.090625 0.15520833333333334
0 0.5791666666666666 0.7630208333333334 0.16041666666666665 0.090625
0 0.30364583333333334 0.4161458333333333 0.12395833333333334 0.11979166666666667
0 0.27760416666666665 0.615625 0.15729166666666666 0.07916666666666666
0 0.41510416666666666 0.828125 0.071875 0.16458333333333333
