0 0.3046875 0.24270833333333333 0.146875 0.11041666666666666
0 0.5291666666666667 0.2677083333333333 0.07708333333333334 0.17708333333333334
0 0.6802083333333333 0.14791666666666667 0.11666666666666667 0.14375
0 0.7411458333333333 0.3703125 0.140625 0.11562499999999999
0 0.7401041666666667 0.56875 0.16145833333333334 0.08125
0 0.14947916666666666 0.49583333333333335 0.090625 0.17291666666666666
0 0.3 0.7880208333333333 0.09166666666666666 0.15104166666666666
0 0.5307291666666667 0.6255208333333333 0.08854166666666667 0.15104166666666666
0 0.5338541666666666 0.8645833333333334 0.15729166666666666 0.09375
1 0.8473958333333333 0.7947916666666667 0.08229166666666667 0.10208333333333333
1 0.8822916666666667 0.45208333333333334 0.07916666666666666 0.09166666666666666
1 0.36354166666666665 0.4583333333333333 0.11041666666666666 0.08125
