0 0.21510416666666665 0.30572916666666666 0.153125 0.146875
0 0.7411458333333333 0.14791666666666667 0.15520833333333334 0.13958333333333334
0 0.8098958333333334 0.440625 0.146875 0.13541666666666666
0 0.8526041666666666 0.6401041666666667 0.146875 0.14895833333333333
0 0.66875 0.85 0.16666666666666666 0.13333333333333333
0 0.4895833333333333 0.503125 0.1625 0.13333333333333333
0 0.5260416666666666 0.7151041666666667 0.13541666666666666 0.14895833333333333
0 0.22760416666666666 0.5666666666666667 0.16979166666666667 0.10833333333333334
0 0.21927083333333333 0.8312499999999999 0.16770833333333332 0.09791666666666667
1 0.609375 0.37395833333333334 0.09791666666666667 0.125
1 0.3296875 0.06354166666666666 0.10729166666666666 0.1
