0 0.5588541666666667 0.13125 0.16145833333333334 0.13958333333333334
0 0.25729166666666664 0.240625 0.1375 0.17708333333333334
0 0.4864583333333333 0.4817708333333333 0.11041666666666666 0.16979166666666667
0 0.8395833333333333 0.5026041666666666 0.16666666666666666 0.13854166666666667
0 0.7395833333333334 0.665625 0.16041666666666665 0.15
0 0.46510416666666665 0.8473958333333333 0.14270833333333333 0.178125
0 0.2140625 0.7625 0.14479166666666665 0.1375
1 0.6848958333333334 0.8338541666666667 0.084375 0.11770833333333333
1 0.7630208333333334 0.2661458333333333 0.090625 0.09479166666666666
1 0.2046875 0.4395833333333333 0.109375 0.09791666666666667
