0 0.4708333333333333 0.1125 0.1375 0.13333333333333333
0 0.30572916666666666 0.2359375 0.084375 0.14479166666666665
0 0.21510416666666665 0.5333333333333333 0.12395833333333334 0.07916666666666666
0 0.3458333333333333 0.8244791666666667 0.10208333333333333 0.14270833333333333
0 0.528125 0.8359375 0.10208333333333333 0.13229166666666667
0 0.759375 0.6583333333333333 0.09166666666666666 0.125
0 0.8265625 0.47812499999999997 0.10520833333333333 0.12291666666666666
0 0.7421875 0.25364583333333335 0.15104166666666666 0.065625
1 0.6458333333333334 0.42083333333333334 0.06666666666666667 0.075
1 0.8302083333333333 0.825 0.08333333333333333 0.058333333333333334
1 0.25677083333333334 0.7161458333333334 0.06354166666666666 0.08020833333333333
2 0.3072916666666667 0.6276041666666666 0.05416666666666667 0.021875
