0 0.32447916666666665 0.25104166666666666 0.06770833333333333 0.13541666666666666
0 0.5666666666666667 0.34479166666666666 0.11041666666666666 0.11458333333333333
0 0.7145833333333333 0.43072916666666666 0.13958333333333334 0.08020833333333333
0 0.2947916666666667 0.47291666666666665 0.12916666666666665 0.09166666666666666
0 0.5375 0.5864583333333333 0.09166666666666666 0.1125
0 0.6572916666666666 0.7369791666666666 0.07916666666666666 0.10729166666666666
0 0.3328125 0.8302083333333333 0.11562499999999999 0.10625
1 0.5526041666666667 0.8208333333333333 0.06770833333333333 0.05625
1 0.27760416666666665 0.6203125 0.057291666666666664 0.07395833333333333
1 0.509375 0.49322916666666666 0.06875 0.057291666666666664
1 0.7776041666666667 0.5927083333333333 0.084375 0.06875
1 0.6890625 0.2328125 0.053125 0.057291666666666664
