0 0.409375 0.1515625 0.10416666666666667 0.12395833333333334
0 0.5338541666666666 0.36614583333333334 0.10729166666666666 0.12395833333333334
0 0.259375 0.3208333333333333 0.14791666666666667 0.0875
0 0.19114583333333332 0.484375 0.09479166666666666 0.1375
0 0.40729166666666666 0.5510416666666667 0.12708333333333333 0.08958333333333333
0 0.703125 0.21979166666666666 0.14166666666666666 0.0875
0 0.7203125 0.4328125 0.08645833333333333 0.12395833333333334
0 0.7260416666666667 0.7380208333333333 0.125 0.06770833333333333
0 0.2890625 0.7536458333333333 0.14270833333333333 0.096875
1 0.6875 0.6197916666666666 0.06041666666666667 0.09166666666666666
1 0.8723958333333334 0.4015625 0.07604166666666666 0.090625
