1 0.4588541666666667 0.14739583333333334 0.06145833333333333 0.08645833333333333
1 0.6625 0.3177083333333333 0.09375 0.06458333333333333
1 0.6802083333333333 0.8526041666666666 0.06875 0.071875
1 0.2765625 0.8473958333333333 0.046875 0.08020833333333333
0 0.6239583333333333 0.17395833333333333 0.13958333333333334 0.07708333333333334
0 0.7828125 0.471875 0.08854166666666667 0.14375
0 0.625 0.7005208333333334 0.10833333333333334 0.13020833333333334
0 0.4515625 0.7916666666666666 0.07604166666666666 0.125
0 0.4427083333333333 0.6161458333333333 0.06666666666666667 0.140625
0 0.6260416666666666 0.4401041666666667 0.11458333333333333 0.128125
0 0.46458333333333335 0.4432291666666667 0.11041666666666666 0.12395833333333334
0 0.2869791666666667 0.3442708333333333 0.09270833333333334 0.14479166666666665
0 0.24010416666666667 0.4739583333333333 0.11145833333333333 0.12083333333333333
0 0.2375 0.6739583333333333 0.13958333333333334 0.08958333333333333
