0 0.5973958333333333 0.2515625 0.12395833333333334 0.096875
0 0.7703125 0.390625 0.11145833333333333 0.125
0 0.38958333333333334 0.3026041666666667 0.09583333333333333 0.13020833333333334
0 0.5385416666666667 0.53125 0.11041666666666666 0.14583333333333334
0 0.6807291666666666 0.696875 0.14895833333333333 0.06458333333333333
0 0.40260416666666665 0.7822916666666666 0.078125 0.14166666666666666
0 0.3104166666666667 0.5713541666666666 0.09375 0.13645833333333332
1 0.24166666666666667 0.4041666666666667 0.08958333333333333 0.06666666666666667
1 0.5421875 0.38697916666666665 0.057291666666666664 0.06770833333333333
1 0.7213541666666666 0.5078125 0.07395833333333333 0.07395833333333333
