0 0.4192708333333333 0.12239583333333333 0.16979166666666667 0.109375
0 0.690625 0.140625 0.15208333333333332 0.09375
0 0.8937499999999999 0.3770833333333333 0.1 0.17083333333333334
0 0.6927083333333334 0.4828125 0.125 0.09270833333333334
0 0.5703125 0.3578125 0.10520833333333333 0.16770833333333332
0 0.33958333333333335 0.2953125 0.15625 0.11145833333333333
0 0.35052083333333334 0.4791666666666667 0.13645833333333332 0.11458333333333333
0 0.1390625 0.428125 0.09895833333333333 0.17083333333333334
0 0.1953125 0.6729166666666666 0.11979166666666667 0.15
0 0.3109375 0.8734375 0.103125 0.16145833333333334
0 0.5604166666666667 0.6515625 0.1625 0.084375
0 0.5609375 0.8598958333333333 0.10104166666666667 0.16979166666666667
1 0.7359375 0.8213541666666666 0.07604166666666666 0.08229166666666667
1 0.7973958333333333 0.640625 0.07604166666666666 0.0625
1 0.16770833333333332 0.24010416666666667 0.07083333333333333 0.096875
