1 0.5552083333333333 0.19010416666666666 0.09166666666666666 0.09270833333333334
1 0.8192708333333333 0.6947916666666667 0.09479166666666666 0.10208333333333333
0 0.8807291666666667 0.40208333333333335 0.084375 0.16041666666666665
0 0.7203125 0.26510416666666664 0.165625 0.07395833333333333
0 0.5505208333333333 0.3854166666666667 0.11562499999999999 0.15416666666666667
0 0.31197916666666664 0.17135416666666667 0.16770833333333332 0.10104166666666667
0 0.35625 0.35833333333333334 0.06875 0.14791666666666667
0 0.1640625 0.42083333333333334 0.165625 0.07916666666666666
0 0.315625 0.5588541666666667 0.10416666666666667 0.12395833333333334
0 0.5364583333333334 0.6203125 0.12708333333333333 0.11354166666666667
0 0.15208333333333332 0.6348958333333333 0.14375 0.121875
0 0.3151041666666667 0.825 0.103125 0.15833333333333333
0 0.5729166666666666 0.821875 0.09791666666666667 0.15416666666666667
0 0.7203125 0.5786458333333333 0.16145833333333334 0.084375
