1 0.24166666666666667 0.24687499999999998 0.09791666666666667 0.07291666666666667
1 0.7796875 0.5401041666666666 0.071875 0.09479166666666666
1 0.5859375 0.8755208333333333 0.07604166666666666 0.084375
0 0.7270833333333333 0.7005208333333334 0.08333333333333333 0.134375
0 0.8411458333333334 0.3833333333333333 0.11562499999999999 0.09583333333333333
0 0.715625 0.21041666666666667 0.09583333333333333 0.12708333333333333
0 0.5333333333333333 0.13072916666666667 0.10833333333333334 0.13229166666666667
0 0.4083333333333333 0.16614583333333333 0.07291666666666667 0.134375
0 0.4317708333333333 0.3328125 0.134375 0.09479166666666666
0 0.6489583333333333 0.34270833333333334 0.1375 0.075
0 0.6526041666666667 0.4484375 0.14270833333333333 0.07604166666666666
0 0.5911458333333334 0.5640625 0.12395833333333334 0.059375
0 0.5135416666666667 0.7229166666666667 0.14583333333333334 0.07916666666666666
0 0.3463541666666667 0.8067708333333333 0.153125 0.084375
0 0.3359375 0.546875 0.159375 0.075
0 0.1671875 0.4171875 0.12395833333333334 0.09479166666666666
0 0.20729166666666665 0.65625 0.08333333333333333 0.15416666666666667
