0 0.7057291666666666 0.16041666666666665 0.11770833333333333 0.10625
0 0.7270833333333333 0.3489583333333333 0.13333333333333333 0.07291666666666667
0 0.6333333333333333 0.5395833333333333 0.0875 0.14166666666666666
0 0.5765625 0.41822916666666665 0.11770833333333333 0.09270833333333334
0 0.4770833333333333 0.20052083333333334 0.11041666666666666 0.09270833333333334
0 0.3078125 0.34739583333333335 0.128125 0.07395833333333333
0 0.428125 0.5177083333333333 0.07291666666666667 0.12083333333333333
0 0.2203125 0.5260416666666666 0.13645833333333332 0.08333333333333333
0 0.2635416666666667 0.7598958333333333 0.075 0.13854166666666667
0 0.5755208333333334 0.8171875 0.07395833333333333 0.14270833333333333
1 0.7442708333333333 0.6479166666666667 0.09895833333333333 0.0625
1 0.31197916666666664 0.22343749999999998 0.078125 0.057291666666666664
