1 0.30416666666666664 0.12760416666666666 0.07083333333333333 0.09895833333333333
1 0.6364583333333333 0.45416666666666666 0.06041666666666667 0.07708333333333334
1 0.775 0.546875 0.06875 0.07916666666666666
1 0.3125 0.7213541666666666 0.08541666666666667 0.065625
0 0.5869791666666666 0.2140625 0.10104166666666667 0.121875
0 0.48541666666666666 0.3614583333333333 0.075 0.14583333333333334
0 0.2791666666666667 0.3380208333333333 0.14375 0.065625
0 0.2109375 0.4895833333333333 0.084375 0.15208333333333332
0 0.36875 0.5625 0.09166666666666666 0.15208333333333332
0 0.5151041666666667 0.6479166666666667 0.13854166666666667 0.0875
0 0.7765625 0.6817708333333333 0.12395833333333334 0.08020833333333333
0 0.5109375 0.8671875 0.153125 0.071875
