0 0.24166666666666667 0.396875 0.16875 0.1
0 0.46979166666666666 0.4770833333333333 0.16875 0.07916666666666666
0 0.24947916666666667 0.709375 0.159375 0.08125
0 0.4609375 0.7927083333333333 0.07395833333333333 0.17916666666666667
0 0.6953125 0.5890625 0.140625 0.13020833333333334
0 0.8171875 0.46979166666666666 0.15104166666666666 0.07708333333333334
0 0.7552083333333334 0.23958333333333334 0.09375 0.16875
0 0.5557291666666666 0.16875 0.16145833333333334 0.07291666666666667
1 0.34322916666666664 0.203125 0.06145833333333333 0.08333333333333333
1 0.7770833333333333 0.8244791666666667 0.08541666666666667 0.09479166666666666
