1 0.290625 0.4010416666666667 0.06875 0.09583333333333333
1 0.7677083333333333 0.5083333333333333 0.07083333333333333 0.09375
0 0.31354166666666666 0.21302083333333333 0.10625 0.15104166666666666
0 0.5427083333333333 0.3182291666666667 0.15416666666666667 0.08645833333333333
0 0.7375 0.3109375 0.13541666666666666 0.109375
0 0.565625 0.5119791666666667 0.12083333333333333 0.10729166666666666
0 0.7390625 0.6755208333333333 0.14479166666666665 0.10520833333333333
0 0.6291666666666667 0.8270833333333333 0.125 0.1375
0 0.384375 0.8083333333333333 0.12916666666666665 0.1125
0 0.3333333333333333 0.6541666666666667 0.14791666666666667 0.09166666666666666
