1 0.24322916666666666 0.30833333333333335 0.10520833333333333 0.07916666666666666
1 0.5885416666666666 0.3458333333333333 0.07291666666666667 0.07916666666666666
1 0.4791666666666667 0.5583333333333333 0.07916666666666666 0.1
0 0.4067708333333333 0.175 0.14895833333333333 0.13958333333333334
0 0.6520833333333333 0.20833333333333334 0.10208333333333333 0.1625
0 0.8526041666666666 0.5109375 0.10520833333333333 0.146875
0 0.7130208333333333 0.6119791666666666 0.08645833333333333 0.165625
0 0.6583333333333333 0.8057291666666666 0.09583333333333333 0.171875
0 0.4588541666666667 0.7796875 0.103125 0.15729166666666666
0 0.22604166666666667 0.696875 0.17291666666666666 0.12083333333333333
0 0.24375 0.4765625 0.12291666666666666 0.12604166666666666
