0 0.46249999999999997 0.2625 0.13125 0.12916666666666665
0 0.5729166666666666 0.18229166666666666 0.14791666666666667 0.09791666666666667
0 0.7921875 0.19583333333333333 0.103125 0.16458333333333333
0 0.853125 0.40572916666666664 0.11666666666666667 0.16354166666666667
0 0.809375 0.6479166666666667 0.17291666666666666 0.08125
0 0.6109375 0.5119791666666667 0.153125 0.06979166666666667
0 0.365625 0.4354166666666667 0.15416666666666667 0.08125
0 0.2640625 0.6833333333333333 0.146875 0.14166666666666666
1 0.6223958333333334 0.6744791666666666 0.09270833333333334 0.07604166666666666
1 0.7630208333333334 0.8156249999999999 0.084375 0.05625
1 0.6572916666666666 0.3640625 0.08541666666666667 0.084375
2 0.42604166666666665 0.6109375 0.0625 0.071875
