1 0.31875 0.19479166666666667 0.08958333333333333 0.10416666666666667
1 0.64375 0.16614583333333333 0.10833333333333334 0.08229166666666667
0 0.8427083333333333 0.265625 0.14583333333333334 0.07916666666666666
0 0.7822916666666666 0.42083333333333334 0.14583333333333334 0.09583333333333333
0 0.5802083333333333 0.375 0.09166666666666666 0.14166666666666666
0 0.43854166666666666 0.38645833333333335 0.16041666666666665 0.08541666666666667
0 0.22135416666666666 0.35 0.18854166666666666 0.07708333333333334
0 0.1609375 0.5255208333333333 0.146875 0.11354166666666667
0 0.3697916666666667 0.5375 0.1375 0.1
0 0.5583333333333333 0.5739583333333333 0.15 0.08541666666666667
0 0.6223958333333334 0.7140625 0.08229166666666667 0.165625
0 0.7828125 0.8453125 0.09479166666666666 0.165625
0 0.8067708333333333 0.6375 0.11354166666666667 0.13333333333333333
0 0.4515625 0.7921875 0.10104166666666667 0.13854166666666667
0 0.20677083333333332 0.7083333333333334 0.121875 0.11458333333333333
