1 0.8286458333333333 0.2677083333333333 0.07604166666666666 0.058333333333333334
1 0.2859375 0.2994791666666667 0.08229166666666667 0.08854166666666667
1 0.4713541666666667 0.7890625 0.08020833333333333 0.06354166666666666
1 0.6890625 0.8302083333333333 0.06770833333333333 0.07708333333333334
0 0.3567708333333333 0.13125 0.12604166666666666 0.11875
0 0.5171875 0.20416666666666666 0.084375 0.13333333333333333
0 0.6708333333333333 0.2791666666666667 0.08958333333333333 0.13541666666666666
0 0.8385416666666666 0.4786458333333333 0.06875 0.15104166666666666
0 0.7869791666666667 0.6713541666666667 0.06979166666666667 0.15729166666666666
0 0.5411458333333333 0.5442708333333334 0.13020833333333334 0.11562499999999999
0 0.41770833333333335 0.4203125 0.1375 0.096875
0 0.2640625 0.4666666666666667 0.071875 0.13333333333333333
0 0.2760416666666667 0.7166666666666667 0.14375 0.08958333333333333
