0 0.25104166666666666 0.2755208333333333 0.08958333333333333 0.16770833333333332
0 0.4953125 0.27447916666666666 0.103125 0.14479166666666665
0 0.6921875 0.21979166666666666 0.08229166666666667 0.17708333333333334
0 0.8229166666666666 0.3265625 0.16041666666666665 0.10520833333333333
0 0.85 0.5338541666666666 0.07708333333333334 0.14895833333333333
0 0.39375 0.55625 0.07916666666666666 0.16041666666666665
0 0.30104166666666665 0.7541666666666667 0.13958333333333334 0.13333333333333333
0 0.7677083333333333 0.753125 0.1625 0.08125
1 0.596875 0.48125 0.0875 0.07083333333333333
1 0.5078125 0.8317708333333333 0.06979166666666667 0.08854166666666667
1 0.20677083333333332 0.5385416666666667 0.065625 0.0875
