1 0.30833333333333335 0.40625 0.05625 0.08541666666666667
1 0.8526041666666666 0.43906249999999997 0.08229166666666667 0.065625
0 0.2453125 0.22916666666666666 0.15729166666666666 0.08125
0 0.5322916666666666 0.15625 0.13958333333333334 0.07291666666666667
0 0.7375 0.24635416666666665 0.13541666666666666 0.08854166666666667
0 0.525 0.4265625 0.08125 0.121875
0 0.5932291666666667 0.59375 0.08020833333333333 0.14791666666666667
0 0.30833333333333335 0.55 0.15208333333333332 0.075
0 0.28489583333333335 0.8270833333333333 0.16145833333333334 0.07708333333333334
0 0.8546874999999999 0.715625 0.10729166666666666 0.13333333333333333
2 0.621875 0.8276041666666667 0.03125 0.06145833333333333
