0 0.25104166666666666 0.3390625 0.08541666666666667 0.17395833333333333
0 0.37447916666666664 0.31666666666666665 0.07604166666666666 0.1625
0 0.5567708333333333 0.4734375 0.134375 0.10729166666666666
0 0.778125 0.371875 0.12916666666666665 0.13333333333333333
0 0.1515625 0.5072916666666667 0.078125 0.17708333333333334
0 0.39947916666666666 0.6307291666666667 0.17395833333333333 0.08020833333333333
0 0.60625 0.7479166666666667 0.07916666666666666 0.1625
0 0.7255208333333333 0.8151041666666666 0.103125 0.17395833333333333
0 0.3151041666666667 0.8135416666666666 0.146875 0.11666666666666667
1 0.7322916666666667 0.5734375 0.0625 0.08645833333333333
1 0.8765625 0.5838541666666667 0.08020833333333333 0.08645833333333333
1 0.5989583333333334 0.24427083333333333 0.06875 0.09479166666666666
2 0.7135416666666666 0.18177083333333333 0.04791666666666666 0.06354166666666666
