1 0.38229166666666664 0.4192708333333333 0.06875 0.09479166666666666
1 0.7984375 0.321875 0.06770833333333333 0.07708333333333334
1 0.7770833333333333 0.75 0.08333333333333333 0.07916666666666666
0 0.7953125 0.14479166666666665 0.15729166666666666 0.08541666666666667
0 0.559375 0.16145833333333334 0.12083333333333333 0.14166666666666666
0 0.375 0.19270833333333334 0.09375 0.14375
0 0.2817708333333333 0.3546875 0.10729166666666666 0.14270833333333333
0 0.5661458333333333 0.4458333333333333 0.146875 0.11041666666666666
0 0.778125 0.5166666666666666 0.09166666666666666 0.12916666666666665
0 0.521875 0.6796875 0.16875 0.08020833333333333
0 0.54375 0.8208333333333333 0.10208333333333333 0.14375
0 0.2578125 0.73125 0.14895833333333333 0.1
0 0.3098958333333333 0.5604166666666667 0.11562499999999999 0.11875
