0 0.3572916666666667 0.17708333333333334 0.09583333333333333 0.14791666666666667
0 0.39375 0.4067708333333333 0.12916666666666665 0.08854166666666667
0 0.21562499999999998 0.4375 0.10416666666666667 0.15208333333333332
0 0.25364583333333335 0.6296875 0.13229166666666667 0.103125
0 0.509375 0.5697916666666667 0.09583333333333333 0.13125
0 0.7052083333333333 0.40781249999999997 0.07708333333333334 0.140625
0 0.6822916666666666 0.6723958333333333 0.10208333333333333 0.13020833333333334
0 0.4421875 0.7901041666666666 0.11770833333333333 0.14895833333333333
1 0.6020833333333333 0.8312499999999999 0.075 0.0875
1 0.9015624999999999 0.5880208333333333 0.08229166666666667 0.103125
1 0.8973958333333333 0.41041666666666665 0.065625 0.06875
1 0.709375 0.265625 0.07291666666666667 0.07916666666666666
1 0.5015625 0.1296875 0.078125 0.084375
1 0.5442708333333334 0.2875 0.09895833333333333 0.08125
