1 0.2916666666666667 0.18177083333333333 0.05625 0.065625
1 0.6989583333333333 0.3411458333333333 0.07083333333333333 0.06979166666666667
1 0.7989583333333333 0.5255208333333333 0.09791666666666667 0.084375
1 0.8213541666666666 0.825 0.065625 0.08333333333333333
0 0.5338541666666666 0.17239583333333333 0.13854166666666667 0.109375
0 0.5854166666666667 0.39739583333333334 0.11041666666666666 0.11562499999999999
0 0.6583333333333333 0.6229166666666667 0.07291666666666667 0.14791666666666667
0 0.5708333333333333 0.7822916666666666 0.11041666666666666 0.14583333333333334
0 0.5026041666666666 0.6015625 0.071875 0.146875
0 0.3770833333333333 0.3609375 0.10208333333333333 0.121875
0 0.3770833333333333 0.5869791666666666 0.08541666666666667 0.14479166666666665
0 0.19791666666666666 0.5473958333333333 0.13125 0.10520833333333333
0 0.19895833333333332 0.7828125 0.15 0.11562499999999999
