0 0.28802083333333334 0.08541666666666667 0.15729166666666666 0.10208333333333333
0 0.4427083333333333 0.24114583333333334 0.09375 0.17395833333333333
0 0.6182291666666666 0.1765625 0.140625 0.10520833333333333
0 0.7432291666666666 0.29270833333333335 0.08645833333333333 0.15416666666666667
0 0.5911458333333334 0.38229166666666664 0.14895833333333333 0.07916666666666666
0 0.3364583333333333 0.4791666666666667 0.16666666666666666 0.11041666666666666
0 0.4354166666666667 0.5994791666666667 0.15833333333333333 0.09895833333333333
0 0.1953125 0.659375 0.16979166666666667 0.09166666666666666
0 0.3286458333333333 0.8234374999999999 0.134375 0.10729166666666666
0 0.6208333333333333 0.6635416666666667 0.14166666666666666 0.13125
0 0.8109375 0.5161458333333333 0.15729166666666666 0.11145833333333333
1 0.8786458333333333 0.3984375 0.07604166666666666 0.096875
1 0.7333333333333333 0.8364583333333333 0.08125 0.10416666666666667
1 0.18697916666666667 0.2739583333333333 0.096875 0.09166666666666666
