1 0.40989583333333335 0.13125 0.06145833333333333 0.1
1 0.590625 0.8286458333333333 0.08125 0.10520833333333333
0 0.22604166666666667 0.1671875 0.07916666666666666 0.16354166666666667
0 0.14322916666666666 0.44427083333333334 0.10104166666666667 0.153125
0 0.3932291666666667 0.31197916666666664 0.103125 0.14895833333333333
0 0.653125 0.15416666666666667 0.14791666666666667 0.09166666666666666
0 0.5921875 0.30833333333333335 0.146875 0.09166666666666666
0 0.7786458333333334 0.40572916666666664 0.16354166666666667 0.084375
0 0.7052083333333333 0.5505208333333333 0.14791666666666667 0.078125
0 0.5010416666666666 0.5119791666666667 0.09166666666666666 0.14895833333333333
0 0.2838541666666667 0.4828125 0.128125 0.11354166666666667
0 0.43697916666666664 0.6588541666666666 0.09479166666666666 0.16145833333333334
0 0.19479166666666667 0.696875 0.15625 0.08125
0 0.34270833333333334 0.865625 0.14375 0.08541666666666667
0 0.75625 0.7270833333333333 0.1625 0.10625
