1 0.5411458333333333 0.40781249999999997 0.08020833333333333 0.06354166666666666
1 0.8963541666666667 0.8036458333333333 0.11770833333333333 0.08229166666666667
1 0.2708333333333333 0.6375 0.07083333333333333 0.08958333333333333
2 0.5067708333333333 0.9104166666666667 0.05520833333333333 0.075
0 0.25625 0.11666666666666667 0.15833333333333333 0.10208333333333333
0 0.27239583333333334 0.28541666666666665 0.146875 0.10416666666666667
0 0.3614583333333333 0.48802083333333335 0.1375 0.12395833333333334
0 0.678125 0.20989583333333334 0.11875 0.13645833333333332
0 0.7760416666666666 0.3578125 0.08958333333333333 0.14895833333333333
0 0.703125 0.5052083333333334 0.16458333333333333 0.07291666666666667
0 0.9354166666666667 0.5854166666666667 0.11875 0.14791666666666667
0 0.61875 0.66875 0.10416666666666667 0.1625
0 0.26510416666666664 0.8697916666666666 0.15104166666666666 0.07916666666666666
