0 0.18125 0.259375 0.1375 0.07291666666666667
0 0.3390625 0.15260416666666665 0.07395833333333333 0.15104166666666666
0 0.5151041666666667 0.2755208333333333 0.146875 0.09479166666666666
0 0.7515625 0.23072916666666665 0.159375 0.08229166666666667
0 0.5432291666666667 0.5104166666666666 0.08854166666666667 0.15833333333333333
0 0.33177083333333335 0.7572916666666667 0.15104166666666666 0.13541666666666666
0 0.7869791666666667 0.7453125 0.15104166666666666 0.11562499999999999
1 0.7708333333333334 0.4786458333333333 0.08541666666666667 0.08020833333333333
1 0.615625 0.18489583333333334 0.07291666666666667 0.08229166666666667
1 0.36354166666666665 0.46510416666666665 0.08541666666666667 0.090625
1 0.25416666666666665 0.6083333333333333 0.08333333333333333 0.07291666666666667
1 0.5671875 0.8822916666666667 0.08229166666666667 0.075
