0 0.3333333333333333 0.08958333333333333 0.13958333333333334 0.13125
0 0.22135416666666666 0.25677083333333334 0.16145833333333334 0.09270833333333334
0 0.17447916666666666 0.6411458333333333 0.084375 0.171875
0 0.3546875 0.6135416666666667 0.12395833333333334 0.13958333333333334
0 0.33541666666666664 0.8578125 0.09166666666666666 0.17604166666666665
0 0.5640625 0.7625 0.121875 0.15
0 0.7536458333333333 0.6666666666666666 0.16979166666666667 0.08333333333333333
0 0.79375 0.8703124999999999 0.14375 0.159375
0 0.70625 0.49114583333333334 0.11458333333333333 0.165625
0 0.6640625 0.20729166666666665 0.10520833333333333 0.17916666666666667
0 0.51875 0.196875 0.09375 0.15833333333333333
1 0.434375 0.35104166666666664 0.08125 0.09375
1 0.15052083333333333 0.46041666666666664 0.11354166666666667 0.075
1 0.8416666666666667 0.29583333333333334 0.10208333333333333 0.10833333333333334
1 0.8640625 0.4770833333333333 0.08229166666666667 0.10625
