1 0.7536458333333333 0.6619791666666667 0.09270833333333334 0.09479166666666666
1 0.9119791666666667 0.5614583333333333 0.07604166666666666 0.09375
1 0.3104166666666667 0.7375 0.08958333333333333 0.10416666666666667
0 0.38645833333333335 0.17395833333333333 0.16875 0.0875
0 0.6239583333333333 0.1890625 0.12083333333333333 0.184375
0 0.7963541666666667 0.21979166666666666 0.11354166666666667 0.14791666666666667
0 0.86875 0.35572916666666665 0.07916666666666666 0.146875
0 0.5776041666666667 0.4223958333333333 0.146875 0.078125
0 0.35572916666666665 0.353125 0.140625 0.11041666666666666
0 0.1890625 0.49583333333333335 0.171875 0.12916666666666665
0 0.18020833333333333 0.6916666666666667 0.16041666666666665 0.11041666666666666
0 0.5510416666666667 0.6213541666666667 0.19166666666666665 0.096875
0 0.5828125 0.8270833333333333 0.09270833333333334 0.19375
