1 0.7552083333333334 0.12916666666666665 0.06875 0.08125
1 0.73125 0.3333333333333333 0.07708333333333334 0.07708333333333334
1 0.7364583333333333 0.775 0.07916666666666666 0.09791666666666667
1 0.47604166666666664 0.6479166666666667 0.1 0.0625
0 0.4671875 0.20208333333333334 0.096875 0.14791666666666667
0 0.24947916666666667 0.3390625 0.159375 0.09270833333333334
0 0.5286458333333334 0.3989583333333333 0.146875 0.08125
0 0.6546875 0.5479166666666666 0.13645833333333332 0.11666666666666667
0 0.3015625 0.603125 0.08645833333333333 0.1625
0 0.3265625 0.8078124999999999 0.14895833333333333 0.09270833333333334
