0 0.3265625 0.184375 0.09479166666666666 0.15
0 0.6848958333333334 0.19322916666666667 0.14479166666666665 0.10729166666666666
0 0.7416666666666667 0.5192708333333333 0.16666666666666666 0.08854166666666667
0 0.6520833333333333 0.6432291666666666 0.16666666666666666 0.08020833333333333
0 0.7135416666666666 0.8270833333333333 0.08333333333333333 0.15625
0 0.5072916666666667 0.84375 0.15416666666666667 0.07708333333333334
0 0.34375 0.7536458333333333 0.07291666666666667 0.146875
0 0.4067708333333333 0.5348958333333333 0.109375 0.11354166666666667
0 0.2109375 0.43385416666666665 0.11562499999999999 0.12604166666666666
0 0.20416666666666666 0.7083333333333334 0.1 0.14791666666666667
1 0.5364583333333334 0.40781249999999997 0.07291666666666667 0.09895833333333333
1 0.8130208333333333 0.425 0.07604166666666666 0.09583333333333333
