0 0.2791666666666667 0.2682291666666667 0.11666666666666667 0.171875
0 0.41770833333333335 0.4328125 0.08333333333333333 0.16354166666666667
0 0.5421875 0.3421875 0.10520833333333333 0.165625
0 0.6833333333333333 0.453125 0.14375 0.13125
0 0.8854166666666666 0.4359375 0.13541666666666666 0.16770833333333332
0 0.69375 0.5744791666666667 0.1625 0.08854166666666667
0 0.5348958333333333 0.8359375 0.08645833333333333 0.171875
0 0.26666666666666666 0.7520833333333333 0.12708333333333333 0.15
1 0.4901041666666667 0.12239583333333333 0.08645833333333333 0.08020833333333333
1 0.7604166666666666 0.19270833333333334 0.07708333333333334 0.06875
1 0.21458333333333332 0.4765625 0.07708333333333334 0.09479166666666666
1 0.15833333333333333 0.6203125 0.09583333333333333 0.08645833333333333
1 0.50625 0.6401041666666667 0.1 0.08020833333333333
1 0.8463541666666666 0.7895833333333333 0.07604166666666666 0.0875
