0 0.3385416666666667 0.19427083333333334 0.12708333333333333 0.13229166666666667
0 0.5807291666666666 0.190625 0.084375 0.13958333333333334
0 0.7536458333333333 0.303125 0.090625 0.1375
0 0.825 0.4557291666666667 0.16875 0.090625
0 0.8052083333333333 0.6057291666666667 0.15208333333333332 0.09270833333333334
0 0.5791666666666666 0.5567708333333333 0.14166666666666666 0.11145833333333333
0 0.49166666666666664 0.8015625 0.12291666666666666 0.14479166666666665
0 0.4036458333333333 0.5078125 0.13645833333333332 0.13229166666666667
0 0.2604166666666667 0.39791666666666664 0.11041666666666666 0.13125
0 0.24114583333333334 0.671875 0.08020833333333333 0.16458333333333333
