1 0.5255208333333333 0.26510416666666664 0.071875 0.08645833333333333
1 0.8541666666666666 0.20781249999999998 0.09791666666666667 0.07604166666666666
0 0.3692708333333333 0.165625 0.121875 0.125
0 0.16614583333333333 0.31979166666666664 0.13854166666666667 0.0875
0 0.4395833333333333 0.43333333333333335 0.13541666666666666 0.10416666666666667
0 0.21614583333333334 0.5760416666666667 0.14479166666666665 0.075
0 0.375 0.6776041666666667 0.09375 0.12604166666666666
0 0.6 0.565625 0.12708333333333333 0.09791666666666667
0 0.5598958333333334 0.8328125 0.153125 0.08020833333333333
0 0.8583333333333333 0.8645833333333334 0.13958333333333334 0.09791666666666667
0 0.7911458333333333 0.6583333333333333 0.090625 0.1375
0 0.7796875 0.45 0.13645833333333332 0.09375
0 0.6338541666666666 0.1875 0.06979166666666667 0.14583333333333334
