1 0.228125 0.14270833333333333 0.09583333333333333 0.09166666666666666
1 0.9072916666666666 0.5625 0.10416666666666667 0.09166666666666666
1 0.18072916666666666 0.8473958333333333 0.09479166666666666 0.10104166666666667
0 0.20677083333333332 0.3260416666666667 0.159375 0.12708333333333333
0 0.15989583333333332 0.49895833333333334 0.153125 0.11458333333333333
0 0.15885416666666666 0.6822916666666666 0.165625 0.10833333333333334
0 0.33697916666666666 0.659375 0.08229166666666667 0.15625
0 0.48593749999999997 0.5942708333333333 0.178125 0.071875
0 0.49374999999999997 0.3572916666666667 0.13958333333333334 0.08541666666666667
0 0.471875 0.140625 0.10416666666666667 0.15833333333333333
0 0.6609375 0.21562499999999998 0.16354166666666667 0.08541666666666667
0 0.7880208333333333 0.4015625 0.178125 0.09270833333333334
0 0.7270833333333333 0.6630208333333333 0.10208333333333333 0.17395833333333333
0 0.7192708333333333 0.8484375 0.146875 0.11770833333333333
0 0.4822916666666667 0.8911458333333333 0.11458333333333333 0.16979166666666667
