0 0.3541666666666667 0.17447916666666666 0.13125 0.128125
0 0.24739583333333334 0.4005208333333333 0.10520833333333333 0.13020833333333334
0 0.2796875 0.6333333333333333 0.159375 0.07708333333333334
0 0.5536458333333333 0.42552083333333335 0.10520833333333333 0.12604166666666666
0 0.5515625 0.690625 0.15520833333333334 0.11458333333333333
0 0.8401041666666667 0.665625 0.08645833333333333 0.1625
1 0.5677083333333334 0.1640625 0.10833333333333334 0.08229166666666667
1 0.7828125 0.3734375 0.065625 0.084375
1 0.6989583333333333 0.8770833333333333 0.058333333333333334 0.08958333333333333
1 0.340625 0.8125 0.09583333333333333 0.07083333333333333
