1 0.8166666666666667 0.1625 0.075 0.08125
1 0.22552083333333334 0.18385416666666665 0.10520833333333333 0.078125
1 0.6369791666666667 0.5046875 0.10729166666666666 0.084375
1 0.634375 0.8520833333333333 0.09791666666666667 0.08541666666666667
0 0.5072916666666667 0.0765625 0.15833333333333333 0.09270833333333334
0 0.3729166666666667 0.23124999999999998 0.125 0.13333333333333333
0 0.5479166666666666 0.275 0.08125 0.17708333333333334
0 0.840625 0.3703125 0.0875 0.17604166666666665
0 0.8369791666666666 0.6380208333333334 0.14479166666666665 0.11979166666666667
0 0.3098958333333333 0.45208333333333334 0.16979166666666667 0.08333333333333333
0 0.12552083333333333 0.6072916666666667 0.10520833333333333 0.15416666666666667
0 0.1890625 0.7817708333333333 0.165625 0.11145833333333333
0 0.37916666666666665 0.6276041666666666 0.1375 0.109375
0 0.45208333333333334 0.8630208333333333 0.12291666666666666 0.153125
