1 0.5109375 0.5651041666666666 0.103125 0.09895833333333333
0 0.2682291666666667 0.2630208333333333 0.14895833333333333 0.08229166666666667
0 0.4484375 0.39947916666666666 0.16145833333333334 0.11145833333333333
0 0.22343749999999998 0.4552083333333333 0.13645833333333332 0.12291666666666666
0 0.21770833333333334 0.8239583333333333 0.0875 0.16041666666666665
0 0.45260416666666664 0.7291666666666666 0.153125 0.1375
0 0.6567708333333333 0.2734375 0.153125 0.11354166666666667
0 0.8354166666666667 0.39739583333333334 0.17916666666666667 0.084375
0 0.7697916666666667 0.6598958333333333 0.125 0.13020833333333334
0 0.7177083333333333 0.8713541666666667 0.1125 0.15729166666666666
