0 0.28229166666666666 0.18177083333333333 0.16666666666666666 0.071875
0 0.5807291666666666 0.346875 0.165625 0.08333333333333333
0 0.7708333333333334 0.22708333333333333 0.09791666666666667 0.16666666666666666
0 0.8468749999999999 0.4395833333333333 0.11041666666666666 0.13125
0 0.6578125 0.5739583333333333 0.10520833333333333 0.18125
0 0.39427083333333335 0.4770833333333333 0.140625 0.11041666666666666
0 0.30885416666666665 0.5703125 0.13020833333333334 0.14270833333333333
0 0.23541666666666666 0.8234374999999999 0.125 0.165625
0 0.8427083333333333 0.7677083333333333 0.10208333333333333 0.16458333333333333
1 0.50625 0.7833333333333333 0.07708333333333334 0.09375
1 0.5255208333333333 0.16302083333333334 0.071875 0.09895833333333333
