0 0.28802083333333334 0.12552083333333333 0.103125 0.16770833333333332
0 0.48020833333333335 0.20416666666666666 0.11875 0.14375
0 0.7348958333333333 0.22447916666666667 0.11354166666666667 0.159375
0 0.2916666666666667 0.42343749999999997 0.17291666666666666 0.090625
0 0.16354166666666667 0.5609375 0.08541666666666667 0.18645833333333334
0 0.303125 0.840625 0.09791666666666667 0.20833333333333334
0 0.45 0.6447916666666667 0.09166666666666666 0.16666666666666666
0 0.7770833333333333 0.6880208333333333 0.17291666666666666 0.10104166666666667
0 0.6807291666666666 0.8869791666666667 0.16354166666666667 0.09270833333333334
1 0.7838541666666666 0.49166666666666664 0.11354166666666667 0.08333333333333333
1 0.5348958333333333 0.5317708333333333 0.096875 0.10729166666666666
