0 0.3802083333333333 0.15572916666666667 0.16666666666666666 0.06145833333333333
0 0.3177083333333333 0.2989583333333333 0.09166666666666666 0.15208333333333332
0 0.41354166666666664 0.4354166666666667 0.14375 0.07708333333333334
0 0.6911458333333333 0.22447916666666667 0.10104166666666667 0.14270833333333333
0 0.8161458333333333 0.41041666666666665 0.146875 0.07708333333333334
0 0.8036458333333333 0.6192708333333333 0.14479166666666665 0.10104166666666667
0 0.7182291666666667 0.7802083333333333 0.14479166666666665 0.07291666666666667
0 0.5171875 0.6067708333333334 0.14895833333333333 0.08020833333333333
0 0.428125 0.7682291666666666 0.12708333333333333 0.09270833333333334
0 0.5682291666666667 0.8739583333333333 0.14895833333333333 0.10208333333333333
0 0.2760416666666667 0.6296875 0.10208333333333333 0.128125
1 0.21770833333333334 0.45416666666666666 0.06875 0.09791666666666667
1 0.65 0.4359375 0.09166666666666666 0.06354166666666666
1 0.646875 0.5713541666666666 0.052083333333333336 0.06145833333333333
1 0.23229166666666667 0.8083333333333333 0.07916666666666666 0.1
