1 0.4869791666666667 0.11041666666666666 0.096875 0.075
1 0.19583333333333333 0.5541666666666667 0.09166666666666666 0.075
1 0.39375 0.8958333333333334 0.11458333333333333 0.10208333333333333
0 0.23541666666666666 0.1140625 0.1 0.14270833333333333
0 0.39375 0.2994791666666667 0.12916666666666665 0.14479166666666665
0 0.3052083333333333 0.40781249999999997 0.12291666666666666 0.134375
0 0.45729166666666665 0.5458333333333333 0.12083333333333333 0.14166666666666666
0 0.2604166666666667 0.7 0.15208333333333332 0.08541666666666667
0 0.51875 0.7890625 0.07916666666666666 0.171875
0 0.7770833333333333 0.8244791666666667 0.17083333333333334 0.07604166666666666
0 0.6578125 0.55625 0.08020833333333333 0.15208333333333332
0 0.8 0.521875 0.10833333333333334 0.15833333333333333
0 0.8135416666666666 0.2817708333333333 0.15 0.096875
0 0.6416666666666666 0.15052083333333333 0.15 0.134375
