0 0.5083333333333333 0.21302083333333333 0.09791666666666667 0.153125
0 0.7484375 0.20625 0.11562499999999999 0.10625
0 0.7473958333333334 0.4401041666666667 0.16354166666666667 0.11145833333333333
0 0.6786458333333333 0.6390625 0.153125 0.103125
0 0.6244791666666667 0.8401041666666667 0.15729166666666666 0.109375
0 0.3067708333333333 0.8348958333333333 0.159375 0.08645833333333333
0 0.47552083333333334 0.6255208333333333 0.096875 0.14895833333333333
0 0.203125 0.6776041666666667 0.1625 0.103125
0 0.17239583333333333 0.384375 0.15729166666666666 0.12291666666666666
0 0.428125 0.3734375 0.09583333333333333 0.14895833333333333
1 0.3015625 0.228125 0.06979166666666667 0.11041666666666666
1 0.8864583333333333 0.7619791666666667 0.10208333333333333 0.109375
