0 0.27291666666666664 0.3609375 0.17083333333333334 0.08645833333333333
0 0.46041666666666664 0.24895833333333334 0.07916666666666666 0.17708333333333334
0 0.5921875 0.3625 0.146875 0.1125
0 0.7307291666666667 0.221875 0.084375 0.16041666666666665
0 0.8223958333333333 0.4015625 0.13229166666666667 0.109375
0 0.75625 0.6520833333333333 0.17916666666666667 0.08958333333333333
0 0.47604166666666664 0.7109375 0.12916666666666665 0.11770833333333333
0 0.28541666666666665 0.7552083333333334 0.16041666666666665 0.08541666666666667
1 0.3208333333333333 0.15364583333333334 0.07708333333333334 0.10104166666666667
1 0.30833333333333335 0.5484375 0.10833333333333334 0.07395833333333333
1 0.49895833333333334 0.5036458333333333 0.08958333333333333 0.090625
1 0.6463541666666667 0.8046875 0.071875 0.09895833333333333
