1 0.4239583333333333 0.33229166666666665 0.06666666666666667 0.05416666666666667
1 0.84375 0.1953125 0.07708333333333334 0.103125
0 0.3984375 0.175 0.14479166666666665 0.10625
0 0.2171875 0.3 0.09895833333333333 0.14791666666666667
0 0.6375 0.26458333333333334 0.08958333333333333 0.15833333333333333
0 0.8390624999999999 0.41770833333333335 0.109375 0.13541666666666666
0 0.8463541666666666 0.6192708333333333 0.08854166666666667 0.14479166666666665
0 0.853125 0.8088541666666667 0.08958333333333333 0.14270833333333333
0 0.6692708333333334 0.6036458333333333 0.13229166666666667 0.153125
0 0.5411458333333333 0.7708333333333334 0.17395833333333333 0.08541666666666667
0 0.3958333333333333 0.696875 0.07708333333333334 0.15
0 0.4265625 0.503125 0.13645833333333332 0.07291666666666667
0 0.21562499999999998 0.6364583333333333 0.09583333333333333 0.12708333333333333
