1 0.4895833333333333 0.18541666666666667 0.09375 0.10416666666666667
1 0.8114583333333333 0.31979166666666664 0.075 0.10416666666666667
1 0.7953125 0.834375 0.078125 0.11041666666666666
1 0.22343749999999998 0.7859375 0.09479166666666666 0.103125
0 0.23385416666666667 0.26927083333333335 0.084375 0.15520833333333334
0 0.4791666666666667 0.33958333333333335 0.15416666666666667 0.09791666666666667
0 0.6421875 0.4421875 0.16145833333333334 0.08229166666666667
0 0.28020833333333334 0.5385416666666667 0.10625 0.15
0 0.55 0.5963541666666666 0.16875 0.09479166666666666
0 0.7552083333333334 0.628125 0.11041666666666666 0.1625
0 0.5015625 0.8364583333333333 0.14895833333333333 0.09583333333333333
