1 0.19895833333333332 0.371875 0.10625 0.06875
1 0.8104166666666667 0.5125 0.1 0.07083333333333333
0 0.25729166666666664 0.11614583333333334 0.12083333333333333 0.13229166666666667
0 0.3911458333333333 0.26145833333333335 0.16145833333333334 0.08125
0 0.596875 0.209375 0.12291666666666666 0.11458333333333333
0 0.8984375 0.2755208333333333 0.14479166666666665 0.134375
0 0.6567708333333333 0.3755208333333333 0.134375 0.13020833333333334
0 0.596875 0.5505208333333333 0.16875 0.08020833333333333
0 0.3890625 0.45260416666666664 0.14479166666666665 0.09479166666666666
0 0.1421875 0.5729166666666666 0.13020833333333334 0.13541666666666666
0 0.21822916666666667 0.8005208333333333 0.18229166666666666 0.08854166666666667
0 0.40729166666666666 0.7578125 0.14583333333333334 0.12395833333333334
0 0.7848958333333333 0.6848958333333334 0.14895833333333333 0.103125
0 0.6984375 0.8739583333333333 0.090625 0.18958333333333333
