1 0.6848958333333334 0.15416666666666667 0.08854166666666667 0.0875
1 0.359375 0.44947916666666665 0.075 0.07604166666666666
1 0.6666666666666666 0.6859375 0.07291666666666667 0.08854166666666667
1 0.6 0.8286458333333333 0.06458333333333333 0.07395833333333333
0 0.3151041666666667 0.309375 0.11145833333333333 0.14166666666666666
0 0.4432291666666667 0.24479166666666666 0.07395833333333333 0.15416666666666667
0 0.6015625 0.36302083333333335 0.17395833333333333 0.07604166666666666
0 0.7583333333333333 0.2796875 0.16041666666666665 0.07395833333333333
0 0.8229166666666666 0.4505208333333333 0.15208333333333332 0.090625
0 0.825 0.58125 0.16041666666666665 0.08333333333333333
0 0.5109375 0.5223958333333333 0.146875 0.09895833333333333
0 0.46510416666666665 0.725 0.08645833333333333 0.15416666666666667
0 0.3072916666666667 0.6385416666666667 0.15625 0.07916666666666666
