0 0.3203125 0.28541666666666665 0.078125 0.16041666666666665
0 0.29583333333333334 0.5630208333333333 0.10833333333333334 0.128125
0 0.4817708333333333 0.43645833333333334 0.121875 0.11875
0 0.6515625 0.23489583333333333 0.153125 0.08020833333333333
0 0.809375 0.3286458333333333 0.16458333333333333 0.096875
0 0.8619791666666666 0.6177083333333333 0.084375 0.175
0 0.5598958333333334 0.5708333333333333 0.15104166666666666 0.10833333333333334
1 0.3645833333333333 0.76875 0.058333333333333334 0.06458333333333333
1 0.7567708333333333 0.7796875 0.06979166666666667 0.10104166666666667
1 0.4578125 0.18958333333333333 0.09895833333333333 0.07083333333333333
