1 0.396875 0.20208333333333334 0.058333333333333334 0.1125
1 0.8098958333333334 0.5203125 0.109375 0.06145833333333333
1 0.45416666666666666 0.8385416666666666 0.1 0.09375
0 0.7359375 0.7510416666666666 0.13854166666666667 0.12708333333333333
0 0.8468749999999999 0.253125 0.17291666666666666 0.09166666666666666
0 0.49635416666666665 0.12083333333333333 0.16145833333333334 0.10625
0 0.24427083333333333 0.2677083333333333 0.08020833333333333 0.16041666666666665
0 0.22083333333333333 0.49583333333333335 0.16041666666666665 0.08958333333333333
0 0.5223958333333333 0.33177083333333335 0.078125 0.165625
0 0.6083333333333333 0.5125 0.15208333333333332 0.11666666666666667
0 0.43124999999999997 0.6697916666666667 0.15625 0.11875
