1 0.225 0.32708333333333334 0.08958333333333333 0.0625
1 0.8072916666666666 0.5130208333333334 0.06875 0.071875
1 0.6916666666666667 0.790625 0.09375 0.06041666666666667
0 0.6609375 0.16302083333333334 0.06770833333333333 0.13229166666666667
0 0.5098958333333333 0.23541666666666666 0.11562499999999999 0.09375
0 0.3645833333333333 0.3359375 0.08333333333333333 0.13020833333333334
0 0.3364583333333333 0.5625 0.14791666666666667 0.09583333333333333
0 0.5182291666666666 0.5505208333333333 0.08229166666666667 0.12604166666666666
0 0.6755208333333333 0.45468749999999997 0.07604166666666666 0.134375
0 0.8411458333333334 0.3203125 0.13645833333333332 0.08020833333333333
0 0.8354166666666667 0.653125 0.11041666666666666 0.13333333333333333
0 0.459375 0.8276041666666667 0.09791666666666667 0.14479166666666665
0 0.2895833333333333 0.8317708333333333 0.12916666666666665 0.11562499999999999
