1 0.5536458333333333 0.17604166666666665 0.096875 0.075
1 0.375 0.8479166666666667 0.10416666666666667 0.07916666666666666
0 0.24635416666666665 0.2328125 0.10104166666666667 0.13854166666666667
0 0.2786458333333333 0.3927083333333333 0.134375 0.07291666666666667
0 0.5390625 0.34010416666666665 0.12395833333333334 0.14479166666666665
0 0.8036458333333333 0.23854166666666665 0.103125 0.15208333333333332
0 0.8645833333333334 0.5354166666666667 0.10416666666666667 0.14583333333333334
0 0.6270833333333333 0.5270833333333333 0.13541666666666666 0.12916666666666665
0 0.32708333333333334 0.6041666666666666 0.10833333333333334 0.13333333333333333
0 0.7489583333333333 0.7473958333333334 0.16666666666666666 0.09895833333333333
