0 0.4192708333333333 0.20052083333333334 0.096875 0.14895833333333333
0 0.1421875 0.45677083333333335 0.121875 0.146875
0 0.15416666666666667 0.7239583333333334 0.15 0.08958333333333333
0 0.38697916666666665 0.6796875 0.153125 0.08020833333333333
0 0.38645833333333335 0.8541666666666666 0.11041666666666666 0.13125
0 0.5838541666666667 0.6713541666666667 0.12604166666666666 0.12604166666666666
0 0.7817708333333333 0.7484375 0.109375 0.171875
0 0.6046875 0.4901041666666667 0.153125 0.090625
0 0.7510416666666666 0.33541666666666664 0.16041666666666665 0.08125
0 0.6854166666666667 0.18385416666666665 0.14375 0.09895833333333333
1 0.3338541666666667 0.321875 0.08854166666666667 0.0875
1 0.8682291666666666 0.459375 0.08645833333333333 0.1
