1 0.5229166666666667 0.22760416666666666 0.09375 0.084375
1 0.775 0.6109375 0.09375 0.071875
1 0.6338541666666666 0.8609375 0.07604166666666666 0.08229166666666667
0 0.2661458333333333 0.09791666666666667 0.13854166666666667 0.07916666666666666
0 0.3453125 0.3567708333333333 0.11145833333333333 0.146875
0 0.20781249999999998 0.4640625 0.12604166666666666 0.134375
0 0.265625 0.5979166666666667 0.13333333333333333 0.14166666666666666
0 0.3927083333333333 0.7682291666666666 0.16666666666666666 0.07395833333333333
0 0.6067708333333334 0.671875 0.09270833333333334 0.16458333333333333
0 0.6364583333333333 0.4276041666666667 0.10416666666666667 0.13645833333333332
0 0.659375 0.2765625 0.13333333333333333 0.12604166666666666
0 0.8520833333333333 0.40729166666666666 0.13541666666666666 0.13958333333333334
