0 0.2677083333333333 0.11458333333333333 0.12916666666666665 0.1375
0 0.21145833333333333 0.340625 0.18125 0.08541666666666667
0 0.4171875 0.3453125 0.121875 0.171875
0 0.6171875 0.3223958333333333 0.10520833333333333 0.14895833333333333
0 0.7255208333333333 0.6109375 0.12604166666666666 0.16354166666666667
0 0.8989583333333333 0.70625 0.14375 0.12708333333333333
0 0.6583333333333333 0.8177083333333334 0.11458333333333333 0.16041666666666665
0 0.5229166666666667 0.58125 0.0875 0.1625
0 0.3697916666666667 0.7302083333333333 0.10833333333333334 0.18125
0 0.18541666666666667 0.5203125 0.10416666666666667 0.171875
1 0.23541666666666666 0.8703124999999999 0.10208333333333333 0.10729166666666666
1 0.8286458333333333 0.41770833333333335 0.08020833333333333 0.10833333333333334
1 0.703125 0.17604166666666665 0.08541666666666667 0.08333333333333333
1 0.46041666666666664 0.12604166666666666 0.10416666666666667 0.0875
