0 0.2828125 0.1875 0.165625 0.0875
0 0.2942708333333333 0.4067708333333333 0.16145833333333334 0.096875
0 0.275 0.5734375 0.09375 0.17395833333333333
0 0.1921875 0.75625 0.165625 0.10416666666666667
0 0.4786458333333333 0.5723958333333333 0.121875 0.15104166666666666
0 0.5197916666666667 0.3296875 0.07916666666666666 0.17604166666666665
0 0.6546875 0.2947916666666667 0.08229166666666667 0.15625
0 0.7723958333333333 0.21562499999999998 0.16145833333333334 0.12708333333333333
0 0.7354166666666666 0.6286458333333333 0.09583333333333333 0.171875
0 0.6885416666666666 0.8817708333333333 0.125 0.15520833333333334
0 0.3411458333333333 0.9177083333333333 0.18020833333333333 0.09375
1 0.4427083333333333 0.13489583333333333 0.08125 0.11354166666666667
1 0.8208333333333333 0.46458333333333335 0.08333333333333333 0.06875
1 0.8541666666666666 0.7203125 0.1125 0.11354166666666667
