0 0.6265625 0.20781249999999998 0.096875 0.13645833333333332
0 0.8151041666666666 0.29791666666666666 0.11562499999999999 0.12916666666666665
0 0.7651041666666667 0.48020833333333335 0.065625 0.1375
0 0.40729166666666666 0.3265625 0.06666666666666667 0.128125
0 0.5380208333333333 0.4536458333333333 0.11145833333333333 0.11979166666666667
0 0.6307291666666667 0.6026041666666666 0.13645833333333332 0.11562499999999999
0 0.6927083333333334 0.7854166666666667 0.09166666666666666 0.15208333333333332
0 0.4708333333333333 0.796875 0.1375 0.10208333333333333
0 0.2515625 0.8333333333333334 0.090625 0.1625
0 0.20208333333333334 0.521875 0.13333333333333333 0.08541666666666667
1 0.36041666666666666 0.5505208333333333 0.06458333333333333 0.08020833333333333
1 0.26875 0.3104166666666667 0.07291666666666667 0.06666666666666667
1 0.4114583333333333 0.15520833333333334 0.07708333333333334 0.06041666666666667
1 0.8776041666666666 0.7161458333333334 0.078125 0.06770833333333333
