0 0.35260416666666666 0.17864583333333334 0.08854166666666667 0.15520833333333334
0 0.5 0.22291666666666665 0.06666666666666667 0.15416666666666667
0 0.6203125 0.22291666666666665 0.11770833333333333 0.13333333333333333
0 0.80625 0.21927083333333333 0.08125 0.159375
0 0.8875 0.5927083333333333 0.08333333333333333 0.16041666666666665
0 0.6411458333333333 0.3921875 0.09479166666666666 0.15104166666666666
0 0.6994791666666667 0.7572916666666667 0.096875 0.15
0 0.546875 0.6390625 0.14375 0.096875
0 0.5729166666666666 0.8697916666666666 0.17291666666666666 0.08333333333333333
0 0.359375 0.8416666666666667 0.1125 0.15833333333333333
0 0.2942708333333333 0.6208333333333333 0.14895833333333333 0.07291666666666667
0 0.3125 0.5140625 0.1625 0.08645833333333333
0 0.1890625 0.42135416666666664 0.140625 0.103125
1 0.24270833333333333 0.259375 0.06666666666666667 0.10416666666666667
1 0.4588541666666667 0.42864583333333334 0.08645833333333333 0.07395833333333333
1 0.73125 0.5140625 0.09791666666666667 0.071875
1 0.8541666666666666 0.8312499999999999 0.08541666666666667 0.0875
