1 0.4005208333333333 0.11770833333333333 0.05520833333333333 0.05625
1 0.2140625 0.3171875 0.06145833333333333 0.051041666666666666
1 0.14114583333333333 0.4901041666666667 0.059375 0.040625
1 0.6265625 0.3520833333333333 0.057291666666666664 0.041666666666666664
1 0.8552083333333333 0.4276041666666667 0.06666666666666667 0.059375
1 0.6723958333333333 0.6572916666666666 0.053125 0.04375
1 0.5161458333333333 0.7979166666666666 0.04479166666666667 0.06458333333333333
0 0.4744791666666667 0.23802083333333332 0.103125 0.051041666666666666
0 0.7135416666666666 0.2171875 0.08958333333333333 0.08020833333333333
0 0.5390625 0.43072916666666666 0.06145833333333333 0.090625
0 0.33177083333333335 0.36614583333333334 0.078125 0.07604166666666666
0 0.33958333333333335 0.5619791666666667 0.09791666666666667 0.06354166666666666
0 0.7786458333333334 0.5369791666666667 0.059375 0.10520833333333333
0 0.5067708333333333 0.6197916666666666 0.090625 0.08333333333333333
0 0.3265625 0.7348958333333333 0.071875 0.07604166666666666
