0 0.20416666666666666 0.2734375 0.14375 0.121875
0 0.5385416666666667 0.3703125 0.07708333333333334 0.16145833333333334
0 0.7552083333333334 0.24895833333333334 0.10416666666666667 0.15833333333333333
0 0.8182291666666667 0.771875 0.13645833333333332 0.13333333333333333
0 0.48802083333333335 0.8515625 0.14895833333333333 0.11562499999999999
0 0.1953125 0.6588541666666666 0.090625 0.15729166666666666
1 0.17395833333333333 0.44166666666666665 0.1 0.0875
1 0.33697916666666666 0.11927083333333333 0.07604166666666666 0.08645833333333333
1 0.5401041666666666 0.13125 0.08645833333333333 0.08958333333333333
1 0.7890625 0.5255208333333333 0.08020833333333333 0.07604166666666666
1 0.590625 0.6692708333333334 0.07291666666666667 0.08229166666666667
1 0.37864583333333335 0.5640625 0.07604166666666666 0.084375
