1 0.5510416666666667 0.23229166666666667 0.08125 0.08125
1 0.7901041666666666 0.6859375 0.084375 0.07395833333333333
1 0.37864583333333335 0.7880208333333333 0.084375 0.090625
0 0.2734375 0.21562499999999998 0.109375 0.12083333333333333
0 0.22239583333333332 0.42916666666666664 0.10520833333333333 0.14583333333333334
0 0.19635416666666666 0.5744791666666667 0.12604166666666666 0.11354166666666667
0 0.1953125 0.78125 0.14479166666666665 0.09166666666666666
0 0.6145833333333334 0.8270833333333333 0.09375 0.15
0 0.5942708333333333 0.6317708333333333 0.146875 0.090625
0 0.5161458333333333 0.48802083333333335 0.06770833333333333 0.16354166666666667
0 0.7203125 0.4583333333333333 0.08229166666666667 0.12708333333333333
0 0.8572916666666667 0.5572916666666666 0.07291666666666667 0.13541666666666666
0 0.75 0.22135416666666666 0.1 0.12604166666666666
