0 0.15104166666666666 0.29375 0.13541666666666666 0.15208333333333332
0 0.31666666666666665 0.16302083333333334 0.10208333333333333 0.171875
0 0.5640625 0.2708333333333333 0.16145833333333334 0.08333333333333333
0 0.7817708333333333 0.12864583333333332 0.140625 0.153125
0 0.740625 0.3875 0.11458333333333333 0.1375
0 0.35625 0.46197916666666666 0.15416666666666667 0.11979166666666667
0 0.171875 0.6140625 0.1375 0.14270833333333333
0 0.5880208333333333 0.5697916666666667 0.08020833333333333 0.17083333333333334
0 0.8692708333333333 0.5963541666666666 0.134375 0.13229166666666667
0 0.4046875 0.771875 0.121875 0.12916666666666665
0 0.5604166666666667 0.8994791666666666 0.1125 0.16145833333333334
1 0.671875 0.7390625 0.06666666666666667 0.09270833333333334
1 0.3890625 0.3260416666666667 0.08645833333333333 0.08333333333333333
1 0.8645833333333334 0.37864583333333335 0.07916666666666666 0.08645833333333333
