0 0.20625 0.28229166666666666 0.12083333333333333 0.10208333333333333
0 0.5020833333333333 0.13541666666666666 0.10625 0.12083333333333333
0 0.34010416666666665 0.37864583333333335 0.109375 0.11145833333333333
0 0.6 0.34479166666666666 0.1375 0.06041666666666667
0 0.7973958333333333 0.32395833333333335 0.134375 0.07291666666666667
0 0.7270833333333333 0.4484375 0.12708333333333333 0.08854166666666667
0 0.7479166666666667 0.7338541666666667 0.07916666666666666 0.153125
0 0.5161458333333333 0.59375 0.121875 0.08125
0 0.5916666666666667 0.8828125 0.14375 0.08020833333333333
0 0.4166666666666667 0.7546875 0.15 0.06770833333333333
0 0.24375 0.5734375 0.1375 0.06979166666666667
1 0.1984375 0.7833333333333333 0.07604166666666666 0.08125
1 0.5322916666666666 0.4473958333333333 0.06458333333333333 0.053125
1 0.8598958333333333 0.65625 0.05520833333333333 0.07083333333333333
