1 0.3885416666666667 0.11041666666666666 0.07291666666666667 0.0875
1 0.8067708333333333 0.240625 0.08020833333333333 0.07708333333333334
1 0.725 0.8203125 0.08333333333333333 0.08229166666666667
0 0.175 0.3541666666666667 0.17708333333333334 0.0875
0 0.3677083333333333 0.40260416666666665 0.10833333333333334 0.15729166666666666
0 0.53125 0.2484375 0.09583333333333333 0.13229166666666667
0 0.6963541666666666 0.32708333333333334 0.12604166666666666 0.15
0 0.9020833333333333 0.434375 0.15208333333333332 0.08541666666666667
0 0.7515625 0.5161458333333333 0.16145833333333334 0.121875
0 0.5645833333333333 0.6145833333333334 0.10416666666666667 0.15625
0 0.5432291666666667 0.8520833333333333 0.18854166666666666 0.11458333333333333
0 0.38385416666666666 0.7359375 0.20520833333333333 0.08020833333333333
0 0.13229166666666667 0.6520833333333333 0.09166666666666666 0.18333333333333332
