1 0.5109375 0.1671875 0.084375 0.084375
1 0.8828125 0.36041666666666666 0.096875 0.07083333333333333
1 0.8161458333333333 0.7161458333333334 0.06979166666666667 0.07395833333333333
1 0.19375 0.6072916666666667 0.10208333333333333 0.07708333333333334
0 0.21562499999999998 0.340625 0.08125 0.1375
0 0.31927083333333334 0.18489583333333334 0.11562499999999999 0.11562499999999999
0 0.6916666666666667 0.1734375 0.15 0.128125
0 0.53125 0.35520833333333335 0.15416666666666667 0.10416666666666667
0 0.6958333333333333 0.38645833333333335 0.07708333333333334 0.13541666666666666
0 0.46770833333333334 0.4875 0.16666666666666666 0.08125
0 0.7265625 0.5802083333333333 0.12604166666666666 0.13333333333333333
0 0.63125 0.7333333333333333 0.075 0.15625
0 0.42916666666666664 0.70625 0.16875 0.07708333333333334
