0 0.37447916666666664 0.21875 0.146875 0.075
0 0.6432291666666666 0.2703125 0.14479166666666665 0.09479166666666666
0 0.8572916666666667 0.2911458333333333 0.08958333333333333 0.14479166666666665
0 0.8286458333333333 0.4942708333333333 0.14479166666666665 0.071875
0 0.7697916666666667 0.6515625 0.10208333333333333 0.11770833333333333
0 0.6557291666666667 0.503125 0.12395833333333334 0.07916666666666666
0 0.6635416666666667 0.7958333333333333 0.12708333333333333 0.11458333333333333
0 0.27708333333333335 0.8359375 0.14375 0.10104166666666667
0 0.1328125 0.5463541666666667 0.140625 0.08645833333333333
1 0.4359375 0.40625 0.08854166666666667 0.06041666666666667
1 0.8354166666666667 0.8583333333333333 0.08333333333333333 0.058333333333333334
