1 0.28125 0.13489583333333333 0.12291666666666666 0.08229166666666667
1 0.3984375 0.8739583333333333 0.09895833333333333 0.11458333333333333
1 0.7677083333333333 0.7208333333333333 0.09375 0.12083333333333333
0 0.5302083333333333 0.19427083333333334 0.09791666666666667 0.190625
0 0.6994791666666667 0.24947916666666667 0.13020833333333334 0.13854166666666667
0 0.7947916666666667 0.3677083333333333 0.10208333333333333 0.16041666666666665
0 0.8822916666666667 0.5697916666666667 0.16666666666666666 0.10208333333333333
0 0.621875 0.8822916666666667 0.1375 0.15
0 0.5375 0.6494791666666666 0.1 0.17395833333333333
0 0.44947916666666665 0.4427083333333333 0.084375 0.15833333333333333
0 0.24427083333333333 0.37604166666666666 0.090625 0.16875
0 0.17395833333333333 0.5796875 0.18958333333333333 0.090625
0 0.2375 0.7760416666666666 0.14791666666666667 0.14375
