0 0.271875 0.16145833333333334 0.17083333333333334 0.08125
0 0.5229166666666667 0.19375 0.15833333333333333 0.11458333333333333
0 0.8161458333333333 0.26197916666666665 0.184375 0.08229166666666667
0 0.915625 0.6161458333333333 0.11458333333333333 0.16354166666666667
0 0.6765625 0.5572916666666666 0.084375 0.15833333333333333
0 0.4744791666666667 0.6145833333333334 0.11145833333333333 0.15416666666666667
0 0.4770833333333333 0.8213541666666666 0.11458333333333333 0.165625
0 0.29583333333333334 0.7557291666666667 0.1625 0.11562499999999999
0 0.2640625 0.44375 0.14895833333333333 0.12083333333333333
1 0.6651041666666666 0.3411458333333333 0.08020833333333333 0.084375
1 0.7005208333333334 0.8270833333333333 0.11145833333333333 0.11666666666666667
