0 0.30104166666666665 0.25 0.175 0.08541666666666667
0 0.2 0.44427083333333334 0.17291666666666666 0.109375
0 0.42291666666666666 0.45208333333333334 0.1 0.14791666666666667
0 0.3578125 0.6317708333333333 0.103125 0.17395833333333333
0 0.22291666666666665 0.8317708333333333 0.14583333333333334 0.14270833333333333
0 0.5796875 0.6692708333333334 0.171875 0.11354166666666667
0 0.6807291666666666 0.8682291666666666 0.09479166666666666 0.14479166666666665
0 0.85 0.7260416666666667 0.14791666666666667 0.10625
1 0.45260416666666664 0.11614583333333334 0.090625 0.078125
1 0.6328125 0.17552083333333332 0.08229166666666667 0.08645833333333333
1 0.8651041666666667 0.30572916666666666 0.07604166666666666 0.109375
1 0.6807291666666666 0.4947916666666667 0.11354166666666667 0.06666666666666667
1 0.8833333333333333 0.4875 0.07708333333333334 0.09166666666666666
2 0.553125 0.3828125 0.03125 0.090625
