0 0.26510416666666664 0.1984375 0.13854166666666667 0.11145833333333333
0 0.43124999999999997 0.16197916666666667 0.13958333333333334 0.06354166666666666
0 0.496875 0.2817708333333333 0.11458333333333333 0.08229166666666667
0 0.7385416666666667 0.3598958333333333 0.10625 0.14270833333333333
0 0.7083333333333334 0.65 0.08333333333333333 0.15
0 0.5880208333333333 0.5244791666666666 0.14270833333333333 0.06979166666666667
0 0.3567708333333333 0.559375 0.12395833333333334 0.07916666666666666
0 0.31927083333333334 0.8791666666666667 0.16354166666666667 0.08125
1 0.5291666666666667 0.7416666666666667 0.08541666666666667 0.08958333333333333
1 0.896875 0.7755208333333333 0.07916666666666666 0.09270833333333334
1 0.7265625 0.10260416666666666 0.06770833333333333 0.084375
1 0.18072916666666666 0.425 0.065625 0.10208333333333333
