0 0.3619791666666667 0.17552083333333332 0.11562499999999999 0.140625
0 0.4895833333333333 0.20729166666666665 0.10833333333333334 0.1625
0 0.8166666666666667 0.21875 0.08958333333333333 0.15833333333333333
0 0.6989583333333333 0.46041666666666664 0.1125 0.16458333333333333
0 0.8234374999999999 0.6463541666666667 0.16770833333333332 0.09895833333333333
0 0.5869791666666666 0.671875 0.10104166666666667 0.14791666666666667
0 0.3723958333333333 0.6557291666666667 0.08854166666666667 0.165625
0 0.4041666666666667 0.4421875 0.08125 0.14479166666666665
0 0.2171875 0.6677083333333333 0.08229166666666667 0.16875
1 0.2708333333333333 0.36302083333333335 0.08541666666666667 0.103125
1 0.45989583333333334 0.8619791666666666 0.084375 0.06979166666666667
1 0.8411458333333334 0.36822916666666666 0.07604166666666666 0.07395833333333333
