1 0.496875 0.175 0.06875 0.08333333333333333
1 0.3963541666666667 0.5171875 0.06979166666666667 0.071875
1 0.8583333333333333 0.6619791666666667 0.06875 0.09479166666666666
1 0.2505208333333333 0.3052083333333333 0.103125 0.0625
0 0.25416666666666665 0.4947916666666667 0.15833333333333333 0.1125
0 0.27760416666666665 0.6901041666666666 0.165625 0.096875
0 0.5567708333333333 0.3463541666666667 0.065625 0.171875
0 0.7359375 0.271875 0.09270833333333334 0.15625
0 0.7885416666666667 0.5213541666666667 0.14375 0.096875
0 0.6395833333333333 0.5364583333333334 0.10208333333333333 0.13958333333333334
0 0.559375 0.7 0.07916666666666666 0.17291666666666666
0 0.8541666666666666 0.8114583333333333 0.17291666666666666 0.09791666666666667
0 0.39947916666666666 0.8302083333333333 0.15104166666666666 0.08125
