0 0.22291666666666665 0.19739583333333333 0.14791666666666667 0.12604166666666666
0 0.47239583333333335 0.17604166666666665 0.13229166666666667 0.14375
0 0.6802083333333333 0.24791666666666667 0.16875 0.10416666666666667
0 0.9010416666666666 0.36302083333333335 0.08958333333333333 0.16354166666666667
0 0.7567708333333333 0.70625 0.14895833333333333 0.13125
0 0.5510416666666667 0.43697916666666664 0.12708333333333333 0.11354166666666667
0 0.5453125 0.8010416666666667 0.19479166666666667 0.0875
0 0.3494791666666667 0.540625 0.14479166666666665 0.12708333333333333
0 0.21354166666666666 0.753125 0.15833333333333333 0.1
1 0.16614583333333333 0.41822916666666665 0.11145833333333333 0.11770833333333333
1 0.7947916666666667 0.5270833333333333 0.10625 0.07291666666666667
