1 0.3265625 0.1859375 0.06145833333333333 0.06145833333333333
1 0.659375 0.209375 0.0625 0.07708333333333334
1 0.5947916666666666 0.4453125 0.08541666666666667 0.08020833333333333
1 0.165625 0.6260416666666666 0.075 0.08333333333333333
1 0.7161458333333334 0.834375 0.071875 0.06666666666666667
1 0.8567708333333334 0.8286458333333333 0.09270833333333334 0.078125
0 0.15260416666666665 0.4109375 0.14895833333333333 0.10520833333333333
0 0.32447916666666665 0.3651041666666667 0.071875 0.16770833333333332
0 0.3875 0.5734375 0.16041666666666665 0.11145833333333333
0 0.3671875 0.8088541666666667 0.19270833333333334 0.08020833333333333
0 0.5630208333333333 0.6817708333333333 0.16770833333333332 0.08229166666666667
0 0.8619791666666666 0.5817708333333333 0.14895833333333333 0.11354166666666667
0 0.8411458333333334 0.3453125 0.15729166666666666 0.06770833333333333
0 0.5270833333333333 0.18385416666666665 0.08125 0.153125
