0 0.25 0.29791666666666666 0.08958333333333333 0.12916666666666665
0 0.3755208333333333 0.1875 0.14895833333333333 0.075
0 0.48072916666666665 0.31354166666666666 0.103125 0.125
0 0.7177083333333333 0.4067708333333333 0.08958333333333333 0.12604166666666666
0 0.7255208333333333 0.5916666666666667 0.065625 0.13958333333333334
0 0.5421875 0.6786458333333333 0.12395833333333334 0.10104166666666667
0 0.37604166666666666 0.7296875 0.125 0.12395833333333334
1 0.6916666666666667 0.7770833333333333 0.09583333333333333 0.07916666666666666
1 0.4088541666666667 0.5244791666666666 0.07604166666666666 0.07395833333333333
1 0.6015625 0.24322916666666666 0.08020833333333333 0.06145833333333333
