1 0.5817708333333333 0.253125 0.071875 0.09375
1 0.21197916666666666 0.41354166666666664 0.10104166666666667 0.07916666666666666
1 0.8994791666666666 0.6583333333333333 0.08229166666666667 0.08333333333333333
0 0.31197916666666664 0.11875 0.14479166666666665 0.11458333333333333
0 0.7286458333333333 0.22135416666666666 0.14895833333333333 0.11562499999999999
0 0.7583333333333333 0.44687499999999997 0.16875 0.11666666666666667
0 0.48125 0.4739583333333333 0.16666666666666666 0.08333333333333333
0 0.275 0.6348958333333333 0.13541666666666666 0.128125
0 0.25625 0.8505208333333333 0.17083333333333334 0.090625
0 0.6802083333333333 0.653125 0.15625 0.1
0 0.7328125 0.8744791666666667 0.13229166666666667 0.14270833333333333
