1 0.5239583333333333 0.19635416666666666 0.10416666666666667 0.096875
1 0.7682291666666666 0.5421875 0.078125 0.109375
1 0.809375 0.8010416666666667 0.09375 0.09375
1 0.19427083333333334 0.69375 0.103125 0.06666666666666667
0 0.371875 0.16302083333333334 0.12916666666666665 0.13645833333333332
0 0.26145833333333335 0.35052083333333334 0.11458333333333333 0.146875
0 0.2328125 0.5229166666666667 0.153125 0.08541666666666667
0 0.4317708333333333 0.5692708333333333 0.07395833333333333 0.15104166666666666
0 0.528125 0.38177083333333334 0.09375 0.153125
0 0.6390625 0.503125 0.128125 0.09375
0 0.7734375 0.3729166666666667 0.09270833333333334 0.15208333333333332
0 0.8859374999999999 0.6760416666666667 0.109375 0.16041666666666665
0 0.6526041666666667 0.8338541666666667 0.146875 0.11770833333333333
0 0.6505208333333333 0.6583333333333333 0.11354166666666667 0.12083333333333333
0 0.403125 0.8291666666666666 0.07708333333333334 0.175
0 0.7114583333333333 0.1875 0.15625 0.08333333333333333
