0 0.40625 0.15677083333333333 0.15208333333333332 0.134375
0 0.31354166666666666 0.3609375 0.16458333333333333 0.13229166666666667
0 0.18958333333333333 0.5505208333333333 0.09166666666666666 0.16979166666666667
0 0.4927083333333333 0.384375 0.09166666666666666 0.19166666666666665
0 0.6682291666666667 0.33697916666666666 0.171875 0.09479166666666666
0 0.8208333333333333 0.2421875 0.09375 0.18229166666666666
0 0.6828125 0.6359375 0.140625 0.13854166666666667
0 0.3302083333333333 0.7755208333333333 0.18541666666666667 0.08229166666666667
0 0.5182291666666666 0.903125 0.17604166666666665 0.10208333333333333
1 0.8739583333333333 0.8026041666666667 0.07291666666666667 0.08854166666666667
1 0.3328125 0.6145833333333334 0.08854166666666667 0.1
1 0.6432291666666666 0.4947916666666667 0.07604166666666666 0.07083333333333333
1 0.5802083333333333 0.11302083333333333 0.06875 0.10104166666666667
