0 0.3640625 0.13229166666666667 0.146875 0.11458333333333333
0 0.2630208333333333 0.41875 0.159375 0.1
0 0.209375 0.5661458333333333 0.16666666666666666 0.078125
0 0.5052083333333334 0.38697916666666665 0.10208333333333333 0.13854166666666667
0 0.7364583333333333 0.2557291666666667 0.15208333333333332 0.09479166666666666
0 0.6088541666666667 0.5598958333333334 0.15520833333333334 0.11979166666666667
0 0.8520833333333333 0.7416666666666667 0.15625 0.1125
0 0.365625 0.715625 0.08333333333333333 0.1625
1 0.5369791666666667 0.7963541666666667 0.10520833333333333 0.09895833333333333
1 0.7177083333333333 0.49374999999999997 0.058333333333333334 0.07708333333333334
1 0.884375 0.4786458333333333 0.10416666666666667 0.09895833333333333
1 0.5546875 0.20416666666666666 0.08229166666666667 0.08541666666666667
1 0.27708333333333335 0.27291666666666664 0.07916666666666666 0.10208333333333333
