1 0.5770833333333333 0.2140625 0.07083333333333333 0.09270833333333334
1 0.721875 0.6458333333333334 0.07083333333333333 0.1
1 0.353125 0.8119791666666667 0.09791666666666667 0.096875
0 0.3453125 0.24375 0.128125 0.125
0 0.23229166666666667 0.4046875 0.12708333333333333 0.121875
0 0.14895833333333333 0.5229166666666667 0.1625 0.08125
0 0.153125 0.6916666666666667 0.14583333333333334 0.09583333333333333
0 0.46979166666666666 0.7401041666666667 0.13125 0.13645833333333332
0 0.6979166666666666 0.8208333333333333 0.13125 0.12083333333333333
0 0.6041666666666666 0.5776041666666667 0.12291666666666666 0.134375
0 0.7630208333333334 0.49322916666666666 0.15729166666666666 0.090625
0 0.7088541666666667 0.334375 0.08645833333333333 0.17083333333333334
0 0.44947916666666665 0.47031249999999997 0.08020833333333333 0.171875
