1 0.5526041666666667 0.4713541666666667 0.08229166666666667 0.103125
1 0.8802083333333334 0.7125 0.1 0.08958333333333333
1 0.5875 0.8598958333333333 0.1 0.11562499999999999
0 0.31145833333333334 0.12708333333333333 0.08958333333333333 0.175
0 0.5838541666666667 0.10208333333333333 0.13229166666666667 0.1375
0 0.528125 0.2505208333333333 0.16666666666666666 0.090625
0 0.7296875 0.28072916666666664 0.11145833333333333 0.16354166666666667
0 0.8359375 0.4796875 0.10104166666666667 0.159375
0 0.675 0.6947916666666667 0.17916666666666667 0.09375
0 0.44635416666666666 0.6520833333333333 0.10729166666666666 0.17083333333333334
0 0.2869791666666667 0.35572916666666665 0.153125 0.09895833333333333
0 0.29375 0.5072916666666667 0.14583333333333334 0.06875
0 0.21510416666666665 0.671875 0.159375 0.11666666666666667
0 0.353125 0.8338541666666667 0.1375 0.153125
