0 0.23958333333333334 0.5265625 0.125 0.096875
0 0.4359375 0.15364583333333334 0.13854166666666667 0.09270833333333334
0 0.6526041666666667 0.178125 0.14895833333333333 0.07291666666666667
0 0.8697916666666666 0.33489583333333334 0.12291666666666666 0.11562499999999999
0 0.6255208333333333 0.3385416666666667 0.14479166666666665 0.07291666666666667
0 0.41510416666666666 0.3182291666666667 0.09479166666666666 0.140625
0 0.44947916666666665 0.48385416666666664 0.08229166666666667 0.14479166666666665
0 0.6041666666666666 0.46979166666666666 0.13958333333333334 0.1125
0 0.8265625 0.678125 0.11979166666666667 0.13541666666666666
0 0.703125 0.7671875 0.07708333333333334 0.16979166666666667
0 0.6057291666666667 0.6494791666666666 0.08854166666666667 0.14270833333333333
0 0.44687499999999997 0.7598958333333333 0.1375 0.10104166666666667
0 0.28229166666666666 0.6630208333333333 0.1625 0.078125
1 0.42604166666666665 0.8624999999999999 0.06666666666666667 0.07916666666666666
1 0.8463541666666666 0.5578125 0.090625 0.090625
1 0.20260416666666667 0.3109375 0.08020833333333333 0.090625
