1 0.2734375 0.134375 0.08854166666666667 0.07916666666666666
1 0.8604166666666666 0.44375 0.06875 0.08333333333333333
1 0.8208333333333333 0.6182291666666666 0.09375 0.08645833333333333
1 0.43906249999999997 0.6296875 0.09895833333333333 0.065625
0 0.26875 0.3911458333333333 0.15416666666666667 0.10520833333333333
0 0.19427083333333334 0.6046875 0.121875 0.15104166666666666
0 0.3416666666666667 0.8963541666666667 0.17083333333333334 0.11770833333333333
0 0.6921875 0.7135416666666666 0.11770833333333333 0.1375
0 0.5270833333333333 0.5114583333333333 0.14791666666666667 0.13958333333333334
0 0.64375 0.375 0.1 0.17083333333333334
0 0.8348958333333333 0.23906249999999998 0.090625 0.18020833333333333
0 0.4786458333333333 0.296875 0.090625 0.175
0 0.525 0.10104166666666667 0.17083333333333334 0.09791666666666667
