1 0.5520833333333334 0.3052083333333333 0.0625 0.08125
1 0.5510416666666667 0.8984375 0.10833333333333334 0.08229166666666667
0 0.3927083333333333 0.15677083333333333 0.10625 0.15104166666666666
0 0.29322916666666665 0.275 0.128125 0.13958333333333334
0 0.2682291666666667 0.4973958333333333 0.165625 0.109375
0 0.2942708333333333 0.7395833333333334 0.09895833333333333 0.16666666666666666
0 0.5130208333333334 0.6796875 0.18229166666666666 0.08229166666666667
0 0.56875 0.46458333333333335 0.14375 0.13958333333333334
0 0.7666666666666666 0.24791666666666667 0.15625 0.09791666666666667
0 0.8046875 0.45729166666666665 0.090625 0.15208333333333332
0 0.8203125 0.73125 0.090625 0.15833333333333333
