1 0.40260416666666665 0.5916666666666667 0.051041666666666666 0.04791666666666666
1 0.68125 0.4114583333333333 0.058333333333333334 0.041666666666666664
1 0.38697916666666665 0.7973958333333333 0.065625 0.053125
0 0.2703125 0.3989583333333333 0.103125 0.04791666666666666
0 0.25677083333333334 0.5182291666666666 0.10104166666666667 0.07395833333333333
0 0.4145833333333333 0.3859375 0.052083333333333336 0.10104166666666667
0 0.5151041666666667 0.3125 0.08645833333333333 0.058333333333333334
0 0.5453125 0.43645833333333334 0.065625 0.09583333333333333
0 0.5010416666666666 0.54375 0.06041666666666667 0.09166666666666666
0 0.5489583333333333 0.6697916666666667 0.08125 0.08958333333333333
0 0.7739583333333333 0.6229166666666667 0.05 0.10416666666666667
