1 0.2677083333333333 0.3796875 0.075 0.09479166666666666
1 0.8552083333333333 0.2989583333333333 0.07916666666666666 0.075
1 0.8765625 0.61875 0.071875 0.09583333333333333
0 0.4765625 0.22760416666666666 0.08854166666666667 0.15729166666666666
0 0.5729166666666666 0.35052083333333334 0.1125 0.140625
0 0.6661458333333333 0.553125 0.17395833333333333 0.07916666666666666
0 0.43697916666666664 0.5713541666666666 0.08854166666666667 0.16354166666666667
0 0.2421875 0.6953125 0.084375 0.15729166666666666
0 0.6260416666666666 0.8005208333333333 0.125 0.12395833333333334
0 0.834375 0.8489583333333334 0.13333333333333333 0.14166666666666666
