1 0.39375 0.20364583333333333 0.06875 0.08854166666666667
1 0.7458333333333333 0.46510416666666665 0.06041666666666667 0.08645833333333333
1 0.628125 0.8239583333333333 0.09166666666666666 0.075
0 0.2526041666666667 0.2796875 0.15520833333333334 0.07604166666666666
0 0.6010416666666667 0.21614583333333334 0.08958333333333333 0.14270833333333333
0 0.7869791666666667 0.2911458333333333 0.15729166666666666 0.071875
0 0.8421875 0.6692708333333334 0.11145833333333333 0.14479166666666665
0 0.709375 0.615625 0.11458333333333333 0.1
0 0.5770833333333333 0.48854166666666665 0.07083333333333333 0.14375
0 0.4708333333333333 0.6041666666666666 0.06666666666666667 0.1625
0 0.3796875 0.459375 0.071875 0.15
0 0.2140625 0.5640625 0.140625 0.09270833333333334
0 0.36822916666666666 0.796875 0.121875 0.12708333333333333
