1 0.6328125 0.284375 0.07395833333333333 0.08333333333333333
1 0.8 0.5489583333333333 0.06458333333333333 0.10833333333333334
1 0.8895833333333333 0.6927083333333334 0.07916666666666666 0.08333333333333333
1 0.17239583333333333 0.76875 0.08854166666666667 0.0875
0 0.25677083333333334 0.2671875 0.08854166666666667 0.146875
0 0.2109375 0.46770833333333334 0.121875 0.14375
0 0.5505208333333333 0.12916666666666665 0.121875 0.1375
0 0.43854166666666666 0.40572916666666664 0.11875 0.13645833333333332
0 0.6661458333333333 0.4265625 0.146875 0.103125
0 0.85 0.33177083333333335 0.14791666666666667 0.103125
0 0.46041666666666664 0.6697916666666667 0.08958333333333333 0.16875
0 0.6911458333333333 0.8255208333333334 0.159375 0.134375
