1 0.3359375 0.36614583333333334 0.11145833333333333 0.090625
1 0.7557291666666667 0.31354166666666666 0.08854166666666667 0.07291666666666667
1 0.809375 0.84375 0.06666666666666667 0.09791666666666667
0 0.23072916666666665 0.19375 0.11979166666666667 0.15833333333333333
0 0.46979166666666666 0.15 0.12083333333333333 0.1625
0 0.6552083333333333 0.1703125 0.08333333333333333 0.15729166666666666
0 0.5338541666666666 0.30625 0.146875 0.09583333333333333
0 0.46041666666666664 0.47760416666666666 0.13125 0.10520833333333333
0 0.24739583333333334 0.6458333333333334 0.09895833333333333 0.14375
0 0.48072916666666665 0.6546875 0.121875 0.13020833333333334
0 0.36354166666666665 0.8359375 0.15416666666666667 0.12395833333333334
0 0.6786458333333333 0.7348958333333333 0.10520833333333333 0.16770833333333332
0 0.759375 0.540625 0.10208333333333333 0.17291666666666666
0 0.8817708333333333 0.6572916666666666 0.084375 0.15625
