0 0.33958333333333335 0.2947916666666667 0.13541666666666666 0.12708333333333333
0 0.2911458333333333 0.5411458333333333 0.153125 0.096875
0 0.5130208333333334 0.4973958333333333 0.12604166666666666 0.10520833333333333
0 0.8166666666666667 0.4875 0.15625 0.09375
0 0.7692708333333333 0.29270833333333335 0.140625 0.09375
0 0.6484375 0.6645833333333333 0.11562499999999999 0.11458333333333333
0 0.4328125 0.6942708333333333 0.134375 0.06770833333333333
0 0.328125 0.8468749999999999 0.08541666666666667 0.13333333333333333
1 0.7791666666666667 0.8135416666666666 0.06875 0.08541666666666667
1 0.5203125 0.2984375 0.08020833333333333 0.078125
