1 0.4119791666666667 0.4140625 0.096875 0.084375
1 0.9135416666666667 0.5171875 0.09166666666666666 0.06979166666666667
1 0.840625 0.3703125 0.0875 0.065625
0 0.4015625 0.11510416666666666 0.146875 0.084375
0 0.3390625 0.2598958333333333 0.16354166666666667 0.109375
0 0.6177083333333333 0.24010416666666667 0.1375 0.08645833333333333
0 0.8276041666666667 0.24270833333333333 0.16145833333333334 0.07708333333333334
0 0.7020833333333333 0.3932291666666667 0.07708333333333334 0.14479166666666665
0 0.8854166666666666 0.7213541666666666 0.10625 0.12395833333333334
0 0.6598958333333333 0.6848958333333334 0.13854166666666667 0.121875
0 0.5578125 0.3854166666666667 0.12395833333333334 0.08541666666666667
0 0.475 0.5546875 0.15416666666666667 0.078125
0 0.22135416666666666 0.4661458333333333 0.13854166666666667 0.10104166666666667
0 0.3208333333333333 0.6416666666666666 0.1625 0.08125
0 0.3885416666666667 0.8401041666666667 0.1 0.14479166666666665
