0 0.525 0.17239583333333333 0.12708333333333333 0.10520833333333333
0 0.3359375 0.2989583333333333 0.08854166666666667 0.13541666666666666
0 0.2953125 0.5255208333333333 0.08020833333333333 0.11770833333333333
0 0.29791666666666666 0.8359375 0.13541666666666666 0.128125
0 0.47812499999999997 0.7145833333333333 0.10625 0.13541666666666666
0 0.6604166666666667 0.8703124999999999 0.075 0.15104166666666666
0 0.8354166666666667 0.721875 0.0875 0.14166666666666666
0 0.8546874999999999 0.4348958333333333 0.109375 0.13229166666666667
0 0.6182291666666666 0.6130208333333333 0.10104166666666667 0.14479166666666665
0 0.6359375 0.3953125 0.071875 0.14895833333333333
1 0.49583333333333335 0.4083333333333333 0.07291666666666667 0.08125
