0 0.4088541666666667 0.24791666666666667 0.09270833333333334 0.16666666666666666
0 0.2921875 0.35625 0.15520833333333334 0.08958333333333333
0 0.5958333333333333 0.4734375 0.15833333333333333 0.08020833333333333
0 0.7098958333333333 0.27447916666666666 0.090625 0.15520833333333334
0 0.8479166666666667 0.3984375 0.11666666666666667 0.153125
0 0.7739583333333333 0.6307291666666667 0.15208333333333332 0.08645833333333333
0 0.6838541666666667 0.8161458333333333 0.09895833333333333 0.16979166666666667
0 0.31614583333333335 0.8203125 0.09270833333333334 0.171875
1 0.3567708333333333 0.5567708333333333 0.096875 0.10729166666666666
1 0.553125 0.16822916666666665 0.08541666666666667 0.08020833333333333
