0 0.2677083333333333 0.37447916666666664 0.16041666666666665 0.08645833333333333
0 0.14947916666666666 0.5776041666666667 0.159375 0.08020833333333333
0 0.4458333333333333 0.853125 0.175 0.08333333333333333
0 0.7151041666666667 0.9005208333333333 0.15520833333333334 0.09479166666666666
0 0.7427083333333333 0.7130208333333333 0.17291666666666666 0.08645833333333333
0 0.7526041666666666 0.5083333333333333 0.11354166666666667 0.13958333333333334
0 0.5322916666666666 0.5161458333333333 0.12708333333333333 0.13020833333333334
0 0.6421875 0.384375 0.12604166666666666 0.1125
0 0.4640625 0.321875 0.16770833333333332 0.075
0 0.828125 0.2859375 0.06875 0.16145833333333334
1 0.5838541666666667 0.1671875 0.096875 0.078125
1 0.4765625 0.65 0.08645833333333333 0.09791666666666667
1 0.22552083333333334 0.7322916666666667 0.071875 0.0875
