0 0.35572916666666665 0.1390625 0.14270833333333333 0.09270833333333334
0 0.3421875 0.31875 0.15520833333333334 0.10833333333333334
0 0.5838541666666667 0.15885416666666666 0.06979166666666667 0.18020833333333333
0 0.65625 0.3807291666666667 0.16666666666666666 0.090625
0 0.8729166666666667 0.30104166666666665 0.14791666666666667 0.11458333333333333
0 0.8536458333333333 0.4609375 0.11145833333333333 0.15520833333333334
0 0.7223958333333333 0.5802083333333333 0.178125 0.07916666666666666
0 0.8619791666666666 0.703125 0.15729166666666666 0.07708333333333334
0 0.46458333333333335 0.6458333333333334 0.14583333333333334 0.1
0 0.3911458333333333 0.46458333333333335 0.14479166666666665 0.08125
0 0.240625 0.7166666666666667 0.17083333333333334 0.10625
1 0.1796875 0.490625 0.09895833333333333 0.06875
1 0.5817708333333333 0.5046875 0.06979166666666667 0.071875
1 0.7296875 0.184375 0.08854166666666667 0.06458333333333333
1 0.7333333333333333 0.8307291666666666 0.08958333333333333 0.109375
