1 0.521875 0.44375 0.05 0.05416666666666667
1 0.65625 0.5546875 0.05416666666666667 0.051041666666666666
1 0.6583333333333333 0.7052083333333333 0.075 0.06041666666666667
0 0.6614583333333334 0.259375 0.10833333333333334 0.058333333333333334
0 0.6864583333333333 0.40260416666666665 0.10833333333333334 0.06145833333333333
0 0.46875 0.30104166666666665 0.11458333333333333 0.08541666666666667
0 0.36302083333333335 0.26666666666666666 0.059375 0.10625
0 0.35052083333333334 0.42291666666666666 0.09479166666666666 0.09583333333333333
0 0.353125 0.584375 0.0625 0.12291666666666666
0 0.5145833333333333 0.6697916666666667 0.08125 0.10208333333333333
0 0.38125 0.8161458333333333 0.09791666666666667 0.11979166666666667
0 0.221875 0.7182291666666667 0.07291666666666667 0.10729166666666666
0 0.2203125 0.53125 0.12604166666666666 0.0625
0 0.19947916666666665 0.3020833333333333 0.109375 0.09375
