0 0.33697916666666666 0.13854166666666667 0.13854166666666667 0.13541666666666666
0 0.5286458333333334 0.14583333333333334 0.11145833333333333 0.14791666666666667
0 0.8145833333333333 0.16979166666666667 0.16458333333333333 0.10416666666666667
0 0.8760416666666666 0.409375 0.11041666666666666 0.15625
0 0.7645833333333333 0.5953125 0.15208333333333332 0.096875
0 0.725 0.41822916666666665 0.11666666666666667 0.146875
0 0.428125 0.3380208333333333 0.19791666666666666 0.078125
0 0.5380208333333333 0.49166666666666664 0.11354166666666667 0.16458333333333333
0 0.5739583333333333 0.6963541666666666 0.10208333333333333 0.16770833333333332
0 0.7447916666666666 0.8661458333333333 0.1125 0.14895833333333333
0 0.3875 0.6947916666666667 0.09583333333333333 0.17291666666666666
0 0.27447916666666666 0.515625 0.178125 0.09583333333333333
0 0.1703125 0.28802083333333334 0.08020833333333333 0.17604166666666665
0 0.1484375 0.8171875 0.15520833333333334 0.134375
1 0.1171875 0.56875 0.08645833333333333 0.09166666666666666
1 0.40729166666666666 0.8796875 0.11458333333333333 0.096875
1 0.8484375 0.7994791666666666 0.08645833333333333 0.09270833333333334
1 0.921875 0.6010416666666667 0.07916666666666666 0.07708333333333334
1 0.6328125 0.2739583333333333 0.09270833333333334 0.075
