0 0.4041666666666667 0.1515625 0.14791666666666667 0.121875
0 0.6682291666666667 0.146875 0.121875 0.12916666666666665
0 0.5385416666666667 0.2671875 0.17083333333333334 0.078125
0 0.6848958333333334 0.4125 0.11562499999999999 0.14583333333333334
0 0.5302083333333333 0.5442708333333334 0.10625 0.128125
0 0.47239583333333335 0.7015625 0.09270833333333334 0.16354166666666667
0 0.21666666666666667 0.6708333333333333 0.11666666666666667 0.125
0 0.2453125 0.35 0.16145833333333334 0.09791666666666667
1 0.21510416666666665 0.18645833333333334 0.06354166666666666 0.07916666666666666
1 0.42343749999999997 0.40208333333333335 0.06770833333333333 0.075
1 0.20885416666666667 0.515625 0.08854166666666667 0.09166666666666666
1 0.7520833333333333 0.5854166666666667 0.08333333333333333 0.07083333333333333
1 0.6708333333333333 0.7140625 0.0875 0.07604166666666666
