1 0.35 0.18125 0.06666666666666667 0.09583333333333333
1 0.6817708333333333 0.3802083333333333 0.08229166666666667 0.0625
1 0.7046875 0.5598958333333334 0.09270833333333334 0.096875
1 0.24322916666666666 0.6265625 0.10520833333333333 0.09270833333333334
0 0.271875 0.38958333333333334 0.15 0.08541666666666667
0 0.6109375 0.2421875 0.15104166666666666 0.10104166666666667
0 0.8296875 0.3015625 0.17604166666666665 0.08229166666666667
0 0.8682291666666666 0.5041666666666667 0.153125 0.09583333333333333
0 0.8286458333333333 0.7307291666666667 0.11145833333333333 0.13854166666666667
0 0.5546875 0.7869791666666667 0.109375 0.15729166666666666
0 0.5333333333333333 0.47291666666666665 0.08333333333333333 0.16041666666666665
0 0.3125 0.8385416666666666 0.13958333333333334 0.13333333333333333
