1 0.3229166666666667 0.19427083333333334 0.08333333333333333 0.090625
1 0.6776041666666667 0.33177083333333335 0.084375 0.09895833333333333
1 0.8468749999999999 0.7677083333333333 0.08958333333333333 0.075
1 0.17604166666666665 0.6026041666666666 0.1125 0.09270833333333334
0 0.2375 0.3171875 0.16875 0.08854166666666667
0 0.2661458333333333 0.4734375 0.16354166666666667 0.109375
0 0.37447916666666664 0.7755208333333333 0.09895833333333333 0.153125
0 0.5088541666666666 0.3151041666666667 0.165625 0.09479166666666666
0 0.45677083333333335 0.5192708333333333 0.08854166666666667 0.165625
0 0.5770833333333333 0.6786458333333333 0.08333333333333333 0.17395833333333333
0 0.8265625 0.525 0.17395833333333333 0.09375
