0 0.17552083333333332 0.18802083333333333 0.14479166666666665 0.07395833333333333
0 0.3614583333333333 0.3020833333333333 0.1375 0.07083333333333333
0 0.5677083333333334 0.2598958333333333 0.09375 0.17395833333333333
0 0.7744791666666666 0.3802083333333333 0.16145833333333334 0.07916666666666666
0 0.8677083333333333 0.5765625 0.08125 0.14479166666666665
0 0.3854166666666667 0.4927083333333333 0.14166666666666666 0.10833333333333334
0 0.20781249999999998 0.4203125 0.16979166666666667 0.08645833333333333
0 0.33229166666666665 0.7572916666666667 0.15833333333333333 0.09583333333333333
1 0.19427083333333334 0.5765625 0.09479166666666666 0.08854166666666667
1 0.4666666666666667 0.6104166666666666 0.0875 0.06458333333333333
1 0.6447916666666667 0.6630208333333333 0.09166666666666666 0.090625
1 0.8312499999999999 0.2046875 0.0875 0.08645833333333333
