1 0.38125 0.14479166666666665 0.06041666666666667 0.06458333333333333
1 0.6619791666666667 0.4322916666666667 0.084375 0.05416666666666667
0 0.6703125 0.18072916666666666 0.153125 0.090625
0 0.8161458333333333 0.4427083333333333 0.11979166666666667 0.12291666666666666
0 0.7729166666666667 0.5703125 0.12083333333333333 0.140625
0 0.7192708333333333 0.6880208333333333 0.140625 0.11354166666666667
0 0.4036458333333333 0.2864583333333333 0.096875 0.12083333333333333
0 0.44114583333333335 0.4890625 0.12604166666666666 0.07604166666666666
0 0.41510416666666666 0.634375 0.14895833333333333 0.075
0 0.4427083333333333 0.7989583333333333 0.13333333333333333 0.0875
0 0.24479166666666666 0.7828125 0.10625 0.146875
0 0.1875 0.6244791666666667 0.15833333333333333 0.08020833333333333
0 0.19010416666666666 0.42135416666666664 0.08020833333333333 0.13854166666666667
0 0.20052083333333334 0.265625 0.12604166666666666 0.09583333333333333
