0 0.240625 0.20364583333333333 0.09375 0.15729166666666666
0 0.4015625 0.2203125 0.109375 0.13020833333333334
0 0.50625 0.125 0.08541666666666667 0.15208333333333332
0 0.6098958333333333 0.2677083333333333 0.12395833333333334 0.08541666666666667
0 0.8307291666666666 0.36302083333333335 0.134375 0.08854166666666667
0 0.9041666666666667 0.6208333333333333 0.10625 0.11875
0 0.7744791666666666 0.5401041666666666 0.14270833333333333 0.06354166666666666
0 0.6338541666666666 0.42552083333333335 0.11562499999999999 0.14479166666666665
0 0.31614583333333335 0.4067708333333333 0.096875 0.14270833333333333
0 0.428125 0.54375 0.14166666666666666 0.07916666666666666
0 0.5682291666666667 0.60625 0.06979166666666667 0.14166666666666666
0 0.7322916666666667 0.7552083333333334 0.09791666666666667 0.1125
0 0.3697916666666667 0.775 0.13541666666666666 0.10833333333333334
0 0.2203125 0.6739583333333333 0.165625 0.07916666666666666
1 0.5911458333333334 0.85 0.06145833333333333 0.10208333333333333
1 0.12135416666666667 0.4822916666666667 0.08020833333333333 0.09375
1 0.7369791666666666 0.21041666666666667 0.09895833333333333 0.07708333333333334
