1 0.4713541666666667 0.32708333333333334 0.065625 0.10208333333333333
1 0.73125 0.6229166666666667 0.1 0.07916666666666666
0 0.65625 0.30416666666666664 0.075 0.14583333333333334
0 0.8265625 0.41875 0.15520833333333334 0.08541666666666667
0 0.33177083333333335 0.3026041666666667 0.071875 0.13229166666666667
0 0.30833333333333335 0.5223958333333333 0.13541666666666666 0.09895833333333333
0 0.5666666666666667 0.49635416666666665 0.06666666666666667 0.14479166666666665
0 0.5177083333333333 0.6328125 0.06458333333333333 0.14270833333333333
0 0.3734375 0.7348958333333333 0.16354166666666667 0.078125
0 0.6989583333333333 0.8666666666666667 0.14166666666666666 0.07708333333333334
