0 0.7255208333333333 0.1953125 0.140625 0.121875
0 0.5296875 0.3203125 0.11145833333333333 0.12395833333333334
0 0.3078125 0.3854166666666667 0.078125 0.15833333333333333
0 0.6026041666666666 0.4640625 0.14270833333333333 0.08854166666666667
0 0.4921875 0.609375 0.140625 0.09583333333333333
0 0.3927083333333333 0.7427083333333333 0.08541666666666667 0.15625
0 0.653125 0.8140625 0.08125 0.15729166666666666
1 0.8385416666666666 0.65 0.08958333333333333 0.07291666666666667
1 0.8057291666666666 0.4223958333333333 0.057291666666666664 0.06145833333333333
1 0.3671875 0.17552083333333332 0.071875 0.090625
1 0.225 0.6192708333333333 0.07708333333333334 0.08229166666666667
