0 0.22291666666666665 0.3442708333333333 0.07083333333333333 0.128125
0 0.3067708333333333 0.14322916666666666 0.134375 0.07604166666666666
0 0.5041666666666667 0.24635416666666665 0.07708333333333334 0.12604166666666666
0 0.6333333333333333 0.27447916666666666 0.06666666666666667 0.128125
0 0.8494791666666667 0.5395833333333333 0.065625 0.14583333333333334
0 0.22239583333333332 0.4864583333333333 0.14270833333333333 0.08125
0 0.5020833333333333 0.5338541666666666 0.08958333333333333 0.12395833333333334
0 0.6458333333333334 0.509375 0.12083333333333333 0.09583333333333333
0 0.5536458333333333 0.7567708333333333 0.06770833333333333 0.140625
0 0.3046875 0.7088541666666667 0.11979166666666667 0.06354166666666666
1 0.690625 0.7109375 0.07083333333333333 0.084375
1 0.39479166666666665 0.3921875 0.075 0.071875
1 0.7526041666666666 0.2015625 0.06145833333333333 0.08020833333333333
