0 0.3182291666666667 0.24479166666666666 0.11562499999999999 0.11458333333333333
0 0.5057291666666667 0.3536458333333333 0.15104166666666666 0.08020833333333333
0 0.6817708333333333 0.3911458333333333 0.09479166666666666 0.13645833333333332
0 0.7984375 0.6921875 0.13854166666666667 0.09895833333333333
0 0.521875 0.8130208333333333 0.14166666666666666 0.103125
0 0.48125 0.5786458333333333 0.07083333333333333 0.153125
0 0.2916666666666667 0.5822916666666667 0.10208333333333333 0.13541666666666666
0 0.32760416666666664 0.7963541666666667 0.11770833333333333 0.109375
1 0.7296875 0.8453125 0.084375 0.06979166666666667
1 0.6421875 0.5463541666666667 0.06979166666666667 0.06145833333333333
1 0.8135416666666666 0.4822916666666667 0.06875 0.06041666666666667
1 0.49895833333333334 0.203125 0.07291666666666667 0.06458333333333333
1 0.29635416666666664 0.43645833333333334 0.07395833333333333 0.08541666666666667
