0 0.2520833333333333 0.2875 0.16666666666666666 0.1375
0 0.44947916666666665 0.2708333333333333 0.11354166666666667 0.16875
0 0.6520833333333333 0.31197916666666664 0.09583333333333333 0.16979166666666667
0 0.8557291666666667 0.37864583333333335 0.13020833333333334 0.134375
0 0.8244791666666667 0.5807291666666666 0.10104166666666667 0.18020833333333333
0 0.5052083333333334 0.5645833333333333 0.10416666666666667 0.16666666666666666
0 0.37447916666666664 0.8526041666666666 0.17604166666666665 0.096875
0 0.196875 0.6588541666666666 0.1875 0.08645833333333333
0 0.22291666666666665 0.49322916666666666 0.18541666666666667 0.08854166666666667
1 0.559375 0.7505208333333333 0.08333333333333333 0.08645833333333333
1 0.8729166666666667 0.7932291666666667 0.08958333333333333 0.084375
1 0.46249999999999997 0.128125 0.10208333333333333 0.08125
