1 0.4432291666666667 0.5322916666666666 0.11354166666666667 0.08541666666666667
1 0.21562499999999998 0.7453125 0.11041666666666666 0.090625
1 0.4171875 0.8807291666666667 0.109375 0.07395833333333333
1 0.8427083333333333 0.5479166666666666 0.1 0.11666666666666667
1 0.7484375 0.21510416666666665 0.078125 0.121875
0 0.5458333333333333 0.12708333333333333 0.09166666666666666 0.19375
0 0.37916666666666665 0.19114583333333332 0.1 0.16354166666666667
0 0.19114583333333332 0.18125 0.16145833333333334 0.09375
0 0.19479166666666667 0.5114583333333333 0.11041666666666666 0.16458333333333333
0 0.45989583333333334 0.3776041666666667 0.190625 0.084375
0 0.6609375 0.43697916666666664 0.07604166666666666 0.15104166666666666
0 0.8385416666666666 0.37864583333333335 0.16875 0.11354166666666667
0 0.915625 0.8203125 0.10833333333333334 0.153125
0 0.6791666666666667 0.6604166666666667 0.15833333333333333 0.08541666666666667
0 0.6875 0.8020833333333334 0.14166666666666666 0.14791666666666667
0 0.37083333333333335 0.7036458333333333 0.15208333333333332 0.11145833333333333
