1 0.4666666666666667 0.3598958333333333 0.09375 0.07395833333333333
0 0.278125 0.14322916666666666 0.1625 0.11979166666666667
0 0.23906249999999998 0.315625 0.090625 0.17916666666666667
0 0.2265625 0.5807291666666666 0.14895833333333333 0.11979166666666667
0 0.2973958333333333 0.865625 0.165625 0.14791666666666667
0 0.453125 0.6234375 0.10833333333333334 0.15520833333333334
0 0.6427083333333333 0.5020833333333333 0.1625 0.1375
0 0.8312499999999999 0.5015625 0.15208333333333332 0.128125
0 0.85625 0.7067708333333333 0.19166666666666665 0.121875
0 0.6744791666666666 0.8020833333333334 0.10104166666666667 0.16666666666666666
0 0.81875 0.2661458333333333 0.14791666666666667 0.11770833333333333
0 0.5723958333333333 0.20833333333333334 0.178125 0.11666666666666667
