1 0.4322916666666667 0.3458333333333333 0.06666666666666667 0.06666666666666667
1 0.8463541666666666 0.5770833333333333 0.08020833333333333 0.06458333333333333
1 0.20885416666666667 0.48802083333333335 0.07395833333333333 0.078125
0 0.2765625 0.30104166666666665 0.08229166666666667 0.14166666666666666
0 0.5645833333333333 0.2265625 0.075 0.146875
0 0.7166666666666667 0.3026041666666667 0.075 0.15520833333333334
0 0.71875 0.4921875 0.12916666666666665 0.09479166666666666
0 0.6109375 0.7041666666666666 0.15520833333333334 0.10416666666666667
0 0.42552083333333335 0.5713541666666666 0.13229166666666667 0.09479166666666666
0 0.4276041666666667 0.7369791666666666 0.12395833333333334 0.08645833333333333
0 0.20260416666666667 0.7265625 0.12604166666666666 0.109375
