0 0.3421875 0.16770833333333332 0.184375 0.11041666666666666
0 0.25104166666666666 0.3619791666666667 0.18541666666666667 0.08854166666666667
0 0.23541666666666666 0.5369791666666667 0.11041666666666666 0.140625
0 0.21041666666666667 0.7677083333333333 0.16666666666666666 0.12083333333333333
0 0.5364583333333334 0.6854166666666667 0.10208333333333333 0.18958333333333333
0 0.5666666666666667 0.453125 0.16875 0.13125
0 0.8104166666666667 0.4380208333333333 0.13125 0.14479166666666665
0 0.7973958333333333 0.2015625 0.171875 0.10729166666666666
0 0.8453125 0.85625 0.12395833333333334 0.16041666666666665
1 0.8546874999999999 0.5671875 0.078125 0.11770833333333333
1 0.465625 0.8536458333333333 0.07916666666666666 0.08854166666666667
1 0.5546875 0.14739583333333334 0.13020833333333334 0.096875
