1 0.5864583333333333 0.16458333333333333 0.08125 0.08125
1 0.26927083333333335 0.36614583333333334 0.084375 0.07395833333333333
1 0.8651041666666667 0.5114583333333333 0.08229166666666667 0.075
1 0.5744791666666667 0.7848958333333333 0.06354166666666666 0.08645833333333333
0 0.38177083333333334 0.22135416666666666 0.146875 0.08229166666666667
0 0.5598958333333334 0.3489583333333333 0.11562499999999999 0.10833333333333334
0 0.8286458333333333 0.2796875 0.11979166666666667 0.10520833333333333
0 0.7098958333333333 0.40781249999999997 0.084375 0.14895833333333333
0 0.8171875 0.6869791666666667 0.13229166666666667 0.08645833333333333
0 0.6161458333333333 0.6182291666666666 0.090625 0.14895833333333333
0 0.36354166666666665 0.7229166666666667 0.13958333333333334 0.08125
0 0.3208333333333333 0.5213541666666667 0.11666666666666667 0.12395833333333334
