1 0.5166666666666666 0.48072916666666665 0.08125 0.07604166666666666
0 0.4010416666666667 0.23229166666666667 0.15208333333333332 0.08333333333333333
0 0.5947916666666666 0.15208333333333332 0.07083333333333333 0.13541666666666666
0 0.7135416666666666 0.3098958333333333 0.14791666666666667 0.08645833333333333
0 0.8822916666666667 0.5130208333333334 0.08333333333333333 0.146875
0 0.6286458333333333 0.6807291666666666 0.07395833333333333 0.16354166666666667
0 0.6630208333333333 0.4510416666666667 0.07395833333333333 0.12916666666666665
0 0.19947916666666665 0.42083333333333334 0.140625 0.08958333333333333
0 0.3125 0.6276041666666666 0.0625 0.14270833333333333
0 0.44166666666666665 0.8151041666666666 0.06666666666666667 0.13854166666666667
