0 0.290625 0.2526041666666667 0.09583333333333333 0.15520833333333334
0 0.24270833333333333 0.6 0.11458333333333333 0.15
0 0.5166666666666666 0.6270833333333333 0.175 0.07916666666666666
0 0.5197916666666667 0.8020833333333334 0.08125 0.15208333333333332
0 0.75 0.8145833333333333 0.08958333333333333 0.17916666666666667
0 0.8213541666666666 0.3651041666666667 0.171875 0.09895833333333333
0 0.6177083333333333 0.4125 0.11041666666666666 0.14583333333333334
0 0.4927083333333333 0.4791666666666667 0.12083333333333333 0.16041666666666665
0 0.7041666666666666 0.19375 0.15833333333333333 0.07708333333333334
1 0.45 0.22916666666666666 0.08125 0.075
1 0.20677083333333332 0.403125 0.09479166666666666 0.07916666666666666
1 0.7651041666666667 0.5703125 0.07604166666666666 0.09270833333333334
1 0.33177083333333335 0.8203125 0.08854166666666667 0.078125
