0 0.4817708333333333 0.17864583333333334 0.121875 0.15104166666666666
0 0.5989583333333334 0.4067708333333333 0.17916666666666667 0.084375
0 0.7848958333333333 0.37604166666666666 0.096875 0.16875
0 0.8036458333333333 0.6682291666666667 0.134375 0.134375
0 0.578125 0.6385416666666667 0.19166666666666665 0.08125
0 0.353125 0.5630208333333333 0.10416666666666667 0.15520833333333334
0 0.1640625 0.5588541666666667 0.140625 0.18020833333333333
1 0.27708333333333335 0.8229166666666666 0.07708333333333334 0.06666666666666667
1 0.7359375 0.8979166666666667 0.078125 0.09791666666666667
1 0.23854166666666665 0.2864583333333333 0.06875 0.07291666666666667
1 0.6213541666666667 0.22135416666666666 0.07395833333333333 0.065625
