1 0.8380208333333333 0.37916666666666665 0.10520833333333333 0.075
1 0.66875 0.771875 0.09583333333333333 0.08541666666666667
1 0.25 0.4973958333333333 0.06458333333333333 0.09270833333333334
0 0.225 0.303125 0.11875 0.10625
0 0.4515625 0.20364583333333333 0.13854166666666667 0.11770833333333333
0 0.6286458333333333 0.23958333333333334 0.08854166666666667 0.12708333333333333
0 0.6317708333333333 0.4239583333333333 0.09895833333333333 0.125
0 0.8427083333333333 0.6182291666666666 0.1125 0.11770833333333333
0 0.5802083333333333 0.5338541666666666 0.13541666666666666 0.07395833333333333
0 0.43697916666666664 0.4510416666666667 0.07395833333333333 0.13541666666666666
0 0.46875 0.6765625 0.11041666666666666 0.13645833333333332
0 0.3125 0.7890625 0.1625 0.07395833333333333
