1 0.409375 0.2296875 0.0625 0.06770833333333333
1 0.5541666666666667 0.20104166666666667 0.07916666666666666 0.09375
1 0.9026041666666667 0.4921875 0.08020833333333333 0.08645833333333333
1 0.5020833333333333 0.5520833333333334 0.06458333333333333 0.06875
1 0.27760416666666665 0.5578125 0.084375 0.06979166666666667
1 0.7760416666666666 0.7380208333333333 0.08125 0.09895833333333333
0 0.26510416666666664 0.3416666666666667 0.071875 0.13333333333333333
0 0.5223958333333333 0.3697916666666667 0.078125 0.13958333333333334
0 0.7552083333333334 0.3171875 0.13333333333333333 0.08229166666666667
0 0.7723958333333333 0.45468749999999997 0.07604166666666666 0.15104166666666666
0 0.69375 0.6328125 0.1 0.13020833333333334
0 0.48020833333333335 0.6494791666666666 0.14375 0.06979166666666667
0 0.5416666666666666 0.8140625 0.13958333333333334 0.08854166666666667
0 0.21875 0.7572916666666667 0.07291666666666667 0.14791666666666667
