1 0.5067708333333333 0.2171875 0.09895833333333333 0.07604166666666666
1 0.5244791666666666 0.6359375 0.078125 0.103125
0 0.7161458333333334 0.21458333333333332 0.146875 0.11875
0 0.21822916666666667 0.18072916666666666 0.16145833333333334 0.121875
0 0.6609375 0.42291666666666666 0.16770833333333332 0.09166666666666666
0 0.41510416666666666 0.31927083333333334 0.11562499999999999 0.16354166666666667
0 0.22083333333333333 0.41354166666666664 0.15625 0.12291666666666666
0 0.2786458333333333 0.6010416666666667 0.171875 0.09791666666666667
0 0.3104166666666667 0.8369791666666666 0.20208333333333334 0.10520833333333333
0 0.7005208333333334 0.8385416666666666 0.10520833333333333 0.13333333333333333
0 0.7880208333333333 0.6651041666666666 0.14479166666666665 0.13020833333333334
