0 0.49166666666666664 0.14947916666666666 0.16875 0.09270833333333334
0 0.5484375 0.3171875 0.07395833333333333 0.15520833333333334
0 0.7442708333333333 0.4640625 0.13020833333333334 0.13020833333333334
0 0.9171874999999999 0.5989583333333334 0.06979166666666667 0.16041666666666665
0 0.6046875 0.6328125 0.134375 0.11354166666666667
0 0.4895833333333333 0.4791666666666667 0.11875 0.13125
0 0.2682291666666667 0.49947916666666664 0.13020833333333334 0.10520833333333333
0 0.2916666666666667 0.6739583333333333 0.15416666666666667 0.09583333333333333
0 0.44479166666666664 0.8744791666666667 0.13958333333333334 0.11979166666666667
1 0.803125 0.8177083333333334 0.07083333333333333 0.07708333333333334
1 0.7994791666666666 0.24166666666666667 0.07395833333333333 0.10416666666666667
1 0.2505208333333333 0.16145833333333334 0.07604166666666666 0.075
