0 0.740625 0.234375 0.13333333333333333 0.09791666666666667
0 0.4927083333333333 0.3229166666666667 0.14583333333333334 0.07083333333333333
0 0.303125 0.3182291666666667 0.14791666666666667 0.096875
0 0.2203125 0.6020833333333333 0.128125 0.11875
0 0.4744791666666667 0.5104166666666666 0.10729166666666666 0.12291666666666666
0 0.6473958333333333 0.525 0.11354166666666667 0.14583333333333334
0 0.8114583333333333 0.6104166666666666 0.12083333333333333 0.11666666666666667
0 0.5552083333333333 0.7078125 0.07083333333333333 0.16979166666666667
1 0.3640625 0.7520833333333333 0.103125 0.06666666666666667
1 0.81875 0.3765625 0.07291666666666667 0.08645833333333333
1 0.4484375 0.19791666666666666 0.078125 0.0625
