0 0.25729166666666664 0.30364583333333334 0.125 0.13645833333333332
0 0.20208333333333334 0.47552083333333334 0.11041666666666666 0.14895833333333333
0 0.4609375 0.41875 0.16145833333333334 0.09791666666666667
0 0.7484375 0.2973958333333333 0.15520833333333334 0.103125
0 0.8692708333333333 0.6177083333333333 0.16979166666666667 0.08125
0 0.6619791666666667 0.6869791666666667 0.10729166666666666 0.16979166666666667
0 0.440625 0.6005208333333333 0.1 0.16145833333333334
0 0.3072916666666667 0.7630208333333334 0.08333333333333333 0.17395833333333333
1 0.128125 0.7369791666666666 0.10208333333333333 0.084375
1 0.5432291666666667 0.8552083333333333 0.09895833333333333 0.07916666666666666
1 0.825 0.8572916666666667 0.09166666666666666 0.1
1 0.73125 0.46770833333333334 0.07291666666666667 0.08125
2 0.328125 0.5057291666666667 0.03125 0.08854166666666667
