1 0.3338541666666667 0.15364583333333334 0.103125 0.078125
1 0.2 0.6697916666666667 0.08541666666666667 0.08125
1 0.740625 0.5572916666666666 0.06666666666666667 0.09375
1 0.8588541666666667 0.7239583333333334 0.09895833333333333 0.0875
0 0.6697916666666667 0.6994791666666667 0.10416666666666667 0.11145833333333333
0 0.39947916666666666 0.8083333333333333 0.146875 0.07708333333333334
0 0.5057291666666667 0.5838541666666667 0.11145833333333333 0.12395833333333334
0 0.6526041666666667 0.42135416666666664 0.103125 0.13020833333333334
0 0.80625 0.271875 0.09166666666666666 0.12083333333333333
0 0.5635416666666666 0.16354166666666667 0.13333333333333333 0.07708333333333334
0 0.5072916666666667 0.3697916666666667 0.07291666666666667 0.13333333333333333
0 0.3234375 0.46875 0.140625 0.075
0 0.2760416666666667 0.3151041666666667 0.1375 0.07604166666666666
