0 0.31354166666666666 0.378125 0.12708333333333333 0.10416666666666667
0 0.2833333333333333 0.2552083333333333 0.1 0.12291666666666666
0 0.5333333333333333 0.19635416666666666 0.14791666666666667 0.071875
0 0.7015625 0.5651041666666666 0.090625 0.13229166666666667
0 0.54375 0.7296875 0.14583333333333334 0.11770833333333333
0 0.4380208333333333 0.5338541666666666 0.09895833333333333 0.14479166666666665
0 0.21927083333333333 0.5984375 0.13854166666666667 0.13854166666666667
0 0.39947916666666666 0.7854166666666667 0.14895833333333333 0.10208333333333333
1 0.8302083333333333 0.6145833333333334 0.075 0.09375
1 0.8015625 0.32447916666666665 0.07604166666666666 0.06145833333333333
1 0.5197916666666667 0.3421875 0.08958333333333333 0.059375
