1 0.41770833333333335 0.14375 0.09583333333333333 0.07083333333333333
1 0.6380208333333334 0.334375 0.078125 0.09375
0 0.60625 0.18177083333333333 0.08125 0.15104166666666666
0 0.21458333333333332 0.23697916666666666 0.15625 0.13020833333333334
0 0.21302083333333333 0.5333333333333333 0.190625 0.08958333333333333
0 0.4536458333333333 0.45416666666666666 0.08229166666666667 0.17916666666666667
0 0.8010416666666667 0.5567708333333333 0.10208333333333333 0.153125
0 0.8520833333333333 0.8072916666666666 0.15208333333333332 0.10833333333333334
0 0.47604166666666664 0.7479166666666667 0.19375 0.09791666666666667
0 0.21875 0.84375 0.14583333333333334 0.1
