1 0.5911458333333334 0.30364583333333334 0.078125 0.07395833333333333
0 0.7479166666666667 0.3296875 0.14375 0.07604166666666666
0 0.8468749999999999 0.6104166666666666 0.07291666666666667 0.12916666666666665
0 0.703125 0.7729166666666667 0.1 0.12083333333333333
0 0.5635416666666666 0.5765625 0.125 0.08229166666666667
0 0.6473958333333333 0.41041666666666665 0.134375 0.07083333333333333
0 0.4083333333333333 0.46979166666666666 0.12083333333333333 0.09166666666666666
0 0.4166666666666667 0.3046875 0.07291666666666667 0.11979166666666667
0 0.44427083333333334 0.1765625 0.08229166666666667 0.109375
0 0.2973958333333333 0.29583333333333334 0.06770833333333333 0.13333333333333333
0 0.19895833333333332 0.5567708333333333 0.08541666666666667 0.12395833333333334
0 0.3848958333333333 0.6994791666666667 0.12604166666666666 0.071875
0 0.271875 0.7854166666666667 0.12083333333333333 0.11458333333333333
