0 0.21302083333333333 0.33125 0.08020833333333333 0.18541666666666667
0 0.1703125 0.5348958333333333 0.178125 0.11979166666666667
0 0.42083333333333334 0.3859375 0.08333333333333333 0.178125
0 0.6140625 0.23229166666666667 0.146875 0.15
0 0.8177083333333334 0.2578125 0.15 0.11145833333333333
0 0.76875 0.409375 0.1375 0.11875
0 0.7609375 0.5729166666666666 0.11354166666666667 0.1625
0 0.5828125 0.5828125 0.12604166666666666 0.121875
0 0.47291666666666665 0.7151041666666667 0.15625 0.13645833333333332
0 0.19739583333333333 0.6947916666666667 0.19895833333333332 0.08541666666666667
0 0.2942708333333333 0.896875 0.190625 0.0875
0 0.6578125 0.8083333333333333 0.16979166666666667 0.10208333333333333
1 0.9239583333333333 0.7098958333333333 0.09375 0.12395833333333334
1 0.359375 0.128125 0.10208333333333333 0.09583333333333333
