0 0.22239583333333332 0.42604166666666665 0.16979166666666667 0.11458333333333333
0 0.44687499999999997 0.5203125 0.15833333333333333 0.11354166666666667
0 0.7083333333333334 0.534375 0.16041666666666665 0.08125
0 0.3828125 0.16770833333333332 0.16979166666666667 0.12708333333333333
0 0.4630208333333333 0.825 0.15729166666666666 0.12708333333333333
0 0.8088541666666667 0.7296875 0.140625 0.171875
1 0.8203125 0.3802083333333333 0.07604166666666666 0.09791666666666667
1 0.7880208333333333 0.17291666666666666 0.06770833333333333 0.1125
1 0.584375 0.19010416666666666 0.09791666666666667 0.10520833333333333
1 0.5083333333333333 0.3880208333333333 0.08541666666666667 0.071875
1 0.14010416666666667 0.2328125 0.07395833333333333 0.08020833333333333
1 0.21614583333333334 0.8046875 0.08020833333333333 0.11770833333333333
1 0.6651041666666666 0.8 0.09270833333333334 0.09166666666666666
