0 0.45729166666666665 0.22343749999999998 0.13333333333333333 0.078125
0 0.7760416666666666 0.2786458333333333 0.13333333333333333 0.065625
0 0.7953125 0.44687499999999997 0.084375 0.12708333333333333
0 0.7380208333333333 0.6453125 0.07395833333333333 0.13020833333333334
0 0.5708333333333333 0.5020833333333333 0.0875 0.15
0 0.375 0.3578125 0.13541666666666666 0.06354166666666666
0 0.33177083333333335 0.5223958333333333 0.10104166666666667 0.13229166666666667
0 0.44166666666666665 0.6135416666666667 0.11666666666666667 0.10208333333333333
0 0.5036458333333333 0.7578125 0.07604166666666666 0.13229166666666667
1 0.2911458333333333 0.690625 0.071875 0.075
1 0.6567708333333333 0.7703125 0.059375 0.08020833333333333
1 0.8177083333333334 0.5947916666666666 0.06041666666666667 0.06458333333333333
1 0.5838541666666667 0.284375 0.06979166666666667 0.06875
