0 0.35104166666666664 0.12447916666666667 0.175 0.08229166666666667
0 0.14166666666666666 0.27447916666666666 0.09375 0.16354166666666667
0 0.39427083333333335 0.3020833333333333 0.178125 0.1
0 0.7401041666666667 0.19375 0.16145833333333334 0.11458333333333333
0 0.8624999999999999 0.47239583333333335 0.15625 0.13645833333333332
0 0.8624999999999999 0.6640625 0.18125 0.10104166666666667
0 0.5770833333333333 0.5046875 0.10416666666666667 0.159375
0 0.4005208333333333 0.5067708333333333 0.16354166666666667 0.09270833333333334
0 0.2 0.5369791666666667 0.16458333333333333 0.12395833333333334
0 0.5458333333333333 0.6677083333333333 0.14791666666666667 0.11041666666666666
0 0.45208333333333334 0.8333333333333334 0.07916666666666666 0.18541666666666667
1 0.30104166666666665 0.7822916666666666 0.09375 0.10208333333333333
1 0.6177083333333333 0.8479166666666667 0.10416666666666667 0.09375
1 0.8489583333333334 0.8432291666666667 0.09166666666666666 0.084375
1 0.6947916666666667 0.41562499999999997 0.07083333333333333 0.058333333333333334
1 0.5203125 0.12604166666666666 0.06770833333333333 0.1125
