1 0.2359375 0.3208333333333333 0.07395833333333333 0.06041666666666667
1 0.7427083333333333 0.2760416666666667 0.05 0.0625
1 0.9239583333333333 0.6244791666666667 0.06041666666666667 0.08229166666666667
1 0.7140625 0.6895833333333333 0.08854166666666667 0.09166666666666666
1 0.24427083333333333 0.7395833333333334 0.07604166666666666 0.08125
0 0.2526041666666667 0.49166666666666664 0.140625 0.09791666666666667
0 0.38697916666666665 0.6010416666666667 0.07604166666666666 0.15
0 0.5463541666666667 0.6609375 0.078125 0.140625
0 0.553125 0.8671875 0.08541666666666667 0.16145833333333334
0 0.8442708333333333 0.7791666666666667 0.084375 0.15
0 0.8588541666666667 0.45208333333333334 0.11145833333333333 0.15208333333333332
0 0.7192708333333333 0.5213541666666667 0.103125 0.134375
0 0.5807291666666666 0.48020833333333335 0.11979166666666667 0.09375
0 0.6479166666666667 0.3078125 0.1125 0.109375
0 0.675 0.12239583333333333 0.10833333333333334 0.134375
0 0.49635416666666665 0.23906249999999998 0.06770833333333333 0.15520833333333334
0 0.3854166666666667 0.165625 0.11875 0.10416666666666667
0 0.3921875 0.33489583333333334 0.14479166666666665 0.08854166666666667
