1 0.8942708333333333 0.40208333333333335 0.06979166666666667 0.05625
1 0.7661458333333333 0.8781249999999999 0.096875 0.07083333333333333
1 0.23072916666666665 0.5979166666666667 0.08229166666666667 0.075
1 0.634375 0.2375 0.08541666666666667 0.07083333333333333
0 0.4276041666666667 0.18489583333333334 0.15729166666666666 0.06979166666666667
0 0.4317708333333333 0.3130208333333333 0.14479166666666665 0.084375
0 0.26979166666666665 0.3307291666666667 0.11875 0.09895833333333333
0 0.4088541666666667 0.5291666666666667 0.11145833333333333 0.14791666666666667
0 0.6744791666666666 0.4192708333333333 0.128125 0.096875
0 0.6546875 0.5932291666666667 0.159375 0.08229166666666667
0 0.8432291666666667 0.6630208333333333 0.14270833333333333 0.103125
0 0.6 0.7619791666666667 0.08958333333333333 0.13229166666666667
0 0.4088541666666667 0.75 0.15520833333333334 0.09375
