0 0.28541666666666665 0.17604166666666665 0.12708333333333333 0.14791666666666667
0 0.2989583333333333 0.40572916666666664 0.08541666666666667 0.17395833333333333
0 0.5302083333333333 0.4359375 0.17708333333333334 0.08645833333333333
0 0.76875 0.3765625 0.18333333333333332 0.08645833333333333
0 0.7453125 0.875 0.128125 0.15
0 0.45625 0.85 0.10416666666666667 0.17916666666666667
0 0.2609375 0.8057291666666666 0.15104166666666666 0.128125
1 0.225 0.5947916666666666 0.11666666666666667 0.07083333333333333
1 0.51875 0.5901041666666667 0.06875 0.10104166666666667
1 0.803125 0.6182291666666666 0.0875 0.08020833333333333
1 0.5432291666666667 0.17864583333333334 0.07395833333333333 0.09895833333333333
