0 0.2484375 0.3145833333333333 0.14479166666666665 0.07708333333333334
0 0.559375 0.2598958333333333 0.09791666666666667 0.14270833333333333
0 0.4661458333333333 0.3802083333333333 0.090625 0.12916666666666665
0 0.2942708333333333 0.5296875 0.121875 0.10729166666666666
0 0.4432291666666667 0.6083333333333333 0.096875 0.12916666666666665
0 0.7208333333333333 0.48593749999999997 0.13333333333333333 0.08645833333333333
0 0.8109375 0.6572916666666666 0.12395833333333334 0.10416666666666667
0 0.3958333333333333 0.7802083333333333 0.09375 0.12916666666666665
1 0.5723958333333333 0.73125 0.057291666666666664 0.11458333333333333
1 0.5416666666666666 0.490625 0.07083333333333333 0.05625
1 0.19010416666666666 0.7583333333333333 0.084375 0.06666666666666667
1 0.17395833333333333 0.4578125 0.07916666666666666 0.06354166666666666
