1 0.5161458333333333 0.34739583333333335 0.06145833333333333 0.08645833333333333
1 0.8072916666666666 0.4088541666666667 0.0875 0.06979166666666667
1 0.23385416666666667 0.7713541666666667 0.07395833333333333 0.06979166666666667
0 0.3052083333333333 0.23489583333333333 0.16666666666666666 0.08229166666666667
0 0.32395833333333335 0.41562499999999997 0.15 0.07083333333333333
0 0.5140625 0.5473958333333333 0.14895833333333333 0.08645833333333333
0 0.3802083333333333 0.6901041666666666 0.10625 0.12604166666666666
0 0.5401041666666666 0.7520833333333333 0.08020833333333333 0.15625
0 0.7489583333333333 0.7098958333333333 0.16458333333333333 0.09270833333333334
0 0.7171875 0.540625 0.13854166666666667 0.10625
0 0.6828125 0.24791666666666667 0.140625 0.09375
