0 0.5921875 0.18385416666666665 0.13229166666666667 0.071875
0 0.6640625 0.3416666666666667 0.071875 0.12916666666666665
0 0.5088541666666666 0.32760416666666664 0.08645833333333333 0.146875
0 0.603125 0.5302083333333333 0.06666666666666667 0.14791666666666667
0 0.7239583333333334 0.64375 0.14791666666666667 0.08541666666666667
0 0.8807291666666667 0.6265625 0.07395833333333333 0.13229166666666667
0 0.5786458333333333 0.7223958333333333 0.103125 0.12604166666666666
0 0.3598958333333333 0.5802083333333333 0.15104166666666666 0.07291666666666667
0 0.21979166666666666 0.46197916666666666 0.11458333333333333 0.121875
0 0.17395833333333333 0.6609375 0.09375 0.153125
0 0.3828125 0.3651041666666667 0.090625 0.121875
1 0.4109375 0.16197916666666667 0.078125 0.08229166666666667
1 0.8458333333333333 0.44635416666666666 0.08333333333333333 0.08229166666666667
1 0.38697916666666665 0.7734375 0.08854166666666667 0.07604166666666666
