1 0.5609375 0.2713541666666667 0.090625 0.10729166666666666
1 0.8791666666666667 0.5755208333333334 0.1 0.06979166666666667
1 0.5385416666666667 0.48802083333333335 0.07083333333333333 0.07395833333333333
1 0.48593749999999997 0.6817708333333333 0.096875 0.096875
1 0.21197916666666666 0.8177083333333334 0.084375 0.10208333333333333
0 0.2453125 0.5979166666666667 0.14270833333333333 0.12083333333333333
0 0.27760416666666665 0.42135416666666664 0.19270833333333334 0.07604166666666666
0 0.25625 0.1375 0.18958333333333333 0.08541666666666667
0 0.6770833333333334 0.146875 0.14791666666666667 0.125
0 0.8822916666666667 0.2916666666666667 0.15625 0.07708333333333334
0 0.740625 0.4083333333333333 0.09166666666666666 0.175
0 0.8703124999999999 0.7484375 0.18020833333333333 0.07604166666666666
0 0.6828125 0.7859375 0.128125 0.15520833333333334
0 0.44895833333333335 0.8765625 0.11875 0.14270833333333333
