0 0.27291666666666664 0.21822916666666667 0.15208333333333332 0.13854166666666667
0 0.19583333333333333 0.49114583333333334 0.08958333333333333 0.16979166666666667
0 0.33958333333333335 0.5505208333333333 0.09791666666666667 0.16354166666666667
0 0.5260416666666666 0.3677083333333333 0.16041666666666665 0.10208333333333333
0 0.6083333333333333 0.15572916666666667 0.13333333333333333 0.153125
0 0.6916666666666667 0.5286458333333334 0.15833333333333333 0.096875
0 0.9 0.5026041666666666 0.11041666666666666 0.15520833333333334
0 0.6005208333333333 0.7109375 0.14270833333333333 0.08020833333333333
0 0.4348958333333333 0.8661458333333333 0.17395833333333333 0.09270833333333334
1 0.21458333333333332 0.6973958333333333 0.0875 0.06979166666666667
1 0.8583333333333333 0.6869791666666667 0.0875 0.10104166666666667
1 0.8041666666666667 0.24583333333333332 0.1125 0.07916666666666666
