0 0.25729166666666664 0.2546875 0.09583333333333333 0.178125
0 0.40520833333333334 0.41041666666666665 0.10833333333333334 0.1625
0 0.7239583333333334 0.24375 0.18333333333333332 0.08333333333333333
0 0.6072916666666667 0.4192708333333333 0.1 0.14895833333333333
0 0.8067708333333333 0.4244791666666667 0.09270833333333334 0.14895833333333333
0 0.8479166666666667 0.6125 0.15625 0.07916666666666666
0 0.6942708333333333 0.7614583333333333 0.07395833333333333 0.17708333333333334
0 0.45677083333333335 0.8598958333333333 0.12395833333333334 0.10520833333333333
0 0.3140625 0.6588541666666666 0.109375 0.165625
1 0.23229166666666667 0.5145833333333333 0.08541666666666667 0.06458333333333333
1 0.5630208333333333 0.5692708333333333 0.08645833333333333 0.06979166666666667
1 0.8796875 0.7765625 0.07395833333333333 0.084375
1 0.5317708333333333 0.22708333333333333 0.071875 0.08541666666666667
