0 0.6765625 0.10677083333333333 0.165625 0.08229166666666667
0 0.6432291666666666 0.3520833333333333 0.15729166666666666 0.12291666666666666
0 0.43385416666666665 0.27708333333333335 0.17395833333333333 0.0875
0 0.26875 0.39791666666666664 0.13125 0.15625
0 0.2864583333333333 0.6947916666666667 0.2 0.08958333333333333
0 0.5453125 0.6317708333333333 0.12395833333333334 0.13854166666666667
0 0.8536458333333333 0.6609375 0.084375 0.171875
1 0.5364583333333334 0.8182291666666667 0.08333333333333333 0.096875
1 0.6453125 0.53125 0.08020833333333333 0.07291666666666667
1 0.8177083333333334 0.3854166666666667 0.09166666666666666 0.07916666666666666
1 0.35625 0.128125 0.09375 0.0875
