1 0.7869791666666667 0.4223958333333333 0.078125 0.07604166666666666
1 0.8729166666666667 0.6973958333333333 0.08333333333333333 0.071875
1 0.3625 0.3463541666666667 0.07708333333333334 0.096875
0 0.40520833333333334 0.4875 0.11458333333333333 0.12291666666666666
0 0.2942708333333333 0.6588541666666666 0.09479166666666666 0.134375
0 0.4671875 0.7817708333333333 0.07395833333333333 0.14895833333333333
0 0.6645833333333333 0.8125 0.16458333333333333 0.07916666666666666
0 0.5473958333333333 0.5692708333333333 0.078125 0.13645833333333332
0 0.7359375 0.5473958333333333 0.13645833333333332 0.090625
0 0.6614583333333334 0.31927083333333334 0.14166666666666666 0.06979166666666667
