1 0.5770833333333333 0.21770833333333334 0.0875 0.08541666666666667
1 0.5958333333333333 0.45 0.06458333333333333 0.08958333333333333
1 0.37395833333333334 0.5890625 0.06875 0.09270833333333334
1 0.9072916666666666 0.7208333333333333 0.08333333333333333 0.058333333333333334
0 0.36041666666666666 0.19322916666666667 0.15208333333333332 0.08020833333333333
0 0.22135416666666666 0.38229166666666664 0.10520833333333333 0.14791666666666667
0 0.4354166666666667 0.440625 0.10625 0.12708333333333333
0 0.38697916666666665 0.7671875 0.103125 0.140625
0 0.5442708333333334 0.6703125 0.071875 0.140625
0 0.71875 0.7677083333333333 0.0875 0.14791666666666667
0 0.8526041666666666 0.4895833333333333 0.065625 0.13541666666666666
0 0.8151041666666666 0.3177083333333333 0.14895833333333333 0.08541666666666667
