0 0.16614583333333333 0.575 0.08854166666666667 0.17291666666666666
0 0.16927083333333334 0.32708333333333334 0.14895833333333333 0.13333333333333333
0 0.2859375 0.103125 0.15729166666666666 0.07083333333333333
0 0.5770833333333333 0.10572916666666667 0.18125 0.090625
0 0.759375 0.3145833333333333 0.125 0.13541666666666666
0 0.8333333333333334 0.5151041666666667 0.14166666666666666 0.13020833333333334
0 0.8624999999999999 0.7296875 0.16458333333333333 0.103125
0 0.6255208333333333 0.6036458333333333 0.18020833333333333 0.09479166666666666
0 0.46979166666666666 0.4578125 0.12083333333333333 0.16145833333333334
0 0.2734375 0.8322916666666667 0.159375 0.1125
0 0.5333333333333333 0.8197916666666667 0.12291666666666666 0.16041666666666665
1 0.7255208333333333 0.8651041666666667 0.07395833333333333 0.109375
1 0.8197916666666667 0.1453125 0.06875 0.09895833333333333
