0 0.14947916666666666 0.2796875 0.134375 0.140625
0 0.3489583333333333 0.14635416666666667 0.16666666666666666 0.08229166666666667
0 0.3307291666666667 0.38125 0.13229166666666667 0.12291666666666666
0 0.5260416666666666 0.35572916666666665 0.14166666666666666 0.10104166666666667
0 0.8078124999999999 0.26145833333333335 0.16354166666666667 0.08125
0 0.671875 0.4848958333333333 0.16041666666666665 0.10520833333333333
0 0.8645833333333334 0.49583333333333335 0.15416666666666667 0.10833333333333334
0 0.8854166666666666 0.803125 0.15208333333333332 0.1
0 0.6723958333333333 0.6973958333333333 0.14479166666666665 0.11145833333333333
0 0.5375 0.596875 0.15833333333333333 0.08333333333333333
0 0.4588541666666667 0.7421875 0.140625 0.13229166666666667
0 0.24583333333333332 0.7828125 0.1875 0.08229166666666667
0 0.16302083333333334 0.6161458333333333 0.13854166666666667 0.11770833333333333
1 0.2942708333333333 0.5270833333333333 0.11354166666666667 0.08958333333333333
1 0.6255208333333333 0.1953125 0.06770833333333333 0.09479166666666666
