1 0.2916666666666667 0.75625 0.08333333333333333 0.075
0 0.4088541666666667 0.23697916666666666 0.13020833333333334 0.13229166666666667
0 0.2984375 0.3833333333333333 0.07604166666666666 0.15
0 0.3333333333333333 0.5671875 0.15833333333333333 0.078125
0 0.5421875 0.3416666666666667 0.15104166666666666 0.07708333333333334
0 0.5661458333333333 0.484375 0.08020833333333333 0.15208333333333332
0 0.6505208333333333 0.20677083333333332 0.11562499999999999 0.090625
0 0.7822916666666666 0.3578125 0.125 0.08854166666666667
0 0.8203125 0.5494791666666666 0.146875 0.07604166666666666
0 0.8348958333333333 0.7479166666666667 0.08020833333333333 0.14583333333333334
0 0.7020833333333333 0.6932291666666667 0.09166666666666666 0.146875
0 0.6729166666666666 0.8671875 0.14375 0.10729166666666666
0 0.5015625 0.7885416666666667 0.08229166666666667 0.14791666666666667
