0 0.3963541666666667 0.1578125 0.11354166666666667 0.15729166666666666
0 0.6010416666666667 0.14895833333333333 0.12916666666666665 0.16666666666666666
0 0.5411458333333333 0.3625 0.15104166666666666 0.11041666666666666
0 0.8395833333333333 0.42291666666666666 0.17083333333333334 0.08333333333333333
0 0.6786458333333333 0.71875 0.128125 0.1625
0 0.378125 0.7614583333333333 0.0875 0.15625
0 0.2 0.7223958333333333 0.1625 0.11562499999999999
0 0.165625 0.5276041666666667 0.14791666666666667 0.14895833333333333
0 0.20104166666666667 0.33489583333333334 0.17083333333333334 0.09895833333333333
1 0.175 0.13333333333333333 0.07083333333333333 0.11041666666666666
1 0.4203125 0.5208333333333334 0.08854166666666667 0.10833333333333334
1 0.6317708333333333 0.5583333333333333 0.090625 0.09375
1 0.5807291666666666 0.8744791666666667 0.096875 0.090625
1 0.8 0.18645833333333334 0.09583333333333333 0.0875
