0 0.23645833333333333 0.17760416666666667 0.09791666666666667 0.14479166666666665
0 0.521875 0.125 0.08333333333333333 0.1375
0 0.703125 0.29010416666666666 0.10208333333333333 0.121875
0 0.5541666666666667 0.3651041666666667 0.14583333333333334 0.078125
0 0.3385416666666667 0.3203125 0.13958333333333334 0.096875
0 0.48333333333333334 0.5015625 0.09583333333333333 0.14479166666666665
0 0.2875 0.5828125 0.17291666666666666 0.096875
0 0.5864583333333333 0.66875 0.16458333333333333 0.06458333333333333
0 0.7442708333333333 0.5822916666666667 0.14270833333333333 0.07291666666666667
0 0.721875 0.8380208333333333 0.09791666666666667 0.15729166666666666
0 0.41354166666666664 0.8520833333333333 0.10625 0.13958333333333334
0 0.7213541666666666 0.4661458333333333 0.14270833333333333 0.096875
1 0.8703124999999999 0.47812499999999997 0.071875 0.07916666666666666
1 0.7 0.11354166666666667 0.06666666666666667 0.08125
1 0.22083333333333333 0.4578125 0.08333333333333333 0.08645833333333333
