0 0.33489583333333334 0.31614583333333335 0.103125 0.14895833333333333
1 0.4421875 0.48802083333333335 0.10729166666666666 0.06979166666666667
0 0.5927083333333333 0.23906249999999998 0.16666666666666666 0.08854166666666667
0 0.7588541666666666 0.30364583333333334 0.121875 0.090625
0 0.528125 0.39739583333333334 0.14166666666666666 0.078125
0 0.2359375 0.5578125 0.08854166666666667 0.146875
0 0.3729166666666667 0.6880208333333333 0.1375 0.109375
0 0.503125 0.8161458333333333 0.11666666666666667 0.12604166666666666
0 0.6 0.5994791666666667 0.0875 0.14895833333333333
0 0.7557291666666667 0.7463541666666667 0.08229166666666667 0.13645833333333332
0 0.8223958333333333 0.5171875 0.14270833333333333 0.10104166666666667
