1 0.6973958333333333 0.0921875 0.07604166666666666 0.078125
1 0.5411458333333333 0.26197916666666665 0.08645833333333333 0.06979166666666667
1 0.8791666666666667 0.5479166666666666 0.06041666666666667 0.09583333333333333
1 0.7546875 0.64375 0.096875 0.09791666666666667
1 0.5494791666666666 0.7322916666666667 0.06979166666666667 0.09375
1 0.4828125 0.9083333333333333 0.084375 0.07708333333333334
1 0.22760416666666666 0.63125 0.07604166666666666 0.09791666666666667
0 0.3296875 0.16041666666666665 0.121875 0.1625
0 0.28802083333333334 0.425 0.128125 0.13333333333333333
0 0.4822916666666667 0.4765625 0.11666666666666667 0.12604166666666666
0 0.459375 0.6291666666666667 0.15833333333333333 0.09583333333333333
0 0.8744791666666667 0.20260416666666667 0.153125 0.10520833333333333
0 0.7697916666666667 0.371875 0.14791666666666667 0.0875
0 0.8916666666666666 0.7807291666666667 0.0875 0.153125
0 0.7328125 0.8927083333333333 0.109375 0.12708333333333333
0 0.2328125 0.8671875 0.15520833333333334 0.096875
