1 0.6984375 0.2557291666666667 0.078125 0.06145833333333333
1 0.225 0.5963541666666666 0.08958333333333333 0.05520833333333333
1 0.5890625 0.8260416666666667 0.09895833333333333 0.07708333333333334
1 0.7963541666666667 0.7333333333333333 0.05520833333333333 0.08333333333333333
0 0.21927083333333333 0.3067708333333333 0.090625 0.14479166666666665
0 0.3541666666666667 0.26979166666666665 0.07708333333333334 0.14166666666666666
0 0.5901041666666667 0.18333333333333332 0.121875 0.1
0 0.47604166666666664 0.38385416666666666 0.08958333333333333 0.15520833333333334
0 0.36041666666666666 0.5114583333333333 0.07916666666666666 0.15833333333333333
0 0.21510416666666665 0.7619791666666667 0.146875 0.096875
0 0.3692708333333333 0.7041666666666666 0.128125 0.10208333333333333
0 0.540625 0.628125 0.13333333333333333 0.10625
0 0.7302083333333333 0.6 0.13958333333333334 0.09791666666666667
0 0.6083333333333333 0.4973958333333333 0.13958333333333334 0.084375
0 0.7421875 0.43854166666666666 0.09479166666666666 0.12708333333333333
