1 0.4359375 0.11666666666666667 0.06770833333333333 0.08333333333333333
1 0.9421875 0.6625 0.07395833333333333 0.07708333333333334
1 0.22239583333333332 0.5619791666666667 0.06354166666666666 0.09270833333333334
1 0.5526041666666667 0.8942708333333333 0.065625 0.10104166666666667
0 0.26875 0.165625 0.125 0.12291666666666666
0 0.15885416666666666 0.38645833333333335 0.109375 0.12708333333333333
0 0.4765625 0.296875 0.090625 0.13333333333333333
0 0.6286458333333333 0.17552083333333332 0.134375 0.078125
0 0.8447916666666666 0.3234375 0.1 0.146875
0 0.7557291666666667 0.41041666666666665 0.08854166666666667 0.15
0 0.5895833333333333 0.4692708333333333 0.06666666666666667 0.121875
0 0.4317708333333333 0.46875 0.128125 0.11666666666666667
0 0.44687499999999997 0.6619791666666667 0.09791666666666667 0.153125
0 0.29583333333333334 0.7875 0.08541666666666667 0.14166666666666666
0 0.7166666666666667 0.6578125 0.10625 0.13645833333333332
