1 0.7005208333333334 0.41770833333333335 0.06979166666666667 0.09166666666666666
0 0.41510416666666666 0.30833333333333335 0.18645833333333334 0.06875
0 0.30052083333333335 0.4401041666666667 0.15520833333333334 0.109375
0 0.265625 0.5953125 0.13125 0.11770833333333333
0 0.4890625 0.6401041666666667 0.096875 0.13020833333333334
0 0.596875 0.5119791666666667 0.1375 0.057291666666666664
0 0.675 0.7520833333333333 0.11458333333333333 0.13333333333333333
0 0.4119791666666667 0.8619791666666666 0.08020833333333333 0.16145833333333334
0 0.8927083333333333 0.81875 0.13541666666666666 0.09166666666666666
0 0.8255208333333334 0.590625 0.07604166666666666 0.13125
0 0.646875 0.29270833333333335 0.13958333333333334 0.08541666666666667
