0 0.4114583333333333 0.17447916666666666 0.08333333333333333 0.153125
0 0.46822916666666664 0.3208333333333333 0.16145833333333334 0.06875
0 0.2796875 0.3286458333333333 0.134375 0.096875
0 0.5052083333333334 0.4921875 0.07291666666666667 0.16979166666666667
0 0.6401041666666667 0.5703125 0.13854166666666667 0.096875
0 0.7322916666666667 0.43697916666666664 0.125 0.09895833333333333
0 0.7927083333333333 0.6932291666666667 0.07083333333333333 0.15520833333333334
0 0.5963541666666666 0.6963541666666666 0.146875 0.09895833333333333
0 0.4046875 0.8520833333333333 0.084375 0.13541666666666666
0 0.22083333333333333 0.6713541666666667 0.09583333333333333 0.14479166666666665
1 0.28020833333333334 0.5270833333333333 0.06458333333333333 0.07708333333333334
1 0.7328125 0.24322916666666666 0.09270833333333334 0.07604166666666666
1 0.884375 0.5348958333333333 0.09166666666666666 0.065625
1 0.6828125 0.9067708333333333 0.08854166666666667 0.06979166666666667
