1 0.646875 0.18645833333333334 0.06458333333333333 0.08541666666666667
1 0.8552083333333333 0.4822916666666667 0.06875 0.05625
1 0.5692708333333333 0.8078124999999999 0.084375 0.065625
0 0.22083333333333333 0.20885416666666667 0.0625 0.134375
0 0.33177083333333335 0.4635416666666667 0.090625 0.13333333333333333
0 0.16666666666666666 0.5953125 0.10833333333333334 0.13645833333333332
0 0.5265625 0.2682291666666667 0.10104166666666667 0.121875
0 0.7927083333333333 0.3453125 0.08958333333333333 0.12395833333333334
0 0.6520833333333333 0.490625 0.08333333333333333 0.14375
0 0.5630208333333333 0.6328125 0.11979166666666667 0.09895833333333333
0 0.35625 0.7901041666666666 0.14583333333333334 0.08229166666666667
0 0.7859375 0.696875 0.14270833333333333 0.06875
