1 0.259375 0.4119791666666667 0.1 0.07604166666666666
1 0.40729166666666666 0.596875 0.0875 0.06666666666666667
1 0.8010416666666667 0.5010416666666666 0.08958333333333333 0.08125
0 0.3052083333333333 0.19427083333333334 0.15416666666666667 0.065625
0 0.584375 0.17447916666666666 0.11041666666666666 0.11770833333333333
0 0.71875 0.265625 0.07708333333333334 0.13125
0 0.6307291666666667 0.3989583333333333 0.128125 0.1125
0 0.4708333333333333 0.3567708333333333 0.07708333333333334 0.159375
0 0.5229166666666667 0.5140625 0.13958333333333334 0.07604166666666666
0 0.26927083333333335 0.6598958333333333 0.13020833333333334 0.103125
0 0.484375 0.7255208333333333 0.15 0.090625
0 0.7369791666666666 0.7505208333333333 0.140625 0.12604166666666666
