0 0.24895833333333334 0.484375 0.10833333333333334 0.13541666666666666
0 0.30364583333333334 0.23854166666666665 0.103125 0.14166666666666666
0 0.5401041666666666 0.24947916666666667 0.11354166666666667 0.13020833333333334
0 0.7203125 0.3572916666666667 0.12604166666666666 0.10833333333333334
0 0.6479166666666667 0.48593749999999997 0.075 0.140625
0 0.47604166666666664 0.55 0.08125 0.14166666666666666
0 0.2635416666666667 0.7828125 0.12916666666666665 0.078125
0 0.7244791666666667 0.7177083333333333 0.128125 0.12708333333333333
1 0.41510416666666666 0.33125 0.084375 0.09166666666666666
1 0.5177083333333333 0.7880208333333333 0.08541666666666667 0.06770833333333333
0 0.8140625 0.6114583333333333 0.06770833333333333 0.13333333333333333
