0 0.27708333333333335 0.24739583333333334 0.10833333333333334 0.10729166666666666
0 0.5270833333333333 0.2505208333333333 0.10416666666666667 0.11354166666666667
0 0.6619791666666667 0.30416666666666664 0.09479166666666666 0.11458333333333333
0 0.65625 0.47812499999999997 0.11666666666666667 0.07083333333333333
0 0.48333333333333334 0.4171875 0.12916666666666665 0.06145833333333333
0 0.7932291666666667 0.6109375 0.13020833333333334 0.08229166666666667
0 0.3333333333333333 0.6901041666666666 0.07291666666666667 0.11770833333333333
1 0.5625 0.8765625 0.06458333333333333 0.08020833333333333
1 0.8244791666666667 0.45260416666666664 0.07395833333333333 0.059375
1 0.3109375 0.4635416666666667 0.059375 0.06875
