0 0.2734375 0.21927083333333333 0.128125 0.09270833333333334
0 0.3072916666666667 0.3755208333333333 0.06458333333333333 0.153125
0 0.6208333333333333 0.22135416666666666 0.12083333333333333 0.10520833333333333
0 0.7072916666666667 0.44687499999999997 0.13958333333333334 0.08541666666666667
0 0.7760416666666666 0.6739583333333333 0.1 0.15
0 0.6041666666666666 0.7088541666666667 0.1 0.13645833333333332
0 0.48125 0.609375 0.14791666666666667 0.07708333333333334
0 0.36875 0.8166666666666667 0.1 0.13333333333333333
0 0.20885416666666667 0.7755208333333333 0.09895833333333333 0.146875
1 0.23697916666666666 0.5447916666666667 0.09270833333333334 0.08333333333333333
1 0.7598958333333333 0.8312499999999999 0.09479166666666666 0.07291666666666667
1 0.8557291666666667 0.5130208333333334 0.08229166666666667 0.07395833333333333
1 0.80625 0.321875 0.06041666666666667 0.0875
1 0.4614583333333333 0.14739583333333334 0.08541666666666667 0.06979166666666667
1 0.48541666666666666 0.3802083333333333 0.06041666666666667 0.08333333333333333
0 0.5447916666666667 0.4692708333333333 0.12708333333333333 0.09270833333333334
