1 0.44895833333333335 0.27760416666666665 0.06875 0.07604166666666666
1 0.7916666666666666 0.5229166666666667 0.06666666666666667 0.08125
1 0.6536458333333334 0.6583333333333333 0.071875 0.09583333333333333
1 0.3802083333333333 0.8322916666666667 0.08541666666666667 0.09375
0 0.4109375 0.6463541666666667 0.14895833333333333 0.08229166666666667
0 0.22604166666666667 0.5140625 0.09375 0.15104166666666666
0 0.5213541666666667 0.48385416666666664 0.140625 0.11354166666666667
0 0.7125 0.33697916666666666 0.13958333333333334 0.09270833333333334
0 0.6088541666666667 0.1953125 0.16979166666666667 0.06770833333333333
0 0.30416666666666664 0.21510416666666665 0.11458333333333333 0.11562499999999999
