0 0.2552083333333333 0.29010416666666666 0.10416666666666667 0.13229166666666667
0 0.34322916666666664 0.4348958333333333 0.134375 0.07604166666666666
0 0.509375 0.27239583333333334 0.08333333333333333 0.13020833333333334
0 0.5052083333333334 0.4145833333333333 0.06458333333333333 0.12083333333333333
0 0.7557291666666667 0.46197916666666666 0.09479166666666666 0.12604166666666666
0 0.6020833333333333 0.6135416666666667 0.09375 0.15
0 0.4557291666666667 0.7260416666666667 0.11354166666666667 0.13541666666666666
0 0.2682291666666667 0.8229166666666666 0.11770833333333333 0.10625
0 0.8135416666666666 0.7213541666666666 0.16666666666666666 0.078125
1 0.7098958333333333 0.8125 0.090625 0.06875
1 0.2953125 0.584375 0.08229166666666667 0.07083333333333333
1 0.6385416666666667 0.2984375 0.06666666666666667 0.06354166666666666
