0 0.6526041666666667 0.4 0.090625 0.13333333333333333
0 0.3229166666666667 0.3255208333333333 0.07083333333333333 0.128125
0 0.31875 0.48802083333333335 0.13541666666666666 0.07395833333333333
0 0.31145833333333334 0.6401041666666667 0.12083333333333333 0.08020833333333333
0 0.5067708333333333 0.45208333333333334 0.05520833333333333 0.14375
0 0.5286458333333334 0.6276041666666666 0.11354166666666667 0.11354166666666667
0 0.7041666666666666 0.6078125 0.12291666666666666 0.08645833333333333
0 0.44947916666666665 0.796875 0.090625 0.13333333333333333
0 0.29375 0.8604166666666666 0.07291666666666667 0.14583333333333334
1 0.14791666666666667 0.7192708333333333 0.07291666666666667 0.084375
1 0.6307291666666667 0.8807291666666667 0.07604166666666666 0.07604166666666666
1 0.7479166666666667 0.7421875 0.05625 0.065625
1 0.4786458333333333 0.21510416666666665 0.071875 0.057291666666666664
