0 0.1140625 0.22343749999999998 0.08229166666666667 0.17395833333333333
0 0.39739583333333334 0.3 0.17604166666666665 0.08958333333333333
0 0.6161458333333333 0.26979166666666665 0.15729166666666666 0.10208333333333333
0 0.8265625 0.5 0.13020833333333334 0.13958333333333334
0 0.8869791666666667 0.7692708333333333 0.153125 0.11770833333333333
0 0.6770833333333334 0.7255208333333333 0.09375 0.178125
0 0.6786458333333333 0.8942708333333333 0.15729166666666666 0.13229166666666667
0 0.38958333333333334 0.8307291666666666 0.15625 0.11979166666666667
0 0.5109375 0.5713541666666666 0.08854166666666667 0.17604166666666665
0 0.17864583333333334 0.6822916666666666 0.18645833333333334 0.11875
1 0.11927083333333333 0.4171875 0.10520833333333333 0.10520833333333333
1 0.3296875 0.5119791666666667 0.09479166666666666 0.103125
1 0.4192708333333333 0.07552083333333333 0.09270833333333334 0.08854166666666667
1 0.8463541666666666 0.3463541666666667 0.06979166666666667 0.09895833333333333
