1 0.7 0.5010416666666666 0.0875 0.10833333333333334
2 0.5265625 0.4973958333333333 0.034375 0.08645833333333333
0 0.2838541666666667 0.20520833333333333 0.07604166666666666 0.19375
0 0.20572916666666666 0.38697916666666665 0.17395833333333333 0.08229166666666667
0 0.43072916666666666 0.2552083333333333 0.08645833333333333 0.16041666666666665
0 0.5864583333333333 0.3109375 0.11458333333333333 0.146875
0 0.7442708333333333 0.13697916666666665 0.10104166666666667 0.146875
0 0.775 0.3208333333333333 0.1375 0.10416666666666667
0 0.8203125 0.6526041666666667 0.18854166666666666 0.096875
0 0.7885416666666667 0.7890625 0.16458333333333333 0.10520833333333333
0 0.5333333333333333 0.8 0.13541666666666666 0.14583333333333334
0 0.25729166666666664 0.7880208333333333 0.15625 0.13229166666666667
0 0.38385416666666666 0.553125 0.165625 0.09791666666666667
0 0.1859375 0.6161458333333333 0.146875 0.15520833333333334
