0 0.28802083333333334 0.23385416666666667 0.17604166666666665 0.084375
0 0.1546875 0.475 0.13645833333333332 0.16875
0 0.26979166666666665 0.8109375 0.19583333333333333 0.09270833333333334
0 0.5411458333333333 0.42083333333333334 0.121875 0.15
0 0.6541666666666667 0.14583333333333334 0.10833333333333334 0.17916666666666667
0 0.771875 0.5411458333333333 0.16666666666666666 0.096875
0 0.8322916666666667 0.74375 0.1625 0.0875
0 0.6239583333333333 0.8536458333333333 0.0875 0.18020833333333333
1 0.42604166666666665 0.6171875 0.12083333333333333 0.12395833333333334
1 0.8541666666666666 0.3171875 0.09583333333333333 0.090625
