1 0.6234375 0.4973958333333333 0.06979166666666667 0.05520833333333333
1 0.7625 0.5348958333333333 0.07708333333333334 0.06145833333333333
1 0.7682291666666666 0.78125 0.059375 0.05
1 0.25729166666666664 0.4953125 0.06875 0.071875
0 0.3734375 0.22239583333333332 0.10729166666666666 0.096875
0 0.19427083333333334 0.3515625 0.109375 0.07395833333333333
0 0.33697916666666666 0.43333333333333335 0.051041666666666666 0.11875
0 0.45416666666666666 0.371875 0.08333333333333333 0.08541666666666667
0 0.5807291666666666 0.2947916666666667 0.08645833333333333 0.10625
0 0.5885416666666666 0.39427083333333335 0.10625 0.053125
0 0.6989583333333333 0.4005208333333333 0.06458333333333333 0.109375
0 0.7947916666666667 0.6552083333333333 0.09791666666666667 0.1
0 0.5286458333333334 0.5046875 0.09270833333333334 0.08645833333333333
0 0.6463541666666667 0.6088541666666667 0.06145833333333333 0.09895833333333333
0 0.6645833333333333 0.7947916666666667 0.05625 0.11666666666666667
0 0.5645833333333333 0.7802083333333333 0.06041666666666667 0.12083333333333333
0 0.484375 0.7473958333333334 0.05 0.11145833333333333
0 0.3848958333333333 0.6026041666666666 0.090625 0.08229166666666667
0 0.20625 0.6546875 0.11666666666666667 0.059375
0 0.31875 0.765625 0.11666666666666667 0.06875
