0 0.42916666666666664 0.30833333333333335 0.10833333333333334 0.10625
0 0.6239583333333333 0.2869791666666667 0.12708333333333333 0.08645833333333333
0 0.45 0.5223958333333333 0.07708333333333334 0.14479166666666665
0 0.3286458333333333 0.6416666666666666 0.090625 0.13333333333333333
0 0.3536458333333333 0.8192708333333333 0.084375 0.134375
0 0.6489583333333333 0.8598958333333333 0.12291666666666666 0.09895833333333333
0 0.8416666666666667 0.7614583333333333 0.1375 0.1
0 0.6145833333333334 0.5109375 0.0875 0.128125
0 0.7921875 0.403125 0.140625 0.09791666666666667
1 0.825 0.6020833333333333 0.07291666666666667 0.075
1 0.7901041666666666 0.23385416666666667 0.07604166666666666 0.057291666666666664
1 0.2984375 0.40781249999999997 0.07395833333333333 0.06354166666666666
