0 0.1984375 0.20833333333333334 0.17395833333333333 0.08541666666666667
0 0.20104166666666667 0.47552083333333334 0.15416666666666667 0.090625
0 0.3671875 0.4083333333333333 0.09895833333333333 0.16666666666666666
0 0.2125 0.6796875 0.17708333333333334 0.09479166666666666
0 0.3802083333333333 0.7989583333333333 0.10833333333333334 0.16041666666666665
0 0.5911458333333334 0.6848958333333334 0.11562499999999999 0.171875
0 0.6098958333333333 0.9229166666666666 0.171875 0.08125
0 0.7770833333333333 0.6125 0.08541666666666667 0.16041666666666665
0 0.9114583333333334 0.5015625 0.1125 0.15104166666666666
0 0.6385416666666667 0.3921875 0.16875 0.11145833333333333
0 0.5052083333333334 0.14791666666666667 0.08958333333333333 0.17291666666666666
1 0.675 0.09635416666666667 0.07083333333333333 0.096875
1 0.803125 0.24166666666666667 0.0875 0.08125
1 0.8328125 0.809375 0.08854166666666667 0.06041666666666667
2 0.54375 0.55 0.03125 0.08541666666666667
