1 0.5713541666666666 0.2109375 0.06145833333333333 0.08854166666666667
1 0.6072916666666667 0.7333333333333333 0.07708333333333334 0.08125
0 0.3125 0.1671875 0.11875 0.140625
0 0.45260416666666664 0.3729166666666667 0.13645833333333332 0.11458333333333333
0 0.2630208333333333 0.4458333333333333 0.12395833333333334 0.10833333333333334
0 0.36302083333333335 0.603125 0.090625 0.17291666666666666
0 0.3125 0.7703125 0.14791666666666667 0.07604166666666666
0 0.43124999999999997 0.8875 0.16041666666666665 0.07916666666666666
0 0.8755208333333333 0.7098958333333333 0.14270833333333333 0.109375
0 0.7364583333333333 0.6338541666666666 0.08125 0.14270833333333333
0 0.7796875 0.4515625 0.11979166666666667 0.09270833333333334
0 0.6005208333333333 0.475 0.14270833333333333 0.07916666666666666
0 0.7276041666666666 0.24166666666666667 0.14479166666666665 0.09583333333333333
