0 0.46822916666666664 0.16302083333333334 0.13645833333333332 0.08229166666666667
0 0.7114583333333333 0.22552083333333334 0.07708333333333334 0.14479166666666665
0 0.5010416666666666 0.3802083333333333 0.14791666666666667 0.075
0 0.221875 0.4458333333333333 0.14375 0.09166666666666666
0 0.1734375 0.6479166666666667 0.146875 0.07916666666666666
0 0.4583333333333333 0.7291666666666666 0.14583333333333334 0.07708333333333334
0 0.30572916666666666 0.8494791666666667 0.11562499999999999 0.13020833333333334
0 0.7151041666666667 0.778125 0.08854166666666667 0.15
1 0.7859375 0.47760416666666666 0.10729166666666666 0.090625
1 0.6078125 0.4791666666666667 0.10104166666666667 0.08541666666666667
1 0.30885416666666665 0.2505208333333333 0.06979166666666667 0.096875
