1 0.25677083333333334 0.46197916666666666 0.08854166666666667 0.08229166666666667
1 0.6182291666666666 0.6510416666666666 0.09270833333333334 0.08958333333333333
0 0.29635416666666664 0.19739583333333333 0.096875 0.171875
0 0.509375 0.26666666666666666 0.11875 0.17291666666666666
0 0.7119791666666666 0.2625 0.14270833333333333 0.08125
0 0.8692708333333333 0.4458333333333333 0.12395833333333334 0.15625
0 0.6880208333333333 0.5104166666666666 0.146875 0.11458333333333333
0 0.4614583333333333 0.4432291666666667 0.12916666666666665 0.11979166666666667
0 0.41562499999999997 0.6479166666666667 0.15625 0.0875
0 0.21510416666666665 0.7911458333333333 0.14270833333333333 0.103125
0 0.5020833333333333 0.8848958333333333 0.16666666666666666 0.09270833333333334
0 0.8151041666666666 0.7604166666666666 0.109375 0.12916666666666665
