0 0.3104166666666667 0.23906249999999998 0.11458333333333333 0.059375
0 0.28854166666666664 0.37395833333333334 0.1125 0.08125
0 0.44114583333333335 0.3520833333333333 0.06354166666666666 0.10833333333333334
0 0.6015625 0.34270833333333334 0.06979166666666667 0.09583333333333333
0 0.7161458333333334 0.3890625 0.065625 0.109375
0 0.22291666666666665 0.6114583333333333 0.05625 0.11666666666666667
0 0.35520833333333335 0.6625 0.08541666666666667 0.1125
0 0.5583333333333333 0.5895833333333333 0.12083333333333333 0.06041666666666667
0 0.7453125 0.5927083333333333 0.057291666666666664 0.12083333333333333
0 0.5734375 0.809375 0.053125 0.11041666666666666
1 0.49166666666666664 0.5057291666666667 0.05625 0.046875
1 0.6192708333333333 0.17864583333333334 0.06145833333333333 0.051041666666666666
1 0.4458333333333333 0.14427083333333332 0.058333333333333334 0.07604166666666666
