1 0.8041666666666667 0.453125 0.06666666666666667 0.06458333333333333
1 0.6447916666666667 0.5208333333333334 0.10416666666666667 0.07083333333333333
1 0.24375 0.703125 0.1 0.07083333333333333
0 0.21822916666666667 0.3833333333333333 0.13645833333333332 0.10625
0 0.3541666666666667 0.21666666666666667 0.09583333333333333 0.1375
0 0.5734375 0.23489583333333333 0.13645833333333332 0.090625
0 0.75 0.22552083333333334 0.14375 0.11145833333333333
0 0.5901041666666667 0.3848958333333333 0.084375 0.13854166666666667
0 0.4197916666666667 0.4171875 0.125 0.090625
0 0.4140625 0.5901041666666667 0.08020833333333333 0.13854166666666667
0 0.4583333333333333 0.7932291666666667 0.1 0.128125
0 0.66875 0.7864583333333334 0.15625 0.09583333333333333
0 0.7432291666666666 0.6265625 0.08020833333333333 0.11354166666666667
0 0.9171874999999999 0.6744791666666666 0.103125 0.14479166666666665
