0 0.21302083333333333 0.2677083333333333 0.11770833333333333 0.15416666666666667
0 0.45208333333333334 0.20208333333333334 0.14375 0.12083333333333333
0 0.7130208333333333 0.31354166666666666 0.16354166666666667 0.09166666666666666
0 0.7822916666666666 0.5270833333333333 0.16458333333333333 0.10833333333333334
0 0.5604166666666667 0.5239583333333333 0.13125 0.15
0 0.2546875 0.515625 0.109375 0.16666666666666666
0 0.2661458333333333 0.753125 0.14479166666666665 0.12916666666666665
0 0.4635416666666667 0.7421875 0.14375 0.13020833333333334
1 0.42552083333333335 0.3541666666666667 0.07395833333333333 0.10208333333333333
1 0.6234375 0.7432291666666666 0.06770833333333333 0.084375
1 0.8677083333333333 0.7067708333333333 0.09375 0.090625
