1 0.34010416666666665 0.49583333333333335 0.051041666666666666 0.07291666666666667
1 0.7385416666666667 0.4239583333333333 0.0875 0.058333333333333334
1 0.7994791666666666 0.6677083333333333 0.06979166666666667 0.06666666666666667
0 0.41562499999999997 0.3776041666666667 0.11875 0.09270833333333334
0 0.5583333333333333 0.2973958333333333 0.07083333333333333 0.128125
0 0.6796875 0.2765625 0.128125 0.08020833333333333
0 0.6026041666666666 0.5046875 0.071875 0.13020833333333334
0 0.775 0.5473958333333333 0.07291666666666667 0.13645833333333332
0 0.7135416666666666 0.7885416666666667 0.12916666666666665 0.11458333333333333
0 0.5151041666666667 0.696875 0.11770833333333333 0.12291666666666666
0 0.3203125 0.659375 0.14270833333333333 0.0875
