0 0.45260416666666664 0.225 0.140625 0.0875
0 0.2739583333333333 0.2598958333333333 0.15625 0.06770833333333333
0 0.2875 0.41822916666666665 0.13958333333333334 0.09479166666666666
0 0.28489583333333335 0.6171875 0.15520833333333334 0.078125
0 0.49947916666666664 0.5197916666666667 0.084375 0.12708333333333333
0 0.6447916666666667 0.4505208333333333 0.15208333333333332 0.071875
0 0.8078124999999999 0.3463541666666667 0.14270833333333333 0.078125
0 0.7385416666666667 0.7541666666666667 0.11875 0.125
0 0.47552083333333334 0.7770833333333333 0.11145833333333333 0.1125
1 0.22760416666666666 0.8208333333333333 0.09895833333333333 0.07916666666666666
1 0.81875 0.5395833333333333 0.06666666666666667 0.07708333333333334
1 0.634375 0.3182291666666667 0.075 0.08645833333333333
