1 0.41041666666666665 0.21875 0.058333333333333334 0.0625
1 0.6989583333333333 0.5 0.08125 0.05625
0 0.2296875 0.3442708333333333 0.13020833333333334 0.09895833333333333
0 0.22395833333333334 0.5 0.07083333333333333 0.14375
0 0.43645833333333334 0.3614583333333333 0.09166666666666666 0.125
0 0.6994791666666667 0.2520833333333333 0.14895833333333333 0.08541666666666667
0 0.8520833333333333 0.5057291666666667 0.11041666666666666 0.121875
0 0.8046875 0.6421875 0.121875 0.13020833333333334
0 0.7671875 0.7494791666666667 0.13854166666666667 0.109375
0 0.48541666666666666 0.5651041666666666 0.12291666666666666 0.08020833333333333
0 0.46249999999999997 0.7125 0.15 0.075
0 0.234375 0.721875 0.15416666666666667 0.1
0 0.2911458333333333 0.8713541666666667 0.11145833333333333 0.146875
0 0.4973958333333333 0.8770833333333333 0.128125 0.09791666666666667
