1 0.45208333333333334 0.22604166666666667 0.0875 0.08125
1 0.8494791666666667 0.37135416666666665 0.078125 0.08229166666666667
1 0.6369791666666667 0.8041666666666667 0.08020833333333333 0.08125
1 0.1875 0.7885416666666667 0.08958333333333333 0.06666666666666667
1 0.146875 0.5760416666666667 0.08541666666666667 0.10625
0 0.23229166666666667 0.25104166666666666 0.16666666666666666 0.11458333333333333
0 0.4088541666666667 0.4046875 0.09270833333333334 0.153125
0 0.3 0.5364583333333334 0.08125 0.15833333333333333
0 0.43072916666666666 0.7666666666666666 0.08854166666666667 0.15
0 0.5416666666666666 0.6203125 0.08541666666666667 0.165625
0 0.7296875 0.703125 0.15520833333333334 0.09791666666666667
0 0.8864583333333333 0.6432291666666666 0.17083333333333334 0.10520833333333333
0 0.6578125 0.5057291666666667 0.17395833333333333 0.08854166666666667
0 0.609375 0.3463541666666667 0.15208333333333332 0.11562499999999999
0 0.7953125 0.19375 0.084375 0.16875
