1 0.209375 0.43854166666666666 0.08958333333333333 0.06875
1 0.765625 0.3541666666666667 0.10208333333333333 0.075
1 0.8932291666666666 0.49947916666666664 0.08229166666666667 0.07604166666666666
0 0.4354166666666667 0.12083333333333333 0.11875 0.14583333333333334
0 0.30364583333333334 0.24114583333333334 0.103125 0.134375
0 0.6828125 0.19375 0.14895833333333333 0.07916666666666666
0 0.5338541666666666 0.4270833333333333 0.146875 0.09791666666666667
0 0.6229166666666667 0.5640625 0.08541666666666667 0.14895833333333333
0 0.7760416666666666 0.6536458333333334 0.19791666666666666 0.08854166666666667
0 0.6692708333333334 0.8338541666666667 0.11354166666666667 0.134375
0 0.43072916666666666 0.6380208333333334 0.07604166666666666 0.16145833333333334
0 0.421875 0.8677083333333333 0.17083333333333334 0.0875
0 0.24270833333333333 0.6572916666666666 0.1 0.1625
