0 0.37916666666666665 0.3255208333333333 0.13333333333333333 0.11354166666666667
0 0.5489583333333333 0.3140625 0.07291666666666667 0.14479166666666665
0 0.8312499999999999 0.490625 0.10416666666666667 0.13541666666666666
0 0.5463541666666667 0.6098958333333333 0.153125 0.090625
0 0.30572916666666666 0.6380208333333334 0.08020833333333333 0.14895833333333333
0 0.49322916666666666 0.8192708333333333 0.14270833333333333 0.08645833333333333
1 0.7869791666666667 0.7958333333333333 0.07395833333333333 0.10208333333333333
1 0.7213541666666666 0.3651041666666667 0.06354166666666666 0.09895833333333333
1 0.5515625 0.48072916666666665 0.057291666666666664 0.042708333333333334
1 0.2708333333333333 0.44479166666666664 0.08541666666666667 0.07291666666666667
