0 0.5828125 0.203125 0.14479166666666665 0.09583333333333333
0 0.6364583333333333 0.42343749999999997 0.1125 0.13645833333333332
0 0.47239583333333335 0.30625 0.134375 0.08958333333333333
0 0.38177083333333334 0.38125 0.096875 0.1375
0 0.2916666666666667 0.5307291666666667 0.11041666666666666 0.11979166666666667
0 0.22083333333333333 0.6723958333333333 0.09375 0.14270833333333333
0 0.371875 0.8375 0.07291666666666667 0.15
0 0.4973958333333333 0.7182291666666667 0.13645833333333332 0.11145833333333333
0 0.6817708333333333 0.6130208333333333 0.09270833333333334 0.134375
0 0.853125 0.53125 0.14583333333333334 0.07916666666666666
1 0.7052083333333333 0.8083333333333333 0.09791666666666667 0.07291666666666667
1 0.7651041666666667 0.22083333333333333 0.08854166666666667 0.075
1 0.253125 0.29791666666666666 0.08958333333333333 0.06875
