0 0.5083333333333333 0.2505208333333333 0.07916666666666666 0.146875
0 0.3755208333333333 0.31614583333333335 0.08854166666666667 0.153125
0 0.2557291666666667 0.4083333333333333 0.14270833333333333 0.09583333333333333
0 0.321875 0.6020833333333333 0.15 0.08125
0 0.3151041666666667 0.7739583333333333 0.10729166666666666 0.15833333333333333
0 0.5078125 0.8770833333333333 0.140625 0.11041666666666666
0 0.7916666666666666 0.7989583333333333 0.08125 0.16041666666666665
0 0.6348958333333333 0.6692708333333334 0.071875 0.14895833333333333
0 0.6208333333333333 0.4010416666666667 0.10208333333333333 0.12291666666666666
0 0.8114583333333333 0.4005208333333333 0.09583333333333333 0.146875
1 0.296875 0.134375 0.07083333333333333 0.08333333333333333
1 0.7796875 0.23124999999999998 0.078125 0.07916666666666666
1 0.8364583333333333 0.5854166666666667 0.09375 0.0875
1 0.540625 0.5854166666666667 0.06666666666666667 0.08125
