0 0.22760416666666666 0.27708333333333335 0.14270833333333333 0.06458333333333333
0 0.15885416666666666 0.40625 0.109375 0.12916666666666665
0 0.42291666666666666 0.4359375 0.13333333333333333 0.08854166666666667
0 0.625 0.371875 0.13541666666666666 0.09583333333333333
0 0.2677083333333333 0.6338541666666666 0.12916666666666665 0.090625
0 0.6317708333333333 0.5375 0.146875 0.07708333333333334
0 0.6135416666666667 0.7119791666666666 0.0875 0.13645833333333332
0 0.42916666666666664 0.8052083333333333 0.13125 0.12916666666666665
1 0.5166666666666666 0.23697916666666666 0.06458333333333333 0.053125
1 0.79375 0.7046875 0.06458333333333333 0.08020833333333333
1 0.44427083333333334 0.6375 0.08229166666666667 0.06875
1 0.1703125 0.8072916666666666 0.06979166666666667 0.06458333333333333
