1 0.3697916666666667 0.45677083333333335 0.07708333333333334 0.10729166666666666
1 0.5765625 0.8937499999999999 0.11145833333333333 0.0875
1 0.359375 0.19427083333333334 0.075 0.11562499999999999
0 0.15989583333333332 0.2796875 0.128125 0.134375
0 0.16770833333333332 0.4864583333333333 0.07916666666666666 0.15208333333333332
0 0.50625 0.34739583333333335 0.14791666666666667 0.08020833333333333
0 0.61875 0.14114583333333333 0.10208333333333333 0.17395833333333333
0 0.8505208333333333 0.2760416666666667 0.146875 0.07083333333333333
0 0.8729166666666667 0.5875 0.11875 0.13125
0 0.7046875 0.7052083333333333 0.11145833333333333 0.16458333333333333
0 0.4317708333333333 0.665625 0.10104166666666667 0.16666666666666666
0 0.3385416666666667 0.8161458333333333 0.08958333333333333 0.16354166666666667
