0 0.7354166666666666 0.2713541666666667 0.16458333333333333 0.09895833333333333
0 0.6791666666666667 0.4765625 0.16458333333333333 0.084375
0 0.8677083333333333 0.6458333333333334 0.08333333333333333 0.16666666666666666
0 0.5697916666666667 0.6239583333333333 0.12916666666666665 0.15
0 0.3328125 0.7338541666666667 0.18020833333333333 0.07604166666666666
0 0.38697916666666665 0.3723958333333333 0.128125 0.12604166666666666
0 0.22447916666666667 0.3645833333333333 0.11562499999999999 0.13333333333333333
1 0.33125 0.17083333333333334 0.10416666666666667 0.10833333333333334
1 0.5067708333333333 0.26458333333333334 0.11145833333333333 0.07083333333333333
1 0.4010416666666667 0.5458333333333333 0.11041666666666666 0.07708333333333334
1 0.15885416666666666 0.6015625 0.12604166666666666 0.07395833333333333
1 0.5328125 0.8322916666666667 0.10104166666666667 0.08125
1 0.7739583333333333 0.7890625 0.06875 0.11562499999999999
