0 0.6447916666666667 0.1015625 0.06875 0.13854166666666667
0 0.71875 0.296875 0.16041666666666665 0.06666666666666667
0 0.8015625 0.3984375 0.11979166666666667 0.06770833333333333
0 0.8359375 0.5932291666666667 0.16770833333333332 0.078125
0 0.6875 0.4864583333333333 0.1 0.09583333333333333
0 0.6979166666666666 0.6145833333333334 0.08333333333333333 0.1375
0 0.5635416666666666 0.3609375 0.14375 0.090625
0 0.3375 0.25 0.12708333333333333 0.11041666666666666
0 0.20833333333333334 0.434375 0.125 0.12083333333333333
0 0.34010416666666665 0.4630208333333333 0.08645833333333333 0.13854166666666667
0 0.346875 0.6260416666666666 0.09375 0.12708333333333333
0 0.5567708333333333 0.7484375 0.096875 0.12604166666666666
0 0.5088541666666666 0.9015624999999999 0.140625 0.09895833333333333
0 0.3364583333333333 0.7713541666666667 0.15833333333333333 0.08020833333333333
1 0.20625 0.7239583333333334 0.08125 0.10625
1 0.8369791666666666 0.8026041666666667 0.07395833333333333 0.09479166666666666
1 0.5651041666666666 0.5515625 0.057291666666666664 0.05520833333333333
1 0.4203125 0.1875 0.06770833333333333 0.08958333333333333
