1 0.5875 0.20104166666666667 0.07291666666666667 0.07291666666666667
1 0.8916666666666666 0.4328125 0.06458333333333333 0.06979166666666667
1 0.684375 0.8239583333333333 0.075 0.06666666666666667
1 0.35052083333333334 0.7302083333333333 0.059375 0.0625
0 0.45 0.20885416666666667 0.0875 0.13645833333333332
0 0.34791666666666665 0.3223958333333333 0.08333333333333333 0.153125
0 0.23020833333333332 0.4114583333333333 0.10416666666666667 0.125
0 0.2609375 0.6005208333333333 0.121875 0.12395833333333334
0 0.4661458333333333 0.5026041666666666 0.13854166666666667 0.090625
0 0.4640625 0.7515625 0.078125 0.16145833333333334
0 0.634375 0.48541666666666666 0.08958333333333333 0.15416666666666667
0 0.728125 0.38958333333333334 0.13541666666666666 0.09583333333333333
0 0.7489583333333333 0.24166666666666667 0.07291666666666667 0.14166666666666666
0 0.8572916666666667 0.6140625 0.08333333333333333 0.134375
0 0.7083333333333334 0.6640625 0.15 0.078125
