1 0.4614583333333333 0.13072916666666667 0.125 0.09270833333333334
1 0.8151041666666666 0.8427083333333333 0.09895833333333333 0.07916666666666666
1 0.37604166666666666 0.8791666666666667 0.09166666666666666 0.08958333333333333
0 0.271875 0.18385416666666665 0.17916666666666667 0.10104166666666667
0 0.20989583333333334 0.38229166666666664 0.08854166666666667 0.16041666666666665
0 0.2015625 0.6010416666666667 0.09270833333333334 0.17291666666666666
0 0.19947916666666665 0.7630208333333334 0.16354166666666667 0.128125
0 0.3921875 0.6192708333333333 0.08645833333333333 0.165625
0 0.4817708333333333 0.3296875 0.09270833333333334 0.159375
0 0.7765625 0.18697916666666667 0.15104166666666666 0.09479166666666666
0 0.8901041666666667 0.3421875 0.103125 0.16979166666666667
0 0.8494791666666667 0.5645833333333333 0.09479166666666666 0.16875
0 0.7114583333333333 0.4713541666666667 0.08125 0.153125
0 0.5796875 0.5270833333333333 0.11145833333333333 0.16041666666666665
0 0.6755208333333333 0.7760416666666666 0.128125 0.16041666666666665
