1 0.2015625 0.28072916666666664 0.09270833333333334 0.06145833333333333
1 0.8624999999999999 0.3078125 0.08333333333333333 0.07395833333333333
1 0.634375 0.6223958333333334 0.08541666666666667 0.08645833333333333
1 0.24895833333333334 0.7880208333333333 0.08958333333333333 0.09895833333333333
0 0.26145833333333335 0.4145833333333333 0.15625 0.08541666666666667
0 0.3515625 0.19583333333333333 0.08020833333333333 0.14583333333333334
0 0.5416666666666666 0.14166666666666666 0.10416666666666667 0.15208333333333332
0 0.7244791666666667 0.23020833333333332 0.11562499999999999 0.11458333333333333
0 0.49322916666666666 0.328125 0.17604166666666665 0.1
0 0.703125 0.46510416666666665 0.175 0.084375
0 0.46770833333333334 0.5713541666666666 0.06875 0.159375
0 0.2791666666666667 0.5682291666666667 0.16041666666666665 0.10104166666666667
0 0.4395833333333333 0.7640625 0.10833333333333334 0.140625
0 0.6802083333333333 0.8822916666666667 0.15833333333333333 0.10416666666666667
0 0.8286458333333333 0.7385416666666667 0.16354166666666667 0.08125
0 0.9302083333333333 0.5057291666666667 0.08958333333333333 0.15104166666666666
