1 0.44375 0.25625 0.07291666666666667 0.09375
1 0.6802083333333333 0.4244791666666667 0.11458333333333333 0.06770833333333333
1 0.8338541666666667 0.8354166666666667 0.078125 0.07291666666666667
1 0.4635416666666667 0.803125 0.07708333333333334 0.09583333333333333
1 0.17552083333333332 0.5130208333333334 0.090625 0.08229166666666667
0 0.2578125 0.24479166666666666 0.16145833333333334 0.11041666666666666
0 0.6203125 0.17708333333333334 0.153125 0.14166666666666666
0 0.8541666666666666 0.34322916666666664 0.13333333333333333 0.153125
0 0.7744791666666666 0.5942708333333333 0.15520833333333334 0.14270833333333333
0 0.540625 0.4713541666666667 0.10833333333333334 0.16770833333333332
0 0.2989583333333333 0.42083333333333334 0.1125 0.17083333333333334
0 0.2635416666666667 0.7171875 0.15208333333333332 0.13645833333333332
0 0.6276041666666666 0.7807291666666667 0.090625 0.16770833333333332
