1 0.6723958333333333 0.11562499999999999 0.10729166666666666 0.07708333333333334
1 0.8229166666666666 0.25104166666666666 0.0875 0.07083333333333333
1 0.8791666666666667 0.6255208333333333 0.10416666666666667 0.08020833333333333
1 0.7973958333333333 0.7880208333333333 0.09270833333333334 0.09270833333333334
1 0.20781249999999998 0.8380208333333333 0.11562499999999999 0.08645833333333333
1 0.21041666666666667 0.16614583333333333 0.07916666666666666 0.11979166666666667
0 0.46822916666666664 0.18072916666666666 0.09270833333333334 0.18645833333333334
0 0.6541666666666667 0.35260416666666666 0.1625 0.10104166666666667
0 0.8557291666666667 0.4046875 0.146875 0.16145833333333334
0 0.6776041666666667 0.56875 0.084375 0.17083333333333334
0 0.4083333333333333 0.378125 0.17083333333333334 0.08541666666666667
0 0.21197916666666666 0.43124999999999997 0.09270833333333334 0.18541666666666667
0 0.43333333333333335 0.5979166666666667 0.1375 0.14583333333333334
0 0.24635416666666665 0.6546875 0.153125 0.090625
0 0.5869791666666666 0.8338541666666667 0.171875 0.12395833333333334
