1 0.6385416666666667 0.17760416666666667 0.0625 0.053125
1 0.9067708333333333 0.5208333333333334 0.07395833333333333 0.075
1 0.5723958333333333 0.8197916666666667 0.09895833333333333 0.08125
0 0.34010416666666665 0.18229166666666666 0.10520833333333333 0.12708333333333333
0 0.19114583333333332 0.4 0.096875 0.14375
0 0.4401041666666667 0.30104166666666665 0.09895833333333333 0.12083333333333333
0 0.7541666666666667 0.29322916666666665 0.125 0.12395833333333334
0 0.7432291666666666 0.5453125 0.13229166666666667 0.07395833333333333
0 0.5161458333333333 0.484375 0.11145833333333333 0.10833333333333334
0 0.40729166666666666 0.615625 0.14166666666666666 0.0875
0 0.2635416666666667 0.753125 0.11666666666666667 0.12708333333333333
0 0.7473958333333334 0.8479166666666667 0.090625 0.14583333333333334
