1 0.21354166666666666 0.39166666666666666 0.0625 0.08125
1 0.5130208333333334 0.4375 0.08645833333333333 0.058333333333333334
0 0.32916666666666666 0.3 0.13333333333333333 0.08958333333333333
0 0.37395833333333334 0.4666666666666667 0.10833333333333334 0.09791666666666667
0 0.24010416666666667 0.5885416666666666 0.07604166666666666 0.12916666666666665
0 0.41562499999999997 0.7213541666666666 0.10208333333333333 0.121875
0 0.615625 0.7083333333333334 0.07708333333333334 0.13541666666666666
0 0.728125 0.6588541666666666 0.07708333333333334 0.140625
0 0.503125 0.5380208333333333 0.125 0.07395833333333333
0 0.6416666666666666 0.31614583333333335 0.11666666666666667 0.078125
1 0.6885416666666666 0.4875 0.058333333333333334 0.07708333333333334
1 0.2796875 0.7380208333333333 0.07604166666666666 0.090625
