1 0.4067708333333333 0.08125 0.09479166666666666 0.06666666666666667
1 0.6630208333333333 0.42604166666666665 0.090625 0.07083333333333333
1 0.69375 0.91875 0.08125 0.0875
1 0.2791666666666667 0.7515625 0.08958333333333333 0.10104166666666667
0 0.19635416666666666 0.14583333333333334 0.14895833333333333 0.09583333333333333
0 0.5822916666666667 0.14895833333333333 0.13333333333333333 0.10416666666666667
0 0.603125 0.2875 0.13541666666666666 0.07083333333333333
0 0.4239583333333333 0.29791666666666666 0.0875 0.12708333333333333
0 0.296875 0.35052083333333334 0.13125 0.09895833333333333
0 0.4421875 0.43124999999999997 0.11770833333333333 0.09375
0 0.5416666666666666 0.5645833333333333 0.07708333333333334 0.15416666666666667
0 0.10052083333333334 0.5036458333333333 0.109375 0.13854166666666667
0 0.3 0.5838541666666667 0.08541666666666667 0.13229166666666667
0 0.825 0.35260416666666666 0.09375 0.15104166666666666
0 0.8390624999999999 0.6276041666666666 0.06770833333333333 0.159375
0 0.6666666666666666 0.7114583333333333 0.075 0.15416666666666667
0 0.43906249999999997 0.8114583333333333 0.08229166666666667 0.14166666666666666
