0 0.19166666666666665 0.21822916666666667 0.10833333333333334 0.14479166666666665
0 0.3359375 0.3015625 0.103125 0.17604166666666665
0 0.23020833333333332 0.49583333333333335 0.14166666666666666 0.13958333333333334
0 0.1796875 0.6598958333333333 0.14479166666666665 0.13229166666666667
0 0.5015625 0.10833333333333334 0.16354166666666667 0.09166666666666666
0 0.7192708333333333 0.1578125 0.08020833333333333 0.16979166666666667
0 0.6583333333333333 0.36875 0.14583333333333334 0.09583333333333333
0 0.44479166666666664 0.5619791666666667 0.08125 0.15729166666666666
0 0.6697916666666667 0.5864583333333333 0.10416666666666667 0.1375
0 0.8677083333333333 0.5098958333333333 0.10416666666666667 0.153125
0 0.6552083333333333 0.8182291666666667 0.15 0.103125
0 0.4 0.8468749999999999 0.175 0.0875
1 0.7541666666666667 0.6859375 0.09791666666666667 0.09479166666666666
1 0.90625 0.28072916666666664 0.08541666666666667 0.084375
2 0.4895833333333333 0.39166666666666666 0.03333333333333333 0.0875
