0 0.315625 0.221875 0.08125 0.14166666666666666
0 0.5760416666666667 0.2864583333333333 0.14375 0.08333333333333333
0 0.85625 0.31145833333333334 0.12708333333333333 0.10833333333333334
0 0.875 0.521875 0.08125 0.13125
0 0.4166666666666667 0.39947916666666666 0.16041666666666665 0.07604166666666666
0 0.27239583333333334 0.45625 0.12604166666666666 0.07083333333333333
0 0.5921875 0.6739583333333333 0.146875 0.08125
0 0.6901041666666666 0.8046875 0.14895833333333333 0.096875
0 0.4317708333333333 0.8067708333333333 0.10729166666666666 0.134375
1 0.36302083333333335 0.6109375 0.08020833333333333 0.06354166666666666
1 0.6453125 0.5307291666666667 0.065625 0.08854166666666667
1 0.8583333333333333 0.6880208333333333 0.08541666666666667 0.10729166666666666
1 0.5411458333333333 0.15625 0.057291666666666664 0.0875
