1 0.3927083333333333 0.334375 0.06666666666666667 0.04791666666666666
1 0.7203125 0.49166666666666664 0.07604166666666666 0.07708333333333334
1 0.896875 0.6739583333333333 0.08958333333333333 0.075
1 0.5640625 0.8494791666666667 0.06354166666666666 0.08645833333333333
1 0.20885416666666667 0.7552083333333334 0.096875 0.08125
0 0.225 0.3578125 0.14375 0.10729166666666666
0 0.459375 0.47760416666666666 0.1125 0.109375
0 0.33958333333333335 0.5833333333333334 0.10833333333333334 0.125
0 0.5463541666666667 0.684375 0.08645833333333333 0.13333333333333333
0 0.6744791666666666 0.7005208333333334 0.090625 0.13645833333333332
0 0.8046875 0.31875 0.15729166666666666 0.075
0 0.565625 0.2015625 0.08333333333333333 0.146875
