1 0.41041666666666665 0.1578125 0.075 0.09270833333333334
1 0.8260416666666667 0.5395833333333333 0.1 0.06666666666666667
0 0.284375 0.23229166666666667 0.15416666666666667 0.06875
0 0.196875 0.4145833333333333 0.07083333333333333 0.14375
0 0.4119791666666667 0.44895833333333335 0.16354166666666667 0.08333333333333333
0 0.6114583333333333 0.2875 0.09791666666666667 0.1375
0 0.7979166666666666 0.28802083333333334 0.15 0.084375
0 0.5947916666666666 0.5036458333333333 0.09166666666666666 0.146875
0 0.5536458333333333 0.7291666666666666 0.10104166666666667 0.14583333333333334
0 0.253125 0.6911458333333333 0.08333333333333333 0.15520833333333334
