1 0.3442708333333333 0.7145833333333333 0.08229166666666667 0.075
1 0.8864583333333333 0.7901041666666666 0.08958333333333333 0.090625
1 0.28541666666666665 0.14010416666666667 0.07916666666666666 0.11145833333333333
2 0.7197916666666666 0.21145833333333333 0.03125 0.09166666666666666
0 0.5489583333333333 0.1734375 0.09375 0.18020833333333333
0 0.7114583333333333 0.396875 0.13125 0.14791666666666667
0 0.3854166666666667 0.3307291666666667 0.15 0.09479166666666666
0 0.20625 0.571875 0.09375 0.18125
0 0.44687499999999997 0.4973958333333333 0.10208333333333333 0.146875
0 0.7098958333333333 0.6296875 0.159375 0.08020833333333333
0 0.6505208333333333 0.8421875 0.165625 0.11145833333333333
0 0.39739583333333334 0.8947916666666667 0.171875 0.10625
