1 0.5645833333333333 0.16614583333333333 0.1 0.07604166666666666
1 0.2994791666666667 0.3307291666666667 0.07395833333333333 0.096875
1 0.6104166666666666 0.5677083333333334 0.075 0.09375
0 0.34791666666666665 0.16822916666666665 0.14375 0.07604166666666666
0 0.7057291666666666 0.33489583333333334 0.10520833333333333 0.11354166666666667
0 0.578125 0.3989583333333333 0.1 0.12916666666666665
0 0.46197916666666666 0.5770833333333333 0.084375 0.15
0 0.253125 0.5322916666666666 0.11666666666666667 0.10416666666666667
0 0.315625 0.753125 0.10208333333333333 0.11458333333333333
0 0.8203125 0.6625 0.084375 0.16458333333333333
1 0.603125 0.7994791666666666 0.07916666666666666 0.06770833333333333
