0 0.39479166666666665 0.29583333333333334 0.12916666666666665 0.07708333333333334
0 0.7427083333333333 0.3078125 0.16041666666666665 0.090625
0 0.26979166666666665 0.4666666666666667 0.12291666666666666 0.13333333333333333
0 0.40729166666666666 0.5307291666666667 0.12083333333333333 0.10104166666666667
0 0.5479166666666666 0.45 0.07083333333333333 0.15
0 0.5703125 0.6223958333333334 0.06770833333333333 0.13854166666666667
0 0.4109375 0.7010416666666667 0.15104166666666666 0.07291666666666667
0 0.7213541666666666 0.5760416666666667 0.08854166666666667 0.14375
0 0.8786458333333333 0.7666666666666666 0.146875 0.09166666666666666
0 0.6989583333333333 0.7713541666666667 0.14791666666666667 0.078125
1 0.23124999999999998 0.7125 0.0625 0.052083333333333336
1 0.2453125 0.2895833333333333 0.06979166666666667 0.09166666666666666
1 0.5270833333333333 0.24479166666666666 0.06666666666666667 0.05416666666666667
