0 0.3765625 0.43645833333333334 0.06354166666666666 0.14583333333333334
0 0.49114583333333334 0.5421875 0.10729166666666666 0.12395833333333334
0 0.6588541666666666 0.4432291666666667 0.078125 0.14270833333333333
0 0.8510416666666667 0.5333333333333333 0.0875 0.14583333333333334
0 0.5322916666666666 0.7697916666666667 0.0875 0.1375
0 0.24791666666666667 0.7177083333333333 0.09583333333333333 0.11875
1 0.21875 0.2125 0.0875 0.08333333333333333
1 0.6 0.2875 0.075 0.08541666666666667
1 0.76875 0.3515625 0.07083333333333333 0.065625
1 0.6640625 0.6963541666666666 0.084375 0.09895833333333333
1 0.8192708333333333 0.7380208333333333 0.051041666666666666 0.065625
