0 0.33177083333333335 0.10989583333333333 0.13020833333333334 0.12395833333333334
0 0.6848958333333334 0.09010416666666667 0.06770833333333333 0.128125
0 0.5239583333333333 0.24739583333333334 0.08125 0.15520833333333334
0 0.2984375 0.2984375 0.14895833333333333 0.103125
0 0.12395833333333334 0.39947916666666666 0.13125 0.10729166666666666
0 0.31875 0.521875 0.09166666666666666 0.12083333333333333
0 0.4510416666666667 0.5494791666666666 0.13541666666666666 0.11145833333333333
0 0.55 0.6760416666666667 0.10208333333333333 0.11875
0 0.6666666666666666 0.44687499999999997 0.13333333333333333 0.10416666666666667
0 0.8786458333333333 0.5213541666666667 0.11354166666666667 0.11979166666666667
0 0.6760416666666667 0.6838541666666667 0.10833333333333334 0.11562499999999999
0 0.9005208333333333 0.7510416666666666 0.10520833333333333 0.11875
1 0.6114583333333333 0.884375 0.09166666666666666 0.08125
1 0.3416666666666667 0.784375 0.07708333333333334 0.07708333333333334
1 0.203125 0.6338541666666666 0.09583333333333333 0.078125
1 0.7265625 0.3625 0.06145833333333333 0.0875
