1 0.6140625 0.44635416666666666 0.08229166666666667 0.07395833333333333
1 0.18854166666666666 0.5552083333333333 0.075 0.06875
1 0.49895833333333334 0.7286458333333333 0.0625 0.07604166666666666
1 0.17239583333333333 0.7807291666666667 0.090625 0.09479166666666666
0 0.19166666666666665 0.30885416666666665 0.13541666666666666 0.11562499999999999
1 0.6890625 0.31354166666666666 0.103125 0.07083333333333333
0 0.3875 0.2625 0.0875 0.1625
0 0.5036458333333333 0.2359375 0.12604166666666666 0.109375
0 0.3989583333333333 0.4328125 0.16041666666666665 0.08229166666666667
0 0.4640625 0.5671875 0.13229166666666667 0.11354166666666667
0 0.37395833333333334 0.8265625 0.15625 0.084375
0 0.6859375 0.8624999999999999 0.09479166666666666 0.15208333333333332
0 0.8119791666666667 0.6703125 0.165625 0.10104166666666667
0 0.9041666666666667 0.4375 0.14583333333333334 0.09166666666666666
