1 0.4479166666666667 0.2994791666666667 0.07083333333333333 0.07604166666666666
1 0.7963541666666667 0.5234375 0.08645833333333333 0.071875
1 0.315625 0.7046875 0.07291666666666667 0.06979166666666667
0 0.19010416666666666 0.29375 0.13645833333333332 0.0625
0 0.29322916666666665 0.3921875 0.11354166666666667 0.12395833333333334
0 0.3875 0.5328125 0.16041666666666665 0.06770833333333333
0 0.5484375 0.39947916666666666 0.084375 0.14479166666666665
0 0.6322916666666667 0.3067708333333333 0.10208333333333333 0.11145833333333333
0 0.6364583333333333 0.54375 0.07708333333333334 0.1375
0 0.6776041666666667 0.7411458333333333 0.07604166666666666 0.134375
0 0.4869791666666667 0.7286458333333333 0.13020833333333334 0.078125
