1 0.4083333333333333 0.0984375 0.075 0.08020833333333333
1 0.7510416666666666 0.42343749999999997 0.0875 0.065625
1 0.6453125 0.8171875 0.07604166666666666 0.07395833333333333
0 0.23229166666666667 0.14895833333333333 0.11666666666666667 0.12291666666666666
0 0.19427083333333334 0.31979166666666664 0.153125 0.07916666666666666
0 0.4302083333333333 0.2296875 0.12916666666666665 0.11145833333333333
0 0.6328125 0.2994791666666667 0.08020833333333333 0.15104166666666666
0 0.9109375 0.4046875 0.08645833333333333 0.146875
0 0.8541666666666666 0.5791666666666666 0.15416666666666667 0.10625
0 0.759375 0.6963541666666666 0.12916666666666665 0.109375
0 0.6135416666666667 0.5197916666666667 0.125 0.09583333333333333
0 0.4203125 0.4515625 0.08645833333333333 0.14479166666666665
0 0.4453125 0.6223958333333334 0.109375 0.12604166666666666
0 0.24739583333333334 0.5052083333333334 0.071875 0.13333333333333333
0 0.209375 0.6848958333333334 0.11875 0.15729166666666666
0 0.303125 0.8494791666666667 0.15625 0.07604166666666666
0 0.5088541666666666 0.8953125 0.15104166666666666 0.09270833333333334
