1 0.4239583333333333 0.43645833333333334 0.05 0.06666666666666667
1 0.7859375 0.275 0.084375 0.0625
1 0.8802083333333334 0.5041666666666667 0.07916666666666666 0.06458333333333333
0 0.40208333333333335 0.1953125 0.13125 0.10729166666666666
0 0.29375 0.3927083333333333 0.10416666666666667 0.12916666666666665
0 0.29635416666666664 0.5760416666666667 0.15520833333333334 0.07083333333333333
0 0.6135416666666667 0.22708333333333333 0.12083333333333333 0.08958333333333333
0 0.6005208333333333 0.37135416666666665 0.153125 0.078125
0 0.7244791666666667 0.5432291666666667 0.109375 0.11562499999999999
0 0.7109375 0.7296875 0.11979166666666667 0.12604166666666666
0 0.4817708333333333 0.7041666666666666 0.10729166666666666 0.12916666666666665
0 0.2828125 0.7416666666666667 0.159375 0.08125
